2.54805	-1.30219	-0.293995	0.264277	-1.6033	0.921805	0.202131	-1.28151	-1.49621	0.80066	-1.13741	-1.08733	0.278129	-0.769076	-0.292628	-0.683476	0.566492	0.19811	1.41445	1.52979	
-1.76134	-0.185962	0.609905	1.26004	-0.976122	1.96299	-0.569091	-0.10115	-0.803867	-1.2653	-0.605887	-0.145084	0.911241	0.205307	0.892544	0.791755	0.423885	-0.206688	-0.815754	0.744523	
-0.029711	-0.840454	0.153469	1.72011	-0.233081	-0.0614619	-1.22306	-0.441529	0.685793	-0.00626719	0.0305619	-0.0328704	-1.2342	-0.465907	1.4722	-0.372745	-0.0968869	-0.567287	-0.582195	-0.588101	
0.772279	0.142546	0.640331	-0.682751	0.378546	1.05157	0.992012	-1.60324	-0.230728	0.281703	-0.2928	0.653048	-0.318566	1.00291	-0.943405	0.735839	-0.627347	-0.343728	-0.550221	-0.591296	
-0.829583	-0.633186	0.189272	0.231875	-1.01968	-0.614673	-1.01341	0.91954	-0.875912	0.225406	-0.708298	0.481618	0.188252	2.19244	1.01299	-0.0138177	-0.233832	-0.441292	0.745149	0.923109	
0.728513	-1.51171	-0.26909	-0.250139	-1.91037	-1.15307	-2.86733	1.62828	-0.765247	0.576513	2.76841	-1.5017	-3.38677	-1.21308	0.579116	1.14857	-3.24581	0.688032	-0.71283	-4.583	
-0.171931	-1.8401	1.96123	0.790444	-0.486299	-0.617422	-0.46842	-0.936973	1.61045	-0.604353	0.208633	0.084066	-0.923295	-0.643472	-0.495132	1.74213	0.730905	-1.121	-0.340388	1.56227	
0.348141	-1.02754	0.427721	-0.323669	-0.614594	0.457207	-0.110314	0.0522785	0.193866	-1.50507	0.760191	-0.681798	-1.08731	1.67879	-0.911404	0.851426	-1.35311	-1.7727	-0.239895	0.484278	
0.666179	0.8436	-1.10812	-0.0831557	0.017213	-0.879237	-0.457918	1.42487	-0.21127	0.723387	-0.300817	-0.986593	-0.389744	-1.59828	-1.62947	-0.799506	0.644676	0.212433	0.17231	0.622105	
-0.0674532	1.04894	-1.28762	0.0980384	0.224891	1.14197	1.68552	-0.540663	1.56156	-0.803007	-0.345354	0.851272	-0.610614	1.05942	-0.0856212	0.285922	-0.523711	0.14884	-0.472838	1.62082	
-1.33776	0.212137	0.236477	-1.17164	1.01297	-0.154041	-1.19952	-0.203219	-0.582157	-0.250686	-0.800619	0.176197	1.66614	-1.37344	-0.281978	-0.828421	0.43732	-1.78106	0.532487	-0.0968079	
-0.597287	1.07088	-0.74002	0.0773449	0.124364	-1.05562	-1.51479	0.209427	0.116483	-0.322135	0.719509	1.67908	-0.301421	-0.679427	0.466106	-1.65418	-1.532	0.861211	2.07058	0.327251	
-1.16497	0.091732	-0.0140718	-0.0233037	-0.726033	0.582937	-0.557643	1.57118	-1.76996	0.214996	-1.32579	0.90014	0.0862105	1.24041	-1.22785	-1.36378	-0.202826	-0.801812	1.60221	0.204034	
-2.03248	0.0265097	-0.905492	1.79014	0.494647	-1.81178	0.386241	0.831942	1.45079	-1.06189	-1.70441	0.784099	1.58104	0.953366	0.767687	0.955327	-0.416602	1.18242	0.745368	0.692765	
-1.06026	0.0123671	-1.84444	1.01291	-1.51956	-0.37574	0.289331	1.50743	-1.17487	-1.3604	0.526571	-1.64613	1.11161	-0.457515	-1.63981	0.849567	-1.00738	1.09607	0.421272	-1.23128	
-0.707041	-0.817935	-0.268246	0.856995	0.988495	-0.654362	0.607531	0.256954	-1.62135	0.802984	0.915755	0.546985	0.461685	0.406515	-1.00177	-0.808351	0.213244	-1.83039	0.914114	1.07108	
0.382932	1.649	-0.113291	4.31091	-0.811298	-5.05888	-5.32987	4.75724	3.96598	-1.28673	1.77661	7.16404	-3.76753	15.02	-3.13185	-6.72123	-3.12055	-11.484	-6.14798	9.36561	
0.234058	0.22482	-1.09648	-0.848247	2.23353	0.232373	-0.865537	1.9405	2.03296	-0.178376	-0.658144	-2.21811	-0.544512	-1.46801	1.62249	-1.10114	2.34142	-0.328956	-0.514972	-1.46865	
0.946179	-0.443302	-1.91967	-0.451066	-0.375562	0.243988	-0.0962004	0.359885	0.358174	0.327219	-0.443155	1.30877	-1.07492	-0.0777535	-1.75769	-0.61963	-1.0878	0.0143559	-0.919091	-0.685134	
0.752819	2.94808	-1.94565	2.30827	1.70258	-6.6728	-1.47375	1.5409	3.51434	-2.38977	1.31319	4.14987	3.00894	12.6564	-2.08034	-7.17807	0.557439	-8.15441	-4.1555	10.0121	
1.78909	-0.94012	-0.0333148	-1.47885	0.474831	-1.25579	-1.26626	-1.21668	0.620371	-0.333372	0.623879	-0.854109	1.27933	-0.283807	0.641138	1.15836	0.0673971	-0.670654	-0.577672	1.54624	
1.98284	0.184299	-0.110265	1.05496	0.819873	0.408133	-1.09143	0.231362	-2.5511	-1.23295	1.43426	1.89381	-1.093	-0.0869462	-0.667587	-0.889763	1.22361	0.35408	-0.978694	-0.669256	
-0.574351	-0.490106	1.43806	-0.647032	0.0455884	-0.615309	-0.742389	0.328868	0.226944	2.29272	-0.0938498	-1.16973	0.525152	-0.100454	-1.77731	1.33576	-0.647348	0.311274	-0.710294	-1.25557	
-1.90547	0.780169	0.517429	1.4399	-0.00302981	0.125232	-0.453344	-0.309365	-3.11367	-0.705433	-1.61148	-0.392578	2.45335	2.01858	-0.11657	-0.533126	0.460168	-0.854081	1.8718	0.00835478	
-1.16048	0.797598	-0.151595	0.0752775	-1.61994	-1.46158	-1.90207	-0.109147	-1.07281	-1.14729	-0.0102485	3.32898	-0.858643	-1.32504	0.708273	-1.15935	-0.817242	-3.0499	0.411777	0.684392	
-0.234931	0.990945	-0.268491	0.174626	1.07856	-0.0027687	1.33125	2.0996	-0.71586	-0.478825	0.595949	-0.935194	0.0319579	1.13831	-1.06345	-0.893133	-0.196123	1.87363	0.901474	0.952226	
0.874552	0.211581	-0.465083	-2.03209	-0.264471	-0.176225	-0.453177	1.43951	0.0231172	0.169997	-2.55535	-0.5331	0.521882	-0.065422	1.15442	0.550644	1.66518	0.60486	-0.0068919	-0.17274	
-0.00552841	0.343535	-0.755753	-0.141599	-0.942185	1.05475	0.818609	0.941094	0.776387	-0.747351	0.12801	-1.22954	-0.0577834	-0.0508627	1.08373	-0.875026	1.10655	-0.766071	-0.318793	-1.21019	
0.0252325	1.91423	1.20496	-0.490578	-1.92479	-0.44534	0.670441	-1.90893	-0.1498	-0.0884966	0.689885	-1.71273	-1.54923	-0.162414	0.897343	0.885	0.547374	-0.68325	-1.43615	-0.0262951	
0.49395	-0.474162	-1.39965	1.00687	-1.54217	0.0371537	-0.161807	0.160988	-2.71904	0.888457	0.0803326	-0.631056	1.23284	-0.0717551	0.382643	0.314281	-0.742904	-1.70093	1.13126	0.902802	
-0.482776	0.0278009	-0.407815	-0.93182	-1.58672	-0.093943	-0.00516525	-0.161919	0.0508869	-0.176635	-0.0422456	-0.507529	0.109147	-1.73892	0.362459	0.843392	-0.700428	-0.838326	-0.453274	1.20402	
-1.38661	0.471246	-0.226561	-0.396593	0.502838	-0.45166	-0.14002	0.517388	-1.32388	0.331982	0.466616	-1.22543	1.04198	-0.560593	-0.759488	-0.765305	-0.277589	-0.0693483	0.324055	-0.355915	
-1.00275	0.856327	-2.831	3.81222	-0.431829	-4.95526	-3.40099	3.68855	2.70744	-0.354348	3.66643	5.94321	-5.29152	13.478	-1.2073	-6.3541	-1.19955	-7.05586	-4.40924	7.50277	
0.086531	-1.86124	0.510067	-2.82384	0.829058	2.02815	2.26633	-2.41042	-3.40637	-1.41234	-2.04809	-5.64265	3.86544	-11.0402	3.42618	4.42654	1.91725	7.17459	5.79839	-6.92445	
-0.415186	1.08223	-0.256718	-1.05338	0.849078	-0.811571	1.71136	-0.512055	1.25702	0.757072	1.82438	1.05095	1.15417	1.37071	-0.328013	0.942565	1.94203	-0.503444	1.13356	1.41359	
0.686997	0.142552	0.45506	0.289146	-0.09243	-0.44617	-0.764267	1.30927	0.530332	-1.04425	2.10666	-0.0185091	-1.75366	-0.816768	-0.561005	-0.275307	1.47797	-1.53773	0.904743	-0.803508	
-1.43723	-0.144273	-0.408702	0.335042	1.66186	1.12178	1.43352	-0.354836	-0.412296	-0.133221	-1.50669	0.743468	-0.772364	1.4063	-1.03617	-0.51597	-0.462429	0.843533	1.17734	-1.21374	
0.531654	3.19479	-2.71061	0.452114	0.882651	-2.51649	0.154775	2.30769	1.3794	-0.261744	3.21586	1.48318	-0.517513	7.39702	-2.67182	-3.71262	-1.66353	-3.94975	0.63632	2.25113	
1.642	-1.53707	0.138304	-0.298147	-0.582117	0.722565	-1.36117	0.819859	1.39422	0.78718	-0.804283	-0.0659042	-1.59703	0.0736896	2.08557	0.225655	-1.78904	-0.469757	2.11388	-0.535704	
-0.320433	-0.000135154	0.688634	-1.01757	1.20374	-1.99835	-1.30633	-1.1393	1.02204	-1.39378	-0.872561	0.505695	2.03099	0.0857238	1.2898	-0.590329	0.874309	0.00197558	1.90459	-0.241425	
-0.859158	-1.82546	1.06262	-0.937473	-0.838072	-0.591044	0.439955	-0.93725	-0.456875	-1.91635	-0.164366	1.08395	-0.27925	-0.105787	-1.19768	1.13487	-1.83335	1.42678	-1.81795	-0.307467	
1.05579	-0.0454349	-1.64133	0.325047	-0.789453	0.199853	-0.963312	-1.05542	-0.00884224	-1.43223	1.17657	0.467265	0.104105	0.60854	-0.00582041	-1.90622	0.538028	0.163065	-0.722109	-0.793666	
-1.24197	-0.0136726	0.378568	-0.654784	-1.59689	-0.229677	-0.0584582	0.722075	0.814063	0.739474	-0.626243	-0.657843	1.73071	0.45391	-0.54029	0.926695	0.815806	0.585849	1.69368	-0.866691	
-0.689978	-3.71154	3.07384	-3.5725	0.0376244	5.601	3.25393	-5.58969	-2.30375	0.906959	-4.16867	-6.79978	4.47925	-16.3882	2.53691	7.52534	-0.128958	11.1941	5.05311	-9.83245	
-1.62863	1.14078	1.26324	-0.582034	0.323102	-1.66088	0.656179	-0.779968	0.70207	0.12828	-0.672494	0.417661	0.39276	1.31966	0.872796	-0.0752287	-0.173319	0.795962	-2.45445	0.0112218	
-1.50094	-0.884202	1.44451	0.0253001	-0.0193404	-0.109379	0.785063	-0.0136565	0.158287	-0.379794	0.746027	-1.02346	1.2646	-1.30192	1.20178	-0.721694	-0.932892	0.931348	1.42042	-0.714434	
-0.586599	0.700709	0.793775	-1.07434	0.445381	-1.82249	1.15804	-1.28129	0.632095	0.183484	-1.93922	1.21554	0.764322	-0.378384	1.50691	0.440628	0.492265	-1.45559	-0.694551	-0.288132	
0.140966	-0.650515	0.407574	0.019253	-0.00146551	0.116731	1.0212	0.61494	-0.971542	1.23926	-0.735299	-0.519377	-1.55219	1.49355	1.05446	-2.75939	0.870753	-0.690399	0.84647	0.821713	
1.28419	-1.59926	0.0386365	-0.376712	-0.402337	1.8682	1.63537	-0.906248	-0.320731	-1.22996	-1.56071	-3.02539	2.22165	-5.41979	1.24808	3.39326	0.50212	5.2553	1.21833	-3.27639	
-1.30138	0.999858	-0.649106	-0.388283	-0.38157	0.303607	0.148356	-0.623803	1.16006	0.481493	-0.116048	-1.05355	0.420486	-1.06718	-0.486094	-1.34568	-1.36327	0.172534	0.300354	-0.667505	
-0.480125	-0.440813	2.62294	2.14286	-2.24942	3.38913	-2.80083	5.7092	-2.53866	1.25043	1.03928	-2.59148	-5.75778	-0.630329	-0.164915	3.11184	-4.35068	0.354068	-0.228774	-7.5748	
-0.831812	2.94848	-3.07311	5.37682	-0.207637	-5.70629	-3.821	5.60041	3.36672	-0.920698	4.27923	8.20587	-7.34483	19.7252	-4.39558	-8.53885	-2.71725	-13.5889	-8.61798	12.2093	
-0.239191	2.07449	-1.34659	0.19774	0.0142287	-0.591574	1.88335	-0.0704626	0.471915	-0.678696	0.767619	0.757913	0.285952	-1.46365	-0.558776	-0.0449461	-2.09527	0.83571	-1.13899	-0.38889	
-1.42536	-0.172952	0.200343	-1.92155	-0.490876	0.723619	0.18238	-0.235408	-0.0940065	-0.943302	-0.0534862	0.319085	0.91669	1.69958	1.03348	-0.169082	0.408027	-0.444078	-1.09751	-0.609804	
0.355271	-1.83143	0.752837	0.758849	2.32745	0.10914	0.269097	1.76828	1.63451	0.794152	-0.301323	-0.0480157	-0.105415	-0.0120864	-0.42978	-0.188664	-0.936633	-0.647327	-1.65263	1.41255	
0.036605	0.74804	0.715437	-0.302161	1.35466	0.909756	0.320126	-2.25329	-1.48903	-0.0996513	-0.510033	1.54024	0.0463658	-0.430813	1.13617	2.05162	0.60206	0.583234	1.21198	-0.36995	
-0.427985	0.891436	-1.03524	0.519194	0.105323	0.038411	-0.765967	0.622009	0.455465	0.336219	-1.6663	0.417713	0.670764	-1.77654	-1.27608	-0.419638	0.816563	0.232266	-1.6563	-0.954912	
1.07435	0.0352932	-1.89984	0.561818	0.0368399	0.44597	-0.282781	1.64236	-1.09816	-0.200952	-0.63748	-1.21893	-1.32571	1.53123	-0.292046	-0.178008	-0.352746	2.89987	-0.00573246	-0.314597	
0.253393	-1.18442	0.52475	-0.961243	-0.244795	1.93878	-0.21475	-0.893533	-2.00166	-0.0659143	0.136237	0.190313	0.637066	-0.71635	0.487969	0.380539	0.922518	-1.46393	2.13772	-0.50509	
1.23551	-1.57479	3.11121	3.18434	-5.43639	4.38986	-3.44282	4.51868	-2.79117	2.60705	1.81922	0.487915	-9.2931	0.628979	-1.52106	2.86821	-5.1533	0.137944	-0.702695	-9.62759	
0.493863	0.16944	-0.721162	-0.304668	-1.18874	0.992592	-0.126994	-0.666059	0.803045	-0.150555	-0.288843	0.71683	0.957827	-0.888922	-0.30346	-0.158749	-1.21666	-0.369681	1.0859	1.359	
-1.27363	0.143458	0.00243106	-1.40943	-1.24273	0.162434	-1.05211	-0.395963	0.496264	-1.87575	0.512723	-0.185417	1.12973	-0.405037	1.99663	-0.684503	-0.176724	-1.24727	-0.364086	0.67019	
0.681026	-0.304766	-0.895056	-0.643525	-0.409996	-0.826293	-0.144726	0.341248	-0.31743	-0.550025	-1.16581	-0.764198	-0.25207	-0.255534	0.228132	0.604734	1.21722	-0.214665	2.68884	0.576468	
0.337286	1.18846	0.0691831	0.643806	-0.268792	-0.0307125	-0.165607	-0.332752	0.0585154	0.681914	-1.39739	0.244313	1.49267	-0.443385	2.34402	0.933911	-0.783382	1.07033	-1.29826	1.47091	
-1.74046	-0.0125127	0.664385	-0.380654	0.867663	1.06434	1.26452	0.471756	0.955802	-1.23605	-1.58309	-0.0700687	-0.176705	1.23987	-0.40947	0.776369	0.525332	0.388383	-0.111545	-0.0958589	
-1.29386	0.658912	-0.130407	0.02846	-1.44891	0.118496	-0.0585877	-0.998479	1.38565	0.178202	-0.080684	1.59032	-1.29633	-1.09364	0.693908	1.21778	0.0388089	-0.706481	0.0329828	-1.04079	
-0.593378	0.320271	1.55116	-0.258239	-0.987874	-1.09203	-1.05518	-0.0971384	-0.377649	2.21689	-1.2968	0.974191	-1.20231	1.44923	0.65826	-0.842362	-0.767988	1.76235	0.0133636	0.596837	
0.364068	-1.43068	0.890867	0.40848	-0.158115	-0.5635	1.27031	1.31868	0.47582	0.883298	-0.384355	-1.14306	-0.319966	-0.540514	-0.359834	-0.0898087	0.954717	0.164133	-0.741018	-0.474849	
-0.619517	1.7843	0.072689	-0.294406	0.111717	0.0950811	0.282158	0.549313	-0.323361	0.632771	-0.448108	-1.45945	-1.1106	-1.53185	0.426675	1.10783	1.46555	-0.1057	-0.0572634	-0.530117	
-0.525572	1.40734	-0.0299401	-2.01523	-0.491696	-0.799259	-1.09859	1.61561	1.16747	-0.18346	0.981926	1.38252	0.427485	-0.857575	-0.691384	1.86401	0.223212	2.50675	1.14844	-0.183447	
0.939929	2.25764	-1.31377	2.12224	-0.181873	1.22107	-1.3659	0.0940267	-0.839664	2.4399	-0.793806	0.653714	1.80948	1.41162	1.76837	-0.815605	-1.17296	-1.84801	-1.91352	0.402013	
-0.317107	1.66385	-1.58781	-1.54754	7.85517	-6.45232	3.11661	-7.30358	2.21624	-5.54897	-1.34733	1.5021	12.6716	0.12941	4.38951	-5.29285	7.0703	-0.512721	0.546136	14.1983	
2.26394	0.0740035	1.47804	1.6653	-0.752193	0.12576	-1.78991	0.519729	-0.891613	0.284327	-0.165369	0.666153	1.48437	0.693139	-0.109023	0.339794	1.46935	-0.12736	-1.03969	0.402241	
0.926835	-0.135205	0.521625	-0.17303	1.20443	-0.627172	0.757647	-0.107915	0.21599	-0.19586	-1.43799	0.436867	0.0254135	-0.147043	0.181641	1.01517	0.729869	-1.0281	0.440452	-0.739133	
-0.513275	1.72286	-0.171598	-1.28845	-0.825861	0.465834	0.217898	-1.25655	-0.619237	0.547335	-0.487474	0.55748	-0.550295	-0.926566	0.96527	-0.133246	-0.418556	-0.985926	0.545951	0.818863	
0.63531	-0.452369	0.342635	0.046227	2.60244	1.72956	3.5249	-1.65942	-0.351824	-0.501149	-0.204696	-0.863679	2.18902	-5.35193	-0.499752	0.84766	0.512221	2.59268	1.95356	-2.00581	
-0.970923	-0.129407	0.750601	0.0270572	1.14663	0.437988	-0.143127	-1.23977	-0.104015	1.26169	1.14485	0.977179	-1.66082	0.701904	1.94732	-0.584801	1.93008	-1.23288	-0.179216	1.82837	
1.35062	-0.302429	-0.977626	0.438065	1.88968	1.02028	0.89413	1.28857	0.376865	0.561333	-2.3403	-1.12702	-0.919182	-0.142566	0.935616	-0.201075	1.09248	-0.55213	0.0161701	1.04877	
2.5466	-0.248765	-1.65631	0.650711	-0.132747	0.978067	-1.18458	-2.0651	-0.715836	-0.385463	-0.238589	-0.937701	0.0362755	-1.13949	2.10385	-1.14363	0.48537	-1.57987	1.38641	1.0174	
0.210021	-0.210284	1.4942	-0.637433	-0.479025	-0.00434556	0.824014	-2.12194	-0.735914	0.314692	-0.901159	1.63942	0.243708	0.476594	-0.901132	1.59866	-0.167082	0.293091	0.0373299	-0.860214	
-0.775146	0.492414	-0.835022	1.15396	-1.63448	0.674012	-2.85514	-2.189	-1.92183	0.426665	1.30024	0.160247	0.681538	1.74124	0.0810206	-0.169938	0.669444	0.560772	0.742689	-0.47115	
-1.1767	1.035	-0.39908	-1.39872	-0.543086	1.5354	0.834309	1.08644	-0.857427	-1.24829	0.0279819	-0.267087	-1.245	-0.362191	-1.09893	0.978935	1.24591	0.505005	-0.13945	-1.84295	
-2.36684	0.970693	0.740756	-0.46508	2.19612	-0.111233	-1.42518	-0.586494	1.15723	2.42257	0.443115	-1.17316	1.50099	-0.468393	1.52814	0.371212	-1.14223	-0.175122	-0.85699	1.26281	
0.689535	0.735265	-0.910729	0.776294	0.55353	-0.193008	-0.26877	0.839248	-1.68741	1.20942	0.533041	-1.24983	-0.841406	0.296279	0.980785	-0.969981	-1.41034	1.28294	-0.356748	-1.02681	
-1.86129	2.62313	0.0745688	-0.0295507	-0.57733	-0.273583	-0.0499271	-1.35759	-0.328578	0.223364	-0.0850317	0.852031	-0.00800111	-1.06648	-0.435451	-0.958263	0.612995	0.348145	-0.306903	0.62992	
-0.794415	0.393893	-1.0214	0.637662	0.697987	0.537407	-2.29558	0.812725	2.03059	-0.907489	-0.00893144	0.153366	0.509104	-1.94038	-0.143374	-1.61829	-0.534816	-0.804456	1.08339	-0.176769	
-0.423973	-1.78776	0.142276	-1.2906	-1.31622	-1.04491	-0.741236	1.40694	0.77803	1.62903	1.01404	-1.12215	-0.578959	0.83991	-1.1701	-1.20303	1.68826	-1.90433	1.78575	-0.00637839	
1.71568	0.131475	-0.116808	1.00549	-0.0813801	-0.555413	0.51247	0.403637	-1.30718	0.0233771	0.23202	-1.08928	0.155987	1.06657	0.0249049	-0.312263	1.98095	-0.477749	1.43094	-0.910261	
1.08566	-0.334525	0.34912	0.77989	1.82524	1.39543	-0.953587	-0.524641	-0.965459	0.387882	-0.130013	-0.779278	-0.0124847	2.2301	0.634666	-1.23752	-0.64491	1.05722	-0.34509	-1.40847	
1.61323	-0.697128	0.513771	0.856701	0.222675	1.17979	-0.0426074	-0.981462	-0.686663	1.54074	-1.29581	0.406697	0.32974	-0.440754	1.28477	0.49989	0.982401	0.823998	-0.85543	0.603931	
1.19399	-0.803997	1.27375	-2.54198	1.95533	1.94355	3.10113	-2.36569	-1.43613	-0.914641	-3.19471	-4.3293	1.99232	-7.93337	0.598417	3.10589	1.31258	7.08122	3.60102	-5.52184	
1.16545	-0.306636	-0.851257	-1.53555	-0.841866	3.05378	0.992533	-2.05091	-1.72407	-2.13371	-2.27107	-4.05997	3.29664	-6.46853	2.21252	3.0939	2.43486	4.13378	2.1071	-3.30278	
-1.4367	-0.542342	-0.774789	0.0309448	-0.480972	0.894618	-0.184842	-0.504629	0.0979731	0.543044	-0.279513	-1.74008	0.966723	0.00404503	0.35129	0.898856	-0.00270702	-2.10695	-0.770652	-1.98225	
-0.453007	2.03969	0.0911781	0.979217	-0.265	-0.635418	0.478835	-1.65274	-1.19386	0.410367	0.0804033	-0.724789	-2.62674	-0.393766	-1.96847	-0.326202	0.604995	0.609584	-0.812337	1.49116	
0.788961	0.787578	1.6633	-0.459771	-2.32609	1.93723	1.10859	-0.442666	-0.605003	-0.625653	0.724358	-0.702169	-0.580357	-0.556887	0.0811748	-0.544221	0.37876	1.56371	-0.416805	0.802103	
0.978028	-0.298229	-0.279537	-0.744071	-1.05211	-1.1407	-0.207077	-0.367413	-1.05898	-2.12167	-0.749256	2.00171	1.1512	-0.604586	-0.378934	-0.382093	-1.29092	-1.51698	0.838726	0.491441	
-0.923673	1.69929	0.775954	-0.351824	0.195384	-0.623647	0.38855	0.339244	1.14496	0.566772	0.927045	-0.581877	-0.58388	-0.0161013	1.35786	-0.154035	-0.220468	1.61788	0.890724	-2.09276	
0.719055	1.38131	0.0184607	0.263135	0.355463	1.9956	1.30609	0.264135	0.424957	-0.514674	-0.0193299	-2.06781	1.58216	0.258285	0.411921	1.28444	-0.805449	1.73669	0.998341	0.190165	
1.39092	1.11266	-0.156854	0.911414	0.294848	0.946881	-0.353094	0.515615	0.310283	0.888164	0.0291427	0.966437	-0.240024	-1.28967	-0.688696	-0.274551	-0.92775	2.032	-0.888021	-1.04765	
-1.40584	1.64677	-0.739049	0.0174154	4.79307	-4.01002	2.20747	-4.3634	0.358624	-2.49126	-2.26346	1.80361	7.27213	-1.48205	1.99967	-4.63711	5.72301	-2.19628	0.0346331	8.90315	
-7.39392	3.80525	2.93793	-0.0395517	-8.89996	-1.41646	-0.899643	2.28325	-0.630171	2.08187	-4.02161	7.66659	-0.30296	9.02386	-0.445717	0.0752447	4.03942	-15.4711	-3.61294	-5.28691	
0.163583	-0.0308242	1.90108	0.435006	1.82607	-0.885904	1.12633	-0.338907	-0.25068	-0.266413	-0.950423	1.57326	-0.209267	2.70438	0.270006	0.318274	1.92962	-1.27077	-0.217372	1.65735	
1.23843	-0.35785	0.235917	-2.59795	-0.404408	-0.982666	-1.52453	-1.47278	-2.94763	1.62662	0.094827	1.8731	-1.37458	1.33016	2.69029	2.81434	0.925094	-0.675841	-0.313008	-0.657479	
0.351462	-0.507872	-0.788109	1.24672	1.03057	-0.0855319	0.428008	0.739842	0.927948	-0.2284	0.334494	-0.582317	-0.0460656	1.31632	0.254483	-1.18957	-0.548612	-0.528844	0.375982	-0.0601822	
0.305785	-0.19034	-1.69391	-0.641144	-0.0101378	-1.34924	0.0899161	0.548383	2.54654	1.17462	1.01156	-0.0178699	-1.55945	1.29298	0.103605	0.141631	0.332048	-0.0315984	1.31577	-0.832129	
2.01798	2.16903	1.37993	-0.622995	0.322356	0.906587	-0.110094	0.202036	-0.952433	0.173168	-1.42238	-0.584735	0.28546	-0.496556	0.517267	0.305698	0.935584	0.42664	-1.09042	1.4764	
-0.314523	0.511538	0.266812	1.13458	-0.686924	0.740707	-0.735838	-0.572361	0.305136	0.676873	0.957398	0.49712	0.608917	0.441942	-0.0421183	-0.60238	-0.00732154	0.39249	0.520438	-0.835064	
-0.847333	2.06573	-0.492605	-0.869571	-0.120645	-0.886938	-0.773184	1.68432	-0.559224	-1.09215	1.49792	1.35629	-2.89227	-1.26859	-1.09969	1.66724	1.74306	1.88197	0.443465	3.04041	
1.7091	0.957181	-0.903637	-3.36322	2.62281	-4.73475	3.27392	-4.38944	2.06527	-2.21133	-1.21418	0.677565	7.99004	0.812899	0.947541	-3.95358	5.89379	0.358811	0.866288	7.35383	
7.25733	-3.6288	-12.8081	-1.17075	-2.4698	-2.3121	-0.152793	3.31239	-0.225911	5.18035	-3.74913	4.30587	-6.8616	-3.99116	14.8823	6.54419	-4.54692	-9.07557	-5.88841	0.783039	
-6.28184	2.79749	10.3029	0.546141	2.69095	2.4988	0.295938	-0.274941	0.722563	-3.15755	0.759409	-3.04199	2.60423	3.18335	-8.33516	-2.6689	0.958075	6.77226	3.11761	0.873252	
1.0307	1.49644	-0.954139	1.50579	-2.05645	0.604443	0.54536	-0.45062	0.533548	-0.814963	-2.29946	-0.818887	-1.29864	0.334083	0.872082	1.09277	-0.344856	-0.535379	0.653353	0.403066	
-1.13826	0.0593265	6.60329	2.34444	-0.256177	1.08497	-0.370059	-0.857932	-1.68691	-1.61526	2.59191	-2.61698	-3.02669	1.91163	-3.50462	0.0247973	0.671057	3.09149	1.09022	-5.9706	
0.672231	-0.759819	-0.832561	-0.476968	1.12619	-0.109965	0.372372	0.769854	-0.624865	-0.503044	-1.26595	0.442572	3.59134	-1.0271	-0.541658	-0.432488	1.35885	1.62034	0.127935	1.81662	
-1.34881	-0.138125	-0.0991058	0.606044	0.66666	-2.1799	0.893797	-0.956059	-0.824561	-0.740899	-0.280658	0.989601	1.95303	-0.489804	0.6161	-1.03708	0.34619	-0.958576	0.774668	-0.296686	
0.00496203	2.32723	-2.42862	-2.8528	5.72049	-4.45113	4.3556	-5.92578	2.49279	-1.83568	-1.12841	3.06564	9.53384	2.53902	2.2616	-4.18825	7.13064	-2.2675	-0.39233	12.7133	
-0.206617	1.73548	-1.2388	-1.461	-0.00983244	0.0717977	1.21566	-0.596947	-1.60784	-1.47831	0.142537	0.705287	-0.357926	0.871307	-0.606486	-1.27819	2.11802	-0.418172	0.335816	0.93208	
0.00782003	-1.14326	0.194842	0.0958767	-0.889151	0.520025	0.805261	-1.08598	0.730583	0.0373203	0.746651	-0.6004	-1.66111	0.742216	0.770158	-0.608085	-1.14621	-0.594799	-0.21218	0.974384	
1.21917	-0.280512	-0.0538243	-0.320484	-1.10406	-1.25025	1.47601	-1.5948	-0.213737	-1.38908	1.05267	0.0025475	-0.145509	-0.127497	0.368935	-0.197448	0.647886	2.14201	2.01818	0.329008	
0.854598	0.512341	1.3213	0.581678	-3.59154	2.75396	-1.58146	1.59592	-3.00854	2.05732	0.759723	-1.39052	-4.91929	1.1177	-1.45061	1.15857	-2.38538	-0.672458	-0.210527	-6.77682	
1.22033	-1.38236	0.518956	0.303003	0.103521	-0.754044	0.0613401	1.93659	0.127384	1.11926	1.31952	0.787222	1.06065	0.371223	-0.239555	1.54216	0.283205	1.83763	0.742325	-0.450125	
0.897021	0.396091	3.3243	-4.61516	1.45979	-5.54167	0.758025	-5.71782	-8.44632	3.01171	-0.758227	-0.416055	-0.671725	9.35101	5.72808	10.0745	2.14238	0.838598	-4.23917	-7.67571	
-0.85333	0.761935	-0.869379	1.84443	-0.705891	-1.89903	1.38555	-0.847276	-0.913048	0.778378	-0.995115	0.296095	0.0870747	2.60877	0.872432	0.420594	1.19103	-0.724667	-0.7479	-0.528113	
-1.45817	-0.446779	0.376363	1.07739	0.45747	0.485559	-0.763776	1.16294	-0.534679	0.850059	0.667224	0.0624993	0.339836	-0.371159	0.442754	0.744353	1.82946	-2.33094	-0.19556	-0.693711	
-0.45397	-0.456873	-0.536617	1.71844	-0.943987	-0.879701	-0.206961	-1.11275	0.348373	-2.54145	-0.255137	-0.6015	1.9993	0.249107	0.256785	0.607022	2.19021	1.71609	-0.0732884	-0.49794	
0.987846	-1.74065	0.0360047	-1.37066	2.63319	0.0417136	-0.881731	-1.7612	0.049987	-1.85687	1.22693	-1.14942	-1.61375	-0.684988	-0.179233	-0.216444	0.531612	0.714806	0.879694	0.00325192	
0.44248	-0.125881	0.0732259	0.734243	0.935606	0.801322	0.423318	0.066071	-0.415915	0.922531	0.873811	0.156043	-1.70869	-1.11087	0.43116	-1.04386	1.45171	-1.26771	-1.13659	1.54696	
-1.70434	-0.540164	-1.40976	0.306291	1.06386	0.262303	0.198859	0.343425	-1.03933	-1.90824	0.727782	-0.949771	1.65727	-1.28477	-1.31747	0.391364	0.183079	-0.173578	-0.493547	-0.516867	
-6.17114	4.63029	12.9981	0.320301	3.66583	2.75123	2.716	-4.07708	0.122173	-5.74432	3.45511	-6.05495	6.41346	3.76771	-14.7254	-5.77251	2.80247	8.09386	8.65438	1.89195	
0.615247	0.220587	-0.969828	1.07905	-0.211516	-0.329733	0.21867	0.0644992	-1.01692	1.52813	0.77882	0.557567	0.491272	1.01986	-0.32966	-0.163899	-0.479772	0.157626	0.129847	-0.996209	
-1.68987	0.363473	-0.0753639	0.160886	0.616049	0.619632	0.343249	1.73767	-0.817349	1.91805	-0.624824	2.41013	-0.318585	1.73682	-0.50058	0.586981	1.46542	-2.33775	-0.599485	0.391067	
-4.38844	3.80566	2.84489	1.55613	-7.68903	-3.26531	-0.282504	2.53723	0.500583	0.9666	-3.53953	7.93958	0.780417	8.93579	-0.0366584	-1.57574	3.5794	-11.6499	-1.23396	-4.16127	
2.74483	0.310076	3.19659	-6.93069	2.59727	-8.39005	-1.12777	-7.57517	-15.8203	3.0079	0.395493	0.114121	-4.12435	11.1038	9.80178	14.7652	3.2118	-0.472967	-6.41813	-8.8115	
3.13148	-4.35659	-5.23061	-2.30442	-0.986497	-0.737219	-0.477565	1.403	1.14738	2.54628	-1.86074	3.86755	-2.73817	-2.81352	5.27954	3.29025	-2.58471	-3.40463	-3.83342	-1.57821	
1.29945	-1.47743	-0.819359	0.827704	0.722733	1.15645	-1.03113	-1.19589	-1.9663	-1.03602	-1.89017	0.450952	1.42806	0.838466	0.876354	-0.751047	-1.00578	-0.879969	-0.413597	0.238323	
4.8323	-2.9255	-1.67294	-3.56413	-0.425055	-5.93317	-0.936634	-3.54157	-6.36776	3.75178	-0.323656	0.701796	-1.34978	5.02492	9.21491	10.0025	0.260949	-2.82776	-5.52942	-3.72859	
-0.265853	0.107582	1.12474	0.596952	-0.761648	0.588773	-0.0571488	-2.27359	0.0782091	0.846113	2.22812	-0.837264	0.350103	-0.794674	1.14113	0.865617	-0.919412	-1.01337	1.21854	0.0810956	
-0.128748	-0.0419089	-0.989447	1.099	-0.879623	-0.509019	0.129404	1.21312	0.741142	0.115345	0.58592	-0.995925	0.0719994	0.98793	-0.62112	0.678831	-1.39306	-0.318697	-0.322795	-1.06403	
-0.689945	1.3619	-0.746456	0.180792	0.519798	-0.133684	1.07942	-0.279048	-1.19288	3.60089	-0.664306	1.07246	-0.74823	-0.746849	-0.185495	-0.239156	0.868254	-0.536925	-3.28917	-0.132892	
-1.66232	-0.18211	-1.45466	-1.36619	-1.14283	0.834876	-0.23873	-2.94647	-1.27936	-0.0383027	2.72093	0.64742	-0.835896	-2.04294	-0.765826	0.668285	-0.678784	-0.70527	-0.577082	1.06961	
0.257957	1.26185	0.59547	-2.79919	-1.91607	-0.753748	0.398194	0.11806	-0.497929	-1.74071	-0.760937	-1.81097	-0.532568	0.24211	-0.389354	-1.31096	-1.82023	0.415223	1.2215	-0.202151	
6.06229	-4.17739	-9.01776	-0.260634	-2.5678	-1.69197	-0.570943	2.12717	0.18329	5.3218	-2.25463	1.55268	-5.22035	0.535	10.1187	3.7132	-3.09842	-5.46102	-3.84817	-1.55738	
1.49034	0.591843	1.41832	-0.158144	-1.18932	-0.223666	0.619908	1.36025	-1.02287	0.615647	0.544652	-0.473373	0.968205	-0.300095	1.86909	-0.899148	-1.47624	-0.283599	-0.921682	-0.99831	
0.909885	0.825803	-0.837692	0.69973	-1.67605	-0.958084	-1.08848	-0.602744	0.326008	-0.87726	-0.577595	1.42346	0.464247	0.363911	0.986305	-0.17999	-0.189325	0.289323	1.52363	0.0518263	
0.355839	-0.691459	-0.887712	0.693087	0.717683	-1.62895	-0.633696	0.517387	-0.156837	-0.822056	-1.28445	-0.919795	0.614447	0.0594994	0.165927	-0.276791	-1.19529	-0.30885	0.552972	0.271541	
1.78805	0.414226	0.0481281	-0.126215	-0.736762	1.7023	1.55109	-1.46435	-0.533694	0.867242	2.1054	1.05852	1.34262	0.532171	0.143107	-0.707279	-0.0905804	-0.164771	2.66552	0.450175	
-1.8419	0.497131	1.25262	0.636234	-0.786384	1.47499	-0.581451	0.990622	-1.10635	-1.19685	1.8326	-0.614654	0.759334	-0.94585	-0.293087	-0.111506	-1.25412	0.51485	0.651241	1.32531	
-0.608211	0.316679	-0.454938	-0.291287	0.278998	0.865612	1.34966	-0.57199	1.58549	1.08151	1.24915	1.49587	-0.236984	0.296696	0.0489432	-0.213594	-0.118504	1.12623	0.404273	-0.714039	
-0.542686	0.355428	1.00576	1.89537	-1.49059	4.26883	-0.87415	2.51451	4.82168	-1.29146	1.51088	-0.661263	1.22076	-4.61013	-2.22748	-5.33053	0.649753	-0.367547	1.36378	4.08459	
3.03444	-0.79869	-0.548183	-1.24203	0.814319	-0.445022	0.715586	-0.0305065	0.772321	0.831521	-1.25564	0.526439	-0.752733	0.400223	-0.0758453	-0.294831	-0.638552	1.28232	1.44756	-0.259125	
-1.23397	1.0859	-1.79973	1.07052	-0.494557	-0.192899	-2.09008	-0.184116	-1.79625	1.53727	1.27372	0.520355	-0.141948	0.446886	-0.147577	1.34477	0.99671	0.335444	1.29232	-0.0133237	
-0.302213	0.48232	-2.5922	-4.96687	5.65997	-3.78207	3.09517	-5.54062	2.64346	-2.21447	1.22394	-0.389631	9.43635	-1.16784	1.81122	-3.4627	5.86799	-0.817958	2.47744	12.3446	
0.291616	-1.8751	-0.522307	-0.18388	0.983829	1.95228	-0.371294	-0.470801	-0.118573	1.41416	1.45977	0.931185	1.65566	-0.55879	1.04916	0.590031	-1.20209	-0.552067	0.99412	1.20698	
3.14926	-2.01088	1.71303	-8.87999	3.30325	-9.07162	0.646888	-7.52757	-9.45804	3.17315	-0.0589196	1.9555	-2.20598	10.1916	6.30229	11.6265	3.16433	0.163087	-3.89236	-8.13763	
1.26776	0.207311	0.742747	-0.929959	-0.641727	0.697707	-0.447908	0.0118042	-1.0393	-0.517775	0.640395	0.813276	0.0698329	-0.122324	0.0608533	-0.936177	1.01605	-1.05567	0.00222973	-0.394741	
0.0770259	0.58549	2.33543	2.24503	0.088646	2.17718	0.922235	0.188035	-0.857757	-0.340387	-0.529095	-1.13783	1.25798	-0.750552	-1.57289	-0.372463	0.586822	1.10548	-1.09359	-0.519467	
-0.012735	1.84922	0.512151	0.537366	0.0889437	-0.341593	0.887237	0.266338	0.285082	-2.6344	-1.73141	2.1083	1.93032	0.161992	-0.40322	0.666091	0.300148	0.735542	0.528632	-0.125489	
1.50966	0.47675	1.09264	-1.09688	-0.359833	-0.213323	0.81953	-0.479131	1.85529	-0.845281	1.69317	-2.12109	-0.788304	0.186254	0.645932	-0.766832	1.42364	1.47299	-0.864754	0.253478	
1.23173	0.135375	-2.2671	-0.118929	-0.706417	0.244318	1.53328	0.0793937	-1.13482	1.84761	0.570762	0.734504	-1.8824	0.0294166	0.285887	0.497607	1.29969	0.976301	0.882147	0.362081	
0.803494	0.996689	0.455296	-1.71835	0.466681	-0.419925	0.200587	1.67787	-1.07001	0.436672	-1.44672	-0.70281	-2.27241	1.35821	0.996789	-1.54295	1.61344	-0.535141	-0.308659	0.0577747	
0.346954	0.306101	-0.312039	1.1717	-1.99722	-1.63317	-1.26069	-0.0896146	-0.0112233	0.175228	-0.938971	1.16036	-1.42663	-0.531474	-0.746706	0.0386554	-1.82393	0.514068	-0.832803	0.596866	
-1.99439	-0.307217	-0.901071	0.758962	0.300592	-0.786631	-2.11881	-0.185365	0.321744	0.864242	-0.808687	1.0591	0.566138	-0.137424	-1.05569	-0.0218016	-0.170878	-0.879032	0.131983	2.17055	
-0.986843	-0.443874	-0.494663	0.638693	-0.0150665	0.658478	-0.105232	-1.07455	-1.92646	0.528107	-0.433285	-1.98548	1.69976	-1.15561	1.10829	1.52939	-0.8996	0.606503	0.747486	1.63203	
1.26541	-1.31319	1.52727	-0.419815	1.63353	-0.474727	0.628433	-0.953836	-1.33528	-1.80339	1.10907	1.29936	0.0761511	-1.11963	-0.349658	1.26809	0.149542	-1.13768	0.782767	1.18878	
-0.661321	0.318784	-1.04406	0.145568	-2.51134	0.305032	0.0167144	0.687305	0.717091	-1.44543	-0.588425	-1.92106	0.0228067	-1.38947	-0.814631	-0.606345	-0.636354	0.355024	0.938362	1.73859	
-1.55977	-0.435311	-1.05187	-0.358305	-1.21455	0.528614	-0.779488	1.0237	-0.163579	0.516631	0.398414	0.461654	-0.530946	-0.179728	-0.829056	-0.251274	-0.0468294	-0.242153	0.859031	-0.274729	
-0.390781	-0.831057	0.795264	2.90455	-6.44972	3.94843	-2.97538	5.43194	-1.90872	2.51762	0.862921	0.125504	-8.80621	-1.50802	-2.70448	5.01903	-6.1682	2.97565	0.796541	-11.5606	
-1.65209	-0.258227	-0.163683	2.3065	-2.05993	4.13791	1.18436	2.18728	5.37285	0.0792995	-0.662826	-1.46101	1.9741	-5.35095	-2.134	-3.59922	-1.53551	-0.825552	1.54664	2.17414	
2.89586	-4.27005	-6.62782	-1.6437	-1.37581	-0.357283	-1.6813	0.680846	0.469302	2.04906	-2.7736	1.73468	-3.64419	-1.90785	5.70002	2.72732	-3.36659	-3.67089	-5.49187	-2.4395	
4.42611	-5.4203	-5.83203	-0.360905	7.29705	2.75021	2.50486	-3.20503	-0.529043	-2.10956	2.90036	-8.25088	-0.319711	-9.38899	0.193494	-1.35615	-2.81125	13.681	5.65465	4.52183	
-5.10054	2.9045	5.88181	-0.540355	-0.234202	1.8467	0.349106	-2.1883	-0.0651879	-2.63477	1.80063	-1.36835	2.95929	1.97174	-5.60144	-3.09967	1.57242	3.72386	4.13578	-0.255425	
0.291323	0.774027	-1.16462	0.423208	1.2344	2.79457	-0.175032	1.41726	-0.665491	1.42091	0.648969	0.79918	0.547446	-0.417558	0.41234	-1.41062	0.168221	2.88148	-0.860616	0.790221	
-0.663123	0.0607746	0.372474	-1.30047	-0.0542991	-0.215778	0.157238	-0.251064	-1.11275	1.37922	-0.727756	0.700109	1.79145	0.313743	2.1485	0.0403353	0.774742	0.890818	1.19249	0.974249	
-0.375776	-0.562097	0.808093	0.380193	-0.508046	0.847556	-0.730581	-0.0907444	-1.88365	0.563195	0.376772	0.510881	-1.14789	-0.521178	-0.185906	0.437996	-0.0149317	1.04962	-1.18969	-0.640676	
2.34747	-0.911509	-2.8167	-7.00091	4.21186	-7.28811	1.40452	-7.95988	-5.59652	0.644077	-1.97383	2.43536	3.42932	5.58162	9.42492	6.402	5.53909	-1.83796	-5.12493	4.71142	
-0.860267	-0.883665	-0.712872	0.234947	1.3848	0.362205	-1.62672	-0.465651	0.462013	-0.606979	1.3553	-2.78619	0.740815	-0.446947	-0.965174	-0.257339	-1.30204	-1.12065	-1.03231	-0.686411	
0.336155	0.690116	0.687058	0.136324	0.215811	-0.534903	-0.0888656	1.34793	1.86977	-1.87195	0.830499	-0.257607	-0.692911	1.26875	-0.149787	1.87042	-1.88726	-1.05144	-1.46839	0.160003	
0.332786	-0.547875	-0.475136	1.77839	0.107417	-0.363452	1.61432	1.23049	2.09285	0.305392	2.07488	-0.768695	0.189242	-1.44418	-0.818259	-0.818533	0.442316	-0.0342388	1.41941	0.0514044	
-7.74302	5.3905	5.66622	1.477	-11.1393	-3.62763	-1.55887	3.61605	0.681828	2.66024	-1.19527	8.67234	-0.99366	11.3865	0.104287	0.112047	3.85387	-16.3289	-4.91558	-3.42666	
1.58603	-2.46699	1.49793	-2.88046	-1.97358	-1.91979	-1.54828	-0.815682	-9.47651	5.00783	0.551289	-0.83009	-10.9604	10.0029	4.47039	13.6096	-3.52214	0.00330563	-4.59342	-14.7609	
2.76423	2.25703	4.40682	-5.88067	2.78244	-8.04383	-1.517	-4.26363	-9.0117	1.42203	-0.844961	0.567514	-1.92808	10.2456	6.19047	10.7362	2.53707	-1.13967	-4.51468	-6.00984	
1.10509	1.43399	-0.995911	-0.0756338	0.699506	2.23558	-1.29662	-0.43813	0.389563	-0.406206	-0.0764115	0.574676	-0.668894	-3.20741	1.41174	0.648256	0.962821	-0.633368	0.295031	-1.52475	
-0.921895	-1.44543	-1.90036	-1.30344	-0.641817	-0.771795	1.77712	-0.334118	0.410693	-0.609345	-2.18013	0.0112991	1.06123	0.0744384	1.47589	-1.68988	-0.000521327	-0.827264	0.747535	0.423931	
0.233917	-0.109882	0.0735385	1.54486	1.19452	1.80845	2.00035	2.03032	1.00844	-0.545035	-1.55689	0.726382	-0.0258412	-1.06988	0.537743	0.993665	1.16145	-0.334984	-0.363749	-1.10883	
-0.600443	-0.602009	0.0395195	-0.241383	-0.370657	0.33082	0.0892576	-2.24573	-0.808265	-1.10444	1.3957	-0.0586441	-1.65636	0.152058	-1.68557	-0.427636	-1.18796	0.498531	0.639766	-0.945364	
-0.565382	-0.598267	-1.12799	0.331075	0.162478	0.541741	0.961853	1.38472	-0.770699	0.784745	1.78201	-0.676295	0.0868931	0.639573	2.4475	0.937766	1.3678	-1.19382	-0.0293755	-0.257196	
0.0673346	-0.0744028	1.3599	0.0887695	-1.86409	-0.0969014	-0.295254	0.120941	0.183764	2.19066	0.664195	0.375769	0.0358743	0.730834	-1.28913	0.390682	0.0464709	0.282893	-0.786579	0.230039	
0.390672	-0.674276	-0.913811	1.54741	0.317577	-0.34931	-0.156001	0.380126	0.200596	-0.528363	-0.51617	-0.0779677	0.536993	-0.142003	-1.00377	0.0450093	1.18698	0.935012	-0.39988	-0.800407	
0.0119474	0.398017	0.538001	0.596216	0.416426	-0.527256	-0.326783	-0.955906	0.0912568	0.943825	0.234967	1.1849	0.552869	-1.49754	-0.400131	-0.485042	1.37555	0.765792	-1.64249	-1.54078	
1.83765	-0.126913	1.15007	-0.650203	-1.486	-0.448457	-1.09655	-0.464501	-0.299715	1.04799	-0.237349	-0.811352	-1.64613	-0.29368	1.54713	0.117756	-1.28288	1.71604	0.527936	0.160606	
1.43513	0.307451	-0.0942663	0.241981	-2.19495	-0.142513	-1.63529	1.28168	-0.185295	-1.62778	0.896955	-2.1233	-0.762383	-0.294926	2.03961	0.612596	-0.561895	-1.36917	0.225249	0.661737	
-0.973937	0.136305	1.52827	0.334889	0.923041	0.261165	1.72371	0.103522	-0.0766469	-0.446732	-0.660436	1.16957	-0.217458	0.00146911	-1.16072	-0.754089	-0.579184	0.0575892	0.845599	1.45982	
-0.282126	0.937473	-0.411822	-0.4873	-0.840046	-0.0828468	-0.604457	0.220148	0.846337	-0.644229	1.64476	3.40856	-0.291639	0.831591	-2.61659	-0.416946	-1.49653	-0.391143	0.387567	0.644977	
-0.0771856	1.4089	-1.46451	-0.553797	-0.893162	1.34545	-1.14889	-1.55008	1.55198	-0.230265	-0.0466126	-1.46048	0.738559	-0.158865	-1.23807	-0.056728	0.0430398	-0.488007	-1.3727	0.306631	
0.497446	-1.00583	1.11618	0.508042	-0.596579	-0.56107	1.56548	0.262888	-0.554433	1.45316	1.00576	-1.81391	-0.207733	-1.65583	-1.09136	-0.254919	-0.394701	0.821819	0.429053	-0.0596927	
1.54629	-1.28318	-0.933201	-0.737906	-0.219609	-0.410333	0.693704	-0.539045	-2.10484	0.25931	-1.40688	0.180499	-0.614657	-0.630767	2.75791	-1.40858	-1.05918	-0.451984	-0.217786	-2.62688	
0.60645	0.396592	0.816086	0.866169	0.083613	0.501035	2.02579	-1.30612	0.873784	0.375373	-1.49871	-0.215024	-0.670873	0.966162	1.76584	-0.297272	0.232629	0.0669612	-0.914842	0.610752	
1.69043	0.351743	-1.48536	0.367946	1.07219	0.173969	-1.03352	-1.13991	-1.32275	-0.534815	-1.64879	-1.12662	1.6673	-0.294104	1.13594	0.411588	-0.13669	0.534759	-1.43021	0.317369	
-0.463347	-0.0863898	-2.67319	-0.0193778	1.32522	-0.0761351	1.18043	-0.60671	1.98436	0.606753	0.231091	-0.947183	-0.332265	-0.353082	0.47873	0.151665	-1.54579	-0.323869	-0.685941	-1.71842	
-0.160394	-0.484936	-1.39467	-1.06287	0.527356	1.28541	-0.954845	-0.832157	1.40792	1.34716	1.18744	-0.192784	0.204223	0.775196	-0.138171	-0.0159906	2.26019	-1.10167	-1.86978	0.677686	
0.283768	0.865648	2.97481	-1.64992	0.514549	-0.119413	-0.17426	0.20554	-1.1753	-1.73619	0.0404158	1.03727	0.238448	-0.281721	-0.598288	0.0443385	-1.6545	0.245792	-0.0560871	-1.36659	
0.217049	-2.27597	1.22708	-0.247964	0.886975	-0.54257	-0.464758	-1.33865	-0.48795	0.232838	-0.773671	0.441861	0.359282	1.67216	-0.856277	1.68114	1.10875	-0.253647	-0.596571	0.277257	
3.01466	0.281848	1.80952	-3.83178	0.967839	-6.63072	0.0516624	-4.09802	-7.3115	2.32578	0.224389	-0.110997	-2.79747	8.25518	4.99653	11.117	3.43448	0.9361	-4.10379	-6.8777	
-0.448379	-1.11117	0.9455	0.598149	-1.72127	0.173859	-1.01727	-1.53414	-0.399294	1.92075	1.23401	-0.582144	0.0175297	0.951759	-0.192967	2.36584	-0.00908196	1.25438	1.80108	0.766198	
2.10148	1.26926	-3.06118	1.7027	1.02111	-7.85311	-0.610812	-0.0536754	4.88657	-2.21946	2.20372	-2.64439	-0.61349	5.18994	-1.77689	-2.25567	-0.603555	-1.87017	0.422579	1.51956	
0.497258	0.659739	0.329042	-0.261701	1.30052	-0.257858	0.952365	0.706205	-1.3113	1.01376	-0.390095	-0.716011	1.20559	1.50819	-0.891238	0.200098	0.10842	0.756552	-0.542837	-1.59948	
-0.884559	-1.03482	-0.981241	-2.02933	-0.210263	0.563452	0.651479	-1.38113	-1.59898	1.97988	0.779773	0.107524	-0.403426	1.55172	-2.66878	-0.466562	0.137833	-1.47242	-0.857131	-2.28589	
0.202779	1.10117	-0.412534	-0.290911	1.75274	-0.850251	0.533465	-0.0116754	0.77841	0.257016	-1.45296	-0.422425	0.735365	-0.985455	-0.146528	-1.02595	0.48273	0.38077	-0.201029	0.685204	
1.90602	-0.561604	0.669266	1.7919	1.67604	-1.07792	-0.244543	-0.207191	3.01816	-0.304756	1.07046	-0.665277	-1.96279	1.15332	0.406821	-0.415739	0.3744	-0.479103	-0.661843	1.52094	
1.84977	-0.457933	-2.72555	-1.04287	-0.15561	-1.12971	0.841	3.03606	1.71698	1.07913	-1.53418	0.886321	-0.41092	2.45751	4.95126	-0.148322	-2.74265	-2.63432	-2.61041	-0.225946	
0.881884	-0.51011	0.985541	0.8272	-0.731453	0.245917	0.162563	-0.576273	-1.61713	-0.0997705	-0.544642	0.231682	-1.8103	0.878687	-0.208599	1.93007	0.0307498	0.121073	0.0696295	-0.393643	
1.92617	-1.09755	0.244692	2.34559	-0.20409	0.408902	2.31882	-0.244752	1.2041	-0.648054	1.25786	-0.439655	-0.538491	-0.571116	0.735494	-0.146823	1.95287	-0.0505411	1.12583	-0.238035	
-0.120491	0.0805815	-1.2156	-0.48919	-1.92938	-0.368719	0.654966	1.17064	0.691048	-0.32395	0.503913	-0.965088	1.01698	-0.406305	1.32163	0.468899	0.00266287	0.0245047	0.681828	1.22734	
0.345513	1.11813	1.68681	1.12862	-0.557866	1.30286	0.752857	0.983538	-0.974351	0.394298	0.950795	-1.14459	2.08709	0.421531	0.997316	-0.922052	0.838411	1.31514	-0.485556	0.696442	
0.562164	0.490763	1.69858	0.105746	0.21577	0.233834	-1.46395	0.140078	-1.16029	-0.0404272	-1.75043	0.0773403	-0.0885528	1.53194	-0.811993	-2.14724	-2.05671	-0.898997	-1.4449	-1.71243	
3.73621	-2.31923	-8.31	-1.62615	0.565635	-1.87411	-1.36507	1.4486	-0.739959	3.2319	-2.26111	2.98744	-2.75298	-0.325097	5.66164	2.75152	-2.5218	-3.2469	-1.98887	2.37037	
-0.614816	-1.18474	0.17793	-2.60948	1.44167	-0.264037	0.0971426	-1.40367	-1.05035	-0.851154	-1.04869	-0.396939	0.0877103	0.051691	-2.49658	-0.761364	-0.23165	-0.61345	-0.463429	-1.18572	
-0.165608	-1.47968	-0.340064	1.92142	0.591015	-1.02601	0.199	1.53609	1.64919	0.337708	1.89531	0.68141	-0.0162843	0.705866	0.857551	0.166877	-0.653668	-1.09241	0.276687	0.585961	
0.336179	-0.408816	-0.36842	0.696741	0.148821	0.128613	0.567002	1.26076	-1.69939	1.63043	-0.116299	0.0879899	1.47758	0.074401	-1.4543	1.47801	0.331776	0.0918989	0.782684	-0.886234	
-0.0477537	-1.42759	0.515197	1.07263	-0.156973	-0.0282293	0.0858316	1.28421	0.0794605	1.572	0.649999	1.31886	-0.5989	0.505454	-0.644212	0.0189522	-0.03718	1.48358	-0.439779	-1.02004	
0.379787	0.218762	0.377547	-0.305554	1.67375	-0.587995	1.49807	-0.274528	-0.123695	0.497839	-1.01505	-0.0960437	0.299603	2.23592	0.9218	0.852909	-0.636244	-0.366685	2.68483	-0.0557625	
-0.522063	0.138191	-0.188571	0.92091	0.674209	-0.558789	-0.174294	-1.20724	-0.792656	-0.153198	1.48328	-0.302692	-0.519088	0.0985555	-2.28006	-0.8854	0.479167	0.270007	0.736229	1.20009	
-1.45791	1.40865	2.85143	-0.815263	2.25519	3.0013	0.80118	-2.39706	0.332279	-0.892026	1.98768	0.490081	1.58485	2.8504	-2.24018	-0.40815	0.318473	1.14696	0.741907	1.81133	
-0.415122	0.442317	0.940963	1.41408	0.616851	-1.44662	-1.11047	-0.694082	1.53561	-0.872008	0.8424	-0.550335	-0.919275	0.54728	0.401847	-0.275003	0.225407	-0.128604	0.890389	1.48992	
3.11223	-0.814932	-3.49233	1.42059	-0.92139	-0.147098	0.406034	0.881758	-0.397602	0.0636858	-2.05444	0.546417	-2.69513	0.42519	1.03223	0.846076	0.508156	-2.55045	-0.145039	0.674379	
-1.4229	-0.422347	1.78156	2.23196	-0.805298	0.199789	0.101669	-0.495476	0.474216	-0.705024	0.107524	0.516978	1.25699	-0.82285	-2.60618	-0.908516	1.40079	0.623161	1.57496	-0.373797	
0.285149	-0.784335	-0.303665	0.849336	0.500384	-0.702629	-0.592017	-0.00286706	-0.764368	-0.2559	1.1481	1.2926	1.25463	2.17218	-2.25053	2.16677	-2.45583	0.718845	-0.570004	0.499562	
0.920497	-0.109295	-0.173088	0.625636	0.250938	-0.483604	0.756685	-2.17766	-0.559715	-0.541026	-1.53887	0.440351	0.443254	-0.0124588	-0.503975	0.056982	-1.25922	-1.10017	-1.04596	0.99594	
1.43899	0.405643	2.07436	-3.45031	0.89663	-3.01711	0.658623	-3.40237	-3.72769	2.80495	-0.363013	0.774036	-3.44855	4.70523	3.85099	4.09193	0.00374595	-0.741664	-1.66103	-4.11469	
0.0102005	0.672736	0.857679	0.603662	-2.47414	-0.176023	0.079824	-0.114526	-0.113554	0.441278	2.07301	-0.394342	-0.378481	1.49303	0.730937	-1.16659	0.132739	0.505131	1.43929	1.44101	
-1.18166	0.0774439	-1.16753	0.467559	0.629022	-1.23942	1.11167	0.100887	0.0775679	-0.144031	0.687786	0.117131	1.13956	-1.32977	0.489076	-0.703967	-0.392469	-1.94468	1.03609	-0.245643	
0.542199	0.352526	0.934547	-0.226553	-0.269515	-0.820985	0.466102	-0.660654	0.918268	0.138231	-1.10688	-0.247419	-1.89226	0.584425	-0.122765	0.217703	-2.04448	-0.897293	-0.900808	0.856391	
3.87166	-4.8883	-6.51283	-0.0217523	-1.08391	-1.11989	-2.82038	2.28178	1.94962	3.363	-1.7445	2.39735	-5.05857	-1.24791	5.68476	4.05063	-3.53044	-5.71722	-4.16242	0.0156857	
1.51247	1.52271	-1.05075	0.154466	-1.59638	-0.605664	-1.71938	-2.33351	-0.312528	-0.297246	1.87131	-0.391833	0.344867	1.0126	-2.06355	1.26588	0.993096	-1.23687	-0.725145	-0.366518	
0.313814	0.434125	-0.388505	-1.33944	0.600969	0.00700349	1.07826	1.06234	-0.23817	0.973365	0.067812	-1.1622	-1.82746	0.049138	-0.168632	0.347351	-0.533973	-1.14572	-0.0837987	1.04562	
-0.822961	-2.89104	1.55674	-1.22614	-0.929327	1.17815	0.181164	-1.37218	0.410311	-0.238584	0.683839	3.20002	-0.125148	0.805621	-1.34764	1.07845	-0.243753	2.1437	-1.17044	-0.729851	
0.597379	-0.908573	0.506416	1.5343	-1.53311	-0.0718207	-0.202602	1.62507	-1.36086	1.70281	0.275363	0.0413104	-0.414607	0.291135	0.96016	-0.401812	0.788165	-2.00687	1.01478	-1.0876	
5.56853	-3.90672	-8.82763	-2.15108	-0.988474	-1.91842	-1.97065	0.981971	2.08257	4.01571	-3.05662	3.3335	-3.49861	-0.664623	8.08354	3.10317	-2.95156	-3.5146	-3.70689	-0.96015	
0.459774	2.59994	-1.45712	0.0484272	1.44088	-1.23989	-2.06548	0.105852	-0.70617	1.24403	-1.1397	-0.686984	2.86222	0.447576	0.584028	0.036288	0.311644	-1.18981	-0.972922	-0.131322	
0.363469	0.903225	-0.3688	0.122148	-0.190685	0.970578	-0.0563149	0.0563073	0.342733	1.77021	0.792107	1.01541	0.302193	-0.660008	1.7294	0.366555	1.35024	0.618349	0.884558	1.04096	
-7.23828	3.0524	8.05791	1.26595	1.95204	2.345	1.98507	-3.43147	-1.25083	-2.53923	2.43151	-3.32355	3.33417	3.65464	-9.58332	-3.29938	4.5392	6.00357	5.36053	-0.486836	
1.74756	-1.58249	-3.54668	-1.45187	0.442212	0.652595	0.0501968	2.70318	1.61612	1.24693	0.4641	1.7488	-1.55299	0.695586	2.01022	-0.359595	-1.55924	-1.36517	-1.9888	-1.19052	
-1.24113	-0.199445	0.390426	-0.320967	0.226629	-0.264892	-1.16954	0.347814	-0.284289	0.834176	-0.2259	-0.28166	0.24897	0.142323	0.634307	-0.458706	-0.672899	-0.940534	-0.226621	-0.0799785	
2.45271	0.868226	0.910307	0.671282	-0.00848827	1.76068	0.401598	1.58763	-0.311023	0.740202	0.245274	0.207402	0.931643	1.9131	-0.355471	0.619632	0.243771	-0.304166	0.861768	-0.180671	
-0.881022	0.508787	0.481726	0.770549	0.298182	-1.70594	1.1205	-0.709338	-0.462921	1.29544	0.171818	0.271555	1.37024	-0.930401	-1.80842	0.0904878	-1.38883	0.327612	0.820183	-0.848197	
-0.528229	-0.139506	-0.190601	3.21103	1.59926	0.136856	0.622119	-0.861265	-0.0108093	1.23376	-0.545192	0.386634	1.11445	-0.442009	-0.477809	0.718195	-2.3498	0.439381	-0.284594	0.11898	
0.0628959	0.964239	-1.02994	-0.474284	-0.566436	0.0193282	0.714506	0.21173	-0.365813	0.676563	0.546056	-0.116991	-0.323067	0.0179367	0.0415146	-0.631583	-0.77372	0.725919	1.17407	-0.543256	
0.992227	0.442461	-0.4994	-0.250316	0.730153	-0.407684	0.978874	-0.758099	0.247569	1.07886	0.409956	0.967529	-2.21199	0.330356	-0.082242	-1.31318	-1.30852	-0.916228	0.755286	-0.367022	
-0.967712	0.0206753	1.62714	1.37483	-0.395789	-0.20475	1.05604	0.48291	0.299449	-0.828254	0.661061	-1.51517	0.366025	-1.509	-0.732418	1.49535	-0.196658	0.515753	-0.13403	-0.737942	
1.11976	0.227105	0.711327	-0.00345388	-1.16003	-0.952236	0.290525	0.58885	-0.550305	-0.333373	2.4535	0.759479	-0.153917	-1.00446	-0.811764	0.415543	0.436039	0.609887	0.110506	-2.14165	
-0.037532	-1.26812	-0.748085	-0.553732	1.38214	-0.311714	-1.18283	1.14788	0.369307	0.951977	-0.310201	-0.827847	0.817639	1.18557	0.229768	-0.986252	0.143653	1.63889	-0.118457	0.574167	
0.284971	0.880164	0.483401	2.13204	-0.170542	-1.5709	0.688951	0.73817	0.253672	-1.40179	0.185205	-0.447213	1.78183	1.78917	-0.349217	-1.01863	0.574587	2.11999	0.228374	-0.350327	
0.327278	0.611765	-1.42614	-0.756973	0.496447	0.124101	-0.608506	0.865268	-0.99285	-1.44128	-2.57274	-0.161995	0.352572	-0.218344	-0.342903	0.275876	0.0149425	0.532218	-1.78185	-0.858872	
-2.0741	1.6197	-0.41143	5.71319	-1.85567	6.15811	-0.00608879	3.77533	6.27633	-1.47894	0.591792	0.0444113	1.92347	-6.80871	-5.27333	-8.10381	0.236629	0.66147	2.52456	5.96744	
4.01783	3.78606	-2.94695	1.99779	1.99792	-8.66162	1.62521	1.01932	4.9931	-1.74747	3.44526	-6.2334	0.00565462	6.72322	-3.16106	-4.85877	-1.10588	-2.416	1.03705	-0.608067	
-0.0563255	-0.541908	-0.177981	-0.841719	-0.0392129	1.33888	-2.61324	-1.20205	0.132264	0.911845	-0.896207	-1.13567	-0.649018	-1.30985	-0.194985	-0.463732	1.24044	0.436886	1.25647	0.65776	
2.00065	-0.174712	-0.261722	1.98485	-0.193751	0.71741	-0.650457	0.515344	-0.779775	1.87156	0.254714	1.34238	-1.25188	-1.42815	0.997696	-0.962169	-1.03056	-0.525605	-0.212393	2.27692	
-0.391324	1.2539	1.25976	-0.0316825	0.599049	-0.602496	0.0184311	-0.576468	-0.122068	0.171406	-2.25549	1.62076	1.41638	-0.735944	-0.271955	0.159489	1.25991	-0.664114	-1.20309	0.710642	
4.54672	-3.93639	-8.55199	-0.697638	-1.90334	-1.92129	-0.0569721	1.33276	-0.103194	2.55666	-3.46338	2.96772	-4.90388	-3.03669	7.83522	1.68491	-0.636276	-3.11089	-3.41379	1.4858	
-0.402487	0.345943	-1.39721	-0.308976	0.993361	-1.36577	0.564023	-1.33505	0.849532	-1.97882	0.186979	-0.00222967	-0.823925	0.283555	-0.16329	0.609751	1.47545	-0.476821	0.331155	-1.4908	
-0.0289841	0.505907	-1.05888	-0.733976	0.528229	-0.706424	-0.378947	-1.56401	0.525183	-1.23346	0.172231	1.34411	-1.86161	-0.254613	0.4187	-1.0673	1.10351	-1.04003	-0.232523	0.87745	
-0.914525	0.400163	-0.384401	-0.473387	2.21094	0.633045	-1.49594	-0.381337	-0.232436	-0.781837	0.514837	0.6042	0.647233	0.762067	0.673341	0.712351	-2.22672	0.484529	-0.990566	-0.0530063	
1.06148	0.332907	1.36984	-0.0417077	1.23307	-0.340388	-2.18895	-0.167079	0.605259	-0.551149	1.13111	1.14501	-0.089692	-0.0126417	1.21806	0.438942	-0.352398	-0.371928	-1.09086	-0.71871	
0.440747	0.128756	-0.684342	-1.5541	0.962377	0.768467	-0.891204	1.56094	0.974032	-0.636283	2.26453	-1.46208	0.523345	0.269717	0.30509	-0.127556	-0.45941	-0.856853	0.282088	0.359371	
-0.619476	-0.351308	0.862951	-0.924615	0.0653724	-0.362745	1.02964	-1.30321	-0.847019	-0.00338955	-0.93923	-0.769935	0.1582	-1.27868	-0.160095	0.143577	1.5187	-0.00137808	2.32609	0.0834796	
1.0807	-0.353746	0.0128647	-0.69362	-0.816732	0.586019	-1.03145	1.46637	-1.26134	0.588483	1.62061	-0.168107	-0.076793	0.424762	-0.868986	0.747306	0.293041	0.301693	-0.614653	1.06409	
0.600082	-0.510733	-1.38703	-2	-0.12724	-1.5236	-0.419156	-0.139787	0.851111	-1.06101	-0.581846	-1.62692	-0.0192791	1.45177	-1.86645	0.562844	-0.620673	0.560216	-1.51871	-0.6459	
1.2123	-0.341456	2.37151	2.69416	-0.228514	2.85773	0.763001	2.4467	-0.909402	0.0810347	-1.68088	1.7531	1.70896	-1.23774	1.42032	0.127619	0.0149804	1.45162	-1.77777	0.126846	
1.14518	1.34675	-0.370166	-0.478599	-0.547403	-0.355052	1.43814	-0.654607	-0.08454	0.689026	0.487559	0.70603	-0.907399	-0.705293	0.564999	-0.624012	0.868153	1.38239	0.425811	1.61075	
-0.676532	-0.730619	0.566642	-0.178618	2.63737	-0.698429	0.594751	-1.07064	0.67504	-0.694709	-0.716459	0.254144	-0.491192	1.01785	0.0745682	-0.118178	-0.624991	0.596864	0.153489	0.897846	
-1.12411	1.72249	-0.243057	-0.842375	0.231988	-2.52504	-0.808346	0.0332957	-2.65619	-1.75905	0.846904	-0.668286	1.10207	0.461457	-1.28675	-0.953697	-0.161864	-1.17427	0.816549	-0.253166	
-0.931661	1.0614	0.438495	-0.584664	-1.36034	1.48024	-0.100526	-0.937197	0.889649	-0.0978146	-0.639552	-0.0178742	0.455936	-1.5119	-0.313145	-0.440033	-0.0536633	1.58893	1.21514	0.643546	
8.50609	-5.65175	-15.7025	-1.65597	-3.39842	-2.89602	-1.88135	2.39264	-0.169342	3.8183	-2.66494	3.95492	-6.34487	-4.44367	13.9052	7.82743	-5.1683	-9.445	-5.43243	-1.89114	
0.0614853	0.334883	0.56043	0.426988	0.516567	-0.898662	-2.02855	0.731038	0.164887	0.243586	-0.189256	0.890221	0.900203	0.614357	0.3759	-0.569117	-0.881733	-0.375214	0.343531	-0.803455	
-1.99094	-0.794887	-1.59972	0.400172	-0.153012	1.80923	0.218275	-1.56134	1.23035	0.508806	-1.04608	-1.02675	1.58162	0.62635	1.14244	-0.413008	-1.59256	0.408017	-0.993643	-0.452961	
1.98385	1.00666	1.34417	1.07035	-0.322111	0.100147	-0.301409	0.224042	-0.346081	0.440986	0.882564	0.689072	1.80583	0.69843	-0.67996	-0.462518	-1.5147	0.146745	0.868401	0.0124287	
-0.0375514	0.796839	-0.415702	-1.82723	0.0839118	1.09528	-2.14321	-0.852948	-0.373009	-0.0886931	0.679582	0.728455	-0.26445	0.455022	-0.793836	1.04773	0.220952	-2.12682	-2.3721	-0.231609	
-1.33132	1.13125	-1.3379	0.958968	0.331148	0.34054	0.429884	0.908631	1.95868	-0.439339	1.64763	-1.32757	-0.536377	1.1784	-0.685205	-0.880044	1.12918	1.33506	-0.873846	-0.552945	
-1.05175	0.239443	-1.41266	0.32608	-1.71067	-0.576755	-0.771472	-0.651019	1.04561	0.574441	0.0126754	-1.54726	-0.976875	-0.133394	-0.730633	-0.411974	0.567007	-0.197426	1.41289	1.11607	
0.125912	0.67447	0.212377	-0.0445758	1.87548	-0.855808	-2.5967	0.302848	0.906174	-0.931592	-0.409803	1.78319	-0.657193	-1.41252	0.503252	0.804596	1.75761	-0.529388	0.23125	0.144141	
-1.15786	-3.11872	0.609411	-0.137588	-0.921843	0.195846	0.156089	-1.30966	0.167902	0.789872	0.326212	1.35599	-0.430134	-2.2041	-0.807049	0.862205	-1.82646	0.101835	-2.3125	0.95966	
-4.0297	3.4962	7.36275	-0.346308	1.50018	0.531715	0.0571006	-2.67966	-0.0413981	-2.67378	2.43433	-2.55523	3.9407	2.34213	-7.69908	-3.5759	2.44177	6.00795	4.32906	-0.297572	
0.442262	0.760528	0.213682	-0.345437	-0.223639	-0.95432	0.00903146	-0.360369	-0.546693	-1.46528	-1.78357	1.04792	1.50027	0.323812	-1.15035	0.521474	-0.164765	0.689363	-0.0615046	-0.338757	
0.221382	1.69586	1.37872	0.967531	1.15755	-0.274539	1.19904	0.114408	-0.0658312	-0.296663	0.199696	-0.433413	0.600249	1.50569	-0.922937	0.98481	-0.464213	0.236069	0.425773	0.206578	
-0.011515	0.759103	1.02951	0.785086	-1.26293	-0.596831	0.697802	-0.699889	0.0685912	-1.69509	-1.14526	0.407213	-1.00296	-0.495025	-1.38797	-0.232683	-0.0383674	0.700856	1.78537	0.357941	
0.198933	1.76275	0.435709	0.871491	-1.24703	0.577273	0.550335	-0.041755	0.611816	0.136314	-0.530072	1.47926	-0.766397	0.0222106	-0.283434	1.57212	0.0114413	0.685419	1.36373	-1.37555	
1.48951	-0.657492	1.22546	0.332208	0.854133	-0.741739	0.345914	-0.325301	-1.0457	1.89779	-0.701127	1.01701	0.11327	0.104936	0.789214	-0.0517586	1.09959	0.29795	-0.920335	-1.88712	
-2.74004	1.469	2.90936	-0.279518	0.781364	-0.00653746	0.968773	-1.47686	0.69112	-2.90661	3.26372	-3.45394	2.94896	0.388896	-4.2437	-2.29237	1.86066	4.51799	3.23302	0.744282	
-1.52562	-1.08233	0.0108505	0.614435	-0.567718	-1.34742	-0.355945	0.264739	-0.250481	-1.26469	-0.0180182	0.733914	-0.651156	-0.167656	1.87863	-2.21056	-1.50961	-1.11434	0.0399806	1.48689	
0.628224	0.661413	-0.188124	-0.328022	-0.277223	-1.20749	0.855524	0.815083	0.00382408	0.755306	0.870421	-0.694543	0.623268	-0.108554	0.621925	1.00978	0.60224	-0.109896	0.32429	1.05608	
3.23006	-0.413584	3.03779	-8.09699	2.4633	-8.4292	-1.28941	-7.82123	-9.73008	2.83177	-0.0343038	2.39475	-3.49196	12.1321	8.56724	11.9249	4.1573	-0.748392	-6.10146	-7.38735	
1.08236	-0.903196	-0.101719	0.781613	-1.4859	-0.389134	0.236364	-0.00600032	0.567275	0.538229	0.575009	0.227106	1.32295	0.0292995	0.774384	0.218516	0.066087	0.431002	0.819655	-2.74657	
1.18748	-1.39959	0.656019	-2.26289	1.81966	-8.28679	0.521762	-5.13476	-5.82141	1.71802	1.45703	-1.06035	-3.34366	10.7312	5.51514	8.59837	1.81495	-0.387358	-3.03486	-4.89296	
2.14023	0.118677	-0.532745	0.288883	-0.382583	0.654498	-1.91593	-1.09969	-0.442647	-0.101404	1.31835	-0.863191	0.623496	0.0531621	0.196805	1.07054	-1.02266	0.0805899	0.855069	-0.167091	
-1.95432	0.0215437	2.77737	-0.389751	-0.877651	-1.16816	0.682812	0.388462	0.45468	-1.93784	-0.0292515	0.39249	-1.2169	-0.789594	-0.99083	0.856613	0.929826	-2.25748	1.77528	-0.900612	
1.85678	-0.0681164	1.90152	0.548401	-1.51021	-0.514381	2.26803	-0.547556	-0.613399	-1.49577	-0.0285581	-0.135959	0.584588	-0.848839	1.13268	3.07764	-0.35413	0.893582	1.46016	0.290122	
0.48634	0.0483827	-2.23391	-2.18448	-0.646829	-0.529211	1.13604	0.348369	-0.199191	0.546873	-1.57167	0.0150483	0.0905689	0.403826	-0.894445	1.97055	-0.064682	-0.189001	0.673343	-0.192252	
-1.2339	-0.0952888	0.799219	0.469488	0.401223	0.957877	-0.366662	-0.539421	-0.490301	1.68155	-1.45357	-1.29659	0.753194	1.09568	2.26999	1.21427	0.0723099	-1.10498	-1.98839	-0.207389	
0.903068	0.918923	-2.74231	-0.879134	-0.0470324	-0.678929	0.0359108	-0.478839	1.68376	1.23503	0.0716604	0.827238	1.37719	-0.354041	0.174778	-0.305301	-0.00603493	-1.94244	-1.17238	0.156172	
-1.41979	0.384772	-1.07732	5.01124	-0.938472	7.01596	0.604426	2.72492	8.54555	-0.657316	-0.66574	-2.38378	1.81242	-9.30022	-6.50397	-9.43257	0.391794	1.43091	4.30408	3.18001	
-0.412212	-0.13373	0.0293118	0.803322	0.28214	1.35775	0.710333	-1.17662	1.20137	-0.190428	0.828692	-0.21564	-0.721444	0.831523	-0.180257	-1.48084	0.721675	1.11178	0.799626	-1.58083	
-0.702932	-0.888617	0.820563	1.00531	-0.145391	0.0331907	-1.33879	0.569602	0.140827	0.485093	-0.973897	-1.34242	1.3209	1.41406	-1.68565	-1.31578	0.304936	0.136771	0.963407	0.254194	
-0.509058	-1.08922	1.72888	0.63059	0.945492	-0.898764	-0.337643	0.794622	-1.41085	-0.643957	-0.889219	-0.34094	-0.0901803	0.729014	0.738926	-2.04153	1.05483	0.467589	1.91455	0.0558624	
-1.62199	-0.145486	0.638247	-0.986834	1.11281	-1.41601	0.812265	0.0596815	-0.418412	-0.522415	0.522248	-0.204	-1.44008	0.357533	1.21466	-0.976127	-0.2256	0.0257343	0.019322	1.1324	
2.5231	-0.7946	2.94468	-5.49849	2.78791	-6.53792	-1.9479	-5.12367	-8.94624	2.40641	0.973286	0.582193	-3.98783	8.69827	6.09042	9.05191	2.79363	-1.23349	-6.03113	-4.42191	
1.15343	-0.698275	-1.60215	0.77234	-0.435046	-0.434503	0.551083	-1.29882	0.35553	-1.73439	0.983915	0.424924	-1.02961	2.07363	1.2569	0.384262	0.710167	0.123677	-0.789704	-0.960346	
1.20352	-1.56998	1.42898	1.34362	1.02369	-1.89381	-0.309201	0.629735	-0.812962	1.21314	-0.0345937	-0.926748	0.936069	-0.311323	-0.285629	0.589551	-0.833157	-1.21284	-0.617076	0.709163	
0.937885	0.603397	0.174137	-0.348901	-0.832432	-1.20899	1.37592	2.5115	-1.02587	-2.23696	0.759798	-0.126544	1.07992	2.12028	0.730598	-0.473122	-0.390527	-1.08334	-0.399793	-1.61623	
0.414623	-0.436661	-1.18675	0.303358	0.247967	1.03289	0.217722	2.72109	-0.950786	-0.209255	1.71736	-0.484432	-2.29705	-0.0853257	-1.60131	-0.676318	1.49263	-1.91674	1.00608	1.73705	
-0.187366	0.858196	0.278461	2.07117	-0.564933	-1.13949	-0.337721	-0.474526	-0.197184	0.720649	-3.45548	-1.6065	-1.3042	-0.777196	-0.219011	0.131379	0.323646	0.420544	0.380866	-0.341945	
-1.68365	2.25676	0.441844	4.295	-3.46994	7.14145	0.328086	3.6437	6.67667	-1.50328	-0.998329	-0.534134	0.648757	-7.00311	-4.12129	-5.29289	-1.73939	0.070507	1.01409	4.32706	
-0.579036	1.30757	-0.0110819	-0.0346103	1.61577	-0.249808	-1.22248	-1.27866	1.84741	0.0456605	-0.298558	0.348193	-2.49604	-2.36648	2.13321	0.963137	1.38347	0.217883	-0.16086	0.314511	
0.85231	1.26689	-0.516264	-0.0924027	-0.316733	-2.11136	-0.881256	0.863906	0.22325	1.8709	-0.690651	-0.306742	-0.463128	-0.1153	-1.48097	-0.368507	0.329533	1.16219	1.50708	-1.17637	
1.95043	-1.09787	0.674069	0.23534	-0.886156	-1.35191	-0.347553	-0.190039	-1.14937	-2.22168	0.646871	-1.1687	-0.746967	1.40865	0.670182	-0.610049	-0.240594	1.00587	-0.718753	-1.4618	
-2.81178	3.15449	-1.38923	6.8897	-1.57045	7.33796	-0.484875	6.2315	8.31972	-1.11866	1.2526	-1.58082	2.68023	-9.62	-7.01013	-9.66329	-2.81953	0.546662	5.40521	7.99487	
0.030336	-0.561531	-0.565809	2.4751	0.114449	1.01726	0.736278	-0.200136	0.968776	0.717385	0.174974	1.39089	0.790858	-0.115008	-0.875188	1.13123	-0.621407	-0.0700891	1.59184	-0.0713851	
0.573183	0.439591	0.65835	0.0775036	0.341342	-1.13414	0.0808235	1.18001	-0.794289	0.528993	0.488176	1.5628	0.590695	1.98176	-1.67495	0.982851	-1.72475	-0.706594	-1.65859	-1.27814	
0.127516	-1.91629	0.467853	0.412317	-2.24998	0.394739	0.513913	0.948767	0.788944	0.257239	2.83479	0.039439	-1.22632	-0.571318	0.873231	-1.71827	0.712809	-0.669517	1.25537	0.763777	
-0.632572	-0.409534	0.234658	0.513302	0.756878	0.936749	0.932207	1.5785	0.00671561	0.349546	1.17023	-0.590247	0.300752	0.425873	-0.486603	-0.141404	-0.425522	0.0953689	-1.57994	0.132348	
0.646633	-1.11644	2.29371	-1.14477	-0.111565	0.134572	-0.660753	0.657953	-0.0558094	1.0831	0.308738	0.922912	0.723225	0.834724	-0.564854	-1.04017	1.78316	0.380259	1.39893	-0.13711	
0.344235	2.23158	1.36472	0.239428	0.491905	-0.292787	1.82325	0.453199	1.17177	-1.79065	-0.830032	-0.167608	-0.0766656	0.773631	-0.532614	0.546876	1.65982	-1.44574	0.710699	-0.630501	
-0.263052	0.57831	0.957923	1.39687	0.769858	0.474062	-0.120922	-0.0666869	0.727449	-0.195667	0.440595	0.67178	-0.688026	-0.364344	-0.0669891	-0.411032	-0.670506	-2.34398	0.78696	-2.11936	
-0.689408	1.7132	0.507173	-1.48546	-0.551345	0.526637	0.845859	1.02998	0.212112	-2.46967	-0.00565473	-0.0599904	-1.13238	0.230475	0.954372	-0.122319	-1.25742	-0.345016	1.13349	0.648749	
-0.654801	-1.48321	-0.437291	-0.0933699	-1.29019	-0.51922	-1.28819	0.329765	0.153442	0.634312	0.715567	-0.425625	-1.49729	-0.186989	0.572882	0.153799	-1.94091	-0.646563	-3.28752	-0.918549	
-0.333031	1.2505	0.0773617	0.0970272	0.719473	1.69486	-0.283266	0.0234945	-1.1998	0.358472	0.497258	0.398761	1.42346	0.912248	0.0356075	-0.541706	0.650897	0.265881	-1.73724	-0.520204	
0.695836	-0.593623	2.30967	-2.42091	2.37063	-2.97085	0.82284	-2.05747	-5.06185	0.976726	-0.642673	-0.214433	-1.51399	6.05622	4.05285	6.32304	1.13945	0.395985	-2.13222	-2.63843	
0.283582	1.46465	-2.58973	4.33923	-2.03485	5.52328	1.23363	2.49082	6.20544	-2.35203	0.540862	-0.373648	3.06905	-6.35572	-3.77929	-6.42073	-2.73813	0.478168	3.26805	3.53706	
0.49086	-0.601855	-2.46251	0.557863	0.56165	-0.283728	0.708268	-1.06254	0.158351	0.318956	-0.262518	-1.04729	-1.42223	0.701027	-1.75133	-0.383474	1.70058	-0.252808	2.72104	0.749849	
-0.450466	0.945122	-0.513381	2.30815	-0.583128	0.932369	0.564239	-0.356458	0.520938	-0.577117	-0.825118	-0.655411	0.0473387	0.443454	0.602312	-1.2601	-0.110484	1.00684	1.51429	-0.124388	
-1.11845	-1.78931	-1.02318	0.969043	0.159409	-1.0306	0.969475	-0.420089	0.344793	1.51244	-0.995713	1.35371	-1.62965	0.226906	0.0315967	-0.811837	-0.395864	-1.73347	0.599676	-3.17622	
1.20416	0.00851467	1.76234	1.37261	0.579205	0.406829	0.335803	0.631815	-1.52738	-1.17014	0.574415	-1.03403	0.140737	0.993297	0.163766	0.494263	-0.743147	-0.553078	-0.32148	0.015892	
-1.3923	0.539808	1.00413	-0.208667	-0.0506121	0.605553	0.356996	-0.326842	-0.927338	1.655	-2.06261	0.469496	-0.0940258	0.289875	-1.06786	1.04576	0.955267	-0.665068	-0.397033	2.60612	
-1.25427	-0.832992	0.888975	0.528955	0.881168	0.185388	-0.0135928	-0.743005	0.363958	-1.02143	0.353686	-1.21242	0.325002	1.23473	0.450627	-0.25698	-0.0507772	0.296202	0.798115	-1.03031	
1.93385	0.422692	-0.828216	1.1142	-0.245035	-1.27268	0.229013	0.964453	0.245639	-1.80534	-2.03278	-2.43649	0.673818	-0.0728604	-0.197595	-1.96234	0.349342	0.0209168	-1.10263	1.23434	
0.512003	0.186196	-0.0427605	0.789065	-0.05317	1.11011	-1.57084	-1.54931	0.0551838	-0.218929	-1.04159	-0.0888229	1.22459	0.288004	0.335901	0.157157	1.07461	-0.340043	0.44031	-1.32226	
-0.424654	-0.789456	-0.579943	1.92002	0.123152	-0.725115	0.61955	0.443131	-1.45177	0.137414	0.370991	-1.28345	1.38814	1.64756	0.498451	-0.169962	-0.777485	0.505427	0.721462	-0.28881	
2.74586	0.111459	0.306125	-0.772177	-0.651641	-0.583555	-0.436763	0.180781	-0.688498	-1.30783	-1.14568	0.0271531	0.977047	0.921968	-0.167897	0.388045	-0.997797	-0.068228	0.4702	-1.55535	
0.891992	2.26735	0.206837	0.0713118	-0.459528	0.996589	1.92766	-0.73514	0.3705	-0.267146	-0.179327	-0.86726	-0.619522	-0.349276	-1.38955	0.24133	-0.145036	-0.142096	0.7964	-0.133239	
-1.63469	-0.545613	1.21956	0.816364	0.787134	-0.447852	1.3349	2.09887	-0.520917	1.35348	2.06031	-0.540268	1.67737	1.86128	1.19164	-0.1695	-0.58818	-1.01023	-0.701524	-1.10386	
-1.23997	-0.246542	-0.517802	-1.22949	0.409524	0.770866	2.11369	-0.601926	0.768358	0.461239	0.658767	1.63015	0.102107	0.444396	1.2945	-0.699055	0.100753	0.862156	-1.50415	0.0317296	
0.993031	0.749406	0.0704613	0.19946	-0.691373	1.52131	0.354065	-0.292846	0.365117	0.0364961	-0.193316	0.833429	-0.398645	0.585612	0.980295	0.108442	-1.29603	-1.33108	0.0331298	-1.57472	
0.893316	0.683282	1.47844	0.290851	0.854235	-0.820403	0.85952	-0.63784	-1.54277	0.0801017	1.51308	1.04942	-1.01725	-0.0813201	-0.536974	1.19169	1.19643	0.410375	-1.70854	0.958209	
0.882347	0.0888756	-0.165017	1.14784	-0.285808	0.392589	1.32983	0.736698	0.495809	-1.32006	0.0770301	-0.260117	0.849386	-0.467544	-0.288481	-2.81578	-0.691859	-8.26855e-05	0.0365752	-0.761609	
-0.305315	1.26305	-0.314795	-0.549822	1.64097	0.600155	-1.05801	0.667372	-0.889514	0.333048	0.0342687	-0.587084	1.01028	0.210138	0.393806	1.36768	0.755959	2.06458	1.31216	-2.02072	
1.09654	-0.199446	0.552707	-0.583533	2.41137	-0.377957	-0.491858	-0.060217	-1.17686	-0.705685	0.824906	1.06657	-0.974662	-0.171062	-0.145468	-1.65926	0.765065	0.333872	1.16617	-0.208356	
0.605427	0.925672	0.966311	1.98499	1.23504	-0.1131	-0.904743	0.0357523	1.00055	-0.688833	-0.703091	-0.867025	0.275485	0.327632	0.99883	0.223438	0.950923	1.17888	0.0904858	-1.237	
-1.32538	1.53347	0.415361	-1.78725	0.646445	-0.320482	-0.353818	0.699272	0.591849	-0.186295	0.687243	-0.850997	0.228385	0.224527	-0.410168	0.170558	-0.913139	-1.17497	-0.120547	-0.651111	
-0.0680142	-0.216322	-1.12539	-0.0782975	-0.743441	-0.545656	0.661974	-0.0972058	0.950761	0.797385	-0.587684	-1.00326	3.14016	1.14302	-0.128154	-0.14919	-0.374989	-2.15197	1.127	-1.08748	
0.795425	0.360335	0.569042	-0.25528	-1.01603	0.0129304	-0.42562	-0.0135745	0.290867	0.00741202	-2.14337	-1.21009	-0.296527	-0.429498	0.639666	-0.755343	-1.22376	-0.546892	0.30012	-1.95264	
-0.297133	1.13501	0.907928	0.687202	0.110341	1.87605	0.990073	-0.438539	-0.690039	0.16611	-0.697882	-0.846501	0.452554	0.438167	-0.84438	-0.917042	-0.437442	0.411525	-0.788821	0.827403	
-0.284386	0.627065	-0.425753	0.0442036	-0.612972	-2.11846	-1.7071	2.11478	-0.680521	-1.10636	0.194002	0.942224	0.594886	-0.0331351	0.776888	0.0705703	0.151847	1.17236	-0.0458685	1.4122	
-0.607565	0.313547	-0.246965	-0.382166	0.191205	-1.30643	-2.6001	-0.476188	0.331776	2.74159	-0.778566	-0.734957	1.0151	0.86983	1.26128	-1.18874	-0.801166	-1.13734	-0.175195	-1.02485	
-0.141511	0.323124	-1.63693	-1.03116	0.451623	-0.225037	-0.40387	0.339574	-0.117656	-1.62143	-1.23579	-0.477251	1.35112	0.174345	0.526847	-1.0286	-0.824866	-0.679362	0.968702	0.492425	
-1.33696	0.596717	0.30422	-1.79179	-0.0745876	-0.492452	-1.75093	-1.07344	-0.78037	1.02509	0.353644	-0.244797	0.620521	0.906479	-1.2989	0.00837455	0.106393	-0.107718	0.805713	0.996333	
1.91206	-0.76679	-1.24382	1.08215	-0.05972	-1.85593	1.28027	-0.33428	-0.436236	0.444429	-1.27697	-0.902042	1.50334	-0.072374	-0.313381	-2.35441	0.495217	-0.728023	-1.15911	-0.558795	
1.37697	0.456019	0.395407	0.36495	0.0171454	0.414962	-0.320716	-0.77434	-1.38689	1.23578	0.518054	-0.5314	-0.142911	1.51494	0.734942	0.74805	-1.20631	0.801411	-0.285147	-1.58862	
1.30867	0.775137	-0.858572	-0.255988	0.400269	-0.343542	1.42887	0.905965	-0.725897	0.0910873	-0.84356	-1.44593	-0.985997	1.44972	1.17265	-1.18926	1.1975	-1.43844	-0.121104	0.37657	
-1.55296	-0.935964	-0.0759331	-0.66131	-1.46919	-0.361971	0.596407	-1.36929	0.855778	0.970955	0.868395	-1.06309	-0.639213	0.779532	0.40693	1.22142	-1.58498	-0.730696	-1.4145	0.376529	
2.4943	-0.376895	0.494289	-1.9066	2.6733	-2.63322	-0.373479	-3.64777	-2.45162	2.81351	-2.12317	0.647844	-1.6562	4.62841	2.37042	5.10001	1.71089	-0.168779	-1.02315	-2.09408	
0.117135	-1.28679	0.738953	0.935044	-1.77834	1.16643	-0.495968	0.390241	0.397305	0.0512177	1.64988	0.548569	1.50097	0.758707	-1.73415	0.999913	0.542634	-1.0133	1.49037	-0.0652031	
1.27113	0.628344	-0.593947	-1.00224	-0.437603	0.477682	0.45063	-0.81822	0.494874	0.609284	1.84864	1.46724	0.112472	0.409638	1.44938	0.603578	-0.499455	-1.46917	-1.67192	-1.46575	
0.170214	-0.612402	-0.96603	-0.216876	1.37109	0.18586	1.45624	1.62355	-0.31286	-0.23718	0.926712	-1.25703	0.0483248	-1.72735	1.1716	0.485118	-0.05656	-0.354761	-0.103097	1.17043	
0.231491	-0.114316	-1.84488	-0.626956	1.20996	0.555568	1.86034	1.59858	-1.83166	0.936121	0.315039	0.45224	1.3452	0.354275	-0.469346	1.88977	0.426568	1.18324	1.10176	-0.00635234	
-0.0305971	-1.63035	-0.468275	-0.258912	-0.764286	-0.59937	-0.665267	-0.323248	-0.139783	-0.330302	1.28787	0.465684	-1.38988	-0.874945	-0.800332	-1.2081	-0.496968	0.0488852	-1.32985	-0.771163	
1.46319	-0.594135	0.603447	0.0653251	-0.417884	1.40247	0.0733233	-0.582131	-0.266538	-0.217078	-0.445934	-0.0721051	0.933597	-0.0457101	0.279472	0.639298	-0.428044	1.02378	-0.618921	0.590106	
0.597574	-0.224956	-0.220449	0.359384	-0.305883	0.436208	-0.0752815	1.37625	0.0119036	-0.481454	0.0575608	-0.350484	-0.976125	-0.490969	-0.800067	-0.371036	0.182742	1.06872	0.981205	1.99245	
-0.192052	-1.43683	1.9357	-0.238757	-0.315022	-0.670066	0.452871	0.207203	-0.661745	-2.03736	-2.43657	-1.93092	1.31485	0.544408	0.149084	1.26936	-1.53799	-0.329837	0.438901	-0.893245	
0.524099	0.426967	1.40472	0.27751	-0.256369	-1.87644	0.45601	2.15424	0.185267	1.69271	1.07299	-0.9027	0.88843	1.32177	1.48908	1.19465	1.19161	0.813045	-0.326089	-1.1886	
0.0196227	-1.24856	-1.26008	0.523388	-0.157032	-0.339885	0.325422	1.38817	0.877626	-0.921209	-1.10222	1.30182	0.249912	0.143742	0.373926	-1.49095	-2.89761	0.307249	0.621279	2.33445	
0.283978	-0.532417	-1.37018	0.649104	-0.755056	-0.605952	-0.504897	-2.83482	-1.23038	0.424413	-0.15191	1.2506	0.251848	2.63895	1.19409	-0.519434	1.66464	-0.443091	-2.40789	0.283726	
-1.00572	0.0570937	-1.2765	-1.13845	-0.786952	0.39068	0.127365	0.823672	0.155463	0.186328	-1.76124	0.11589	-0.0986418	0.985225	-0.270539	0.475715	1.23768	0.24497	0.885972	-0.233294	
-0.69095	0.563385	0.58868	0.594141	0.0883757	1.85016	0.866295	0.74053	0.23943	0.6935	-0.591622	-0.655213	0.747007	-1.30265	-0.474179	-0.000603494	-0.331722	2.54817	-0.749337	1.46236	
-0.299997	-0.245977	1.50893	-0.649458	0.142409	-1.35652	0.570219	0.0429341	0.564825	-1.51364	0.871593	0.428518	-0.598019	0.283856	1.31281	0.0294699	-0.169899	-0.499845	-0.547022	0.218143	
-0.0684613	0.280686	1.96346	1.35303	1.81843	-0.00991369	-1.02916	-0.39037	0.289376	1.26043	-0.78407	-0.0231455	-0.723146	0.129877	-0.491703	0.188139	-1.17007	-0.27742	-0.222133	-0.935476	
-2.14993	0.749664	-0.0241134	-1.65198	1.11171	-0.319671	-1.41556	0.683635	0.0236402	1.66312	1.0949	-0.681798	-0.214347	-0.0365863	-0.54826	-1.28257	-0.905558	-0.159874	1.54682	-0.591408	
-1.94057	0.282584	1.31818	-1.1378	-0.223556	1.46193	-0.0456644	-1.01146	0.613427	-1.05137	-0.290323	-2.01529	0.738352	0.83866	0.640131	-0.0799849	0.783273	-1.88481	-0.29627	-1.18671	
0.702934	0.902903	0.929028	-0.165302	-1.96078	1.32262	0.351908	-0.745068	-0.58344	-2.32203	-0.486495	1.2765	0.242552	1.68769	0.700848	0.586494	-0.108072	0.659958	-1.30809	1.62158	
-0.554003	-0.199672	0.179068	-0.47101	-0.68087	-0.0989086	1.22419	0.0330531	-0.52955	1.28947	-1.05607	0.513165	0.120459	-0.650481	0.0101101	-0.63932	1.02473	-0.552502	0.434291	-0.930607	
-0.125006	-0.3052	-1.23149	-0.453904	1.06636	0.714249	0.468709	-0.169838	1.30747	-0.355159	-0.0444322	-1.77022	0.73573	1.41435	0.341699	-1.01196	-0.990702	-0.188094	0.512846	2.30609	
0.685573	0.416829	-0.944625	0.786841	2.04258	0.171225	0.47917	-0.559783	0.419092	-1.76478	-0.653009	-0.0714412	-0.460631	0.00424399	0.781051	1.2777	1.07516	-0.0908338	1.2478	0.181301	
-0.628271	-0.570791	1.01969	1.00036	1.55109	-1.79513	-1.3966	2.04979	-0.591863	-0.680286	0.370668	0.352656	1.75807	0.70947	0.177197	0.292696	1.85664	0.610685	-0.0411608	0.0797877	
0.127942	-0.214335	1.70027	0.191224	-0.521809	-0.891961	-0.179513	0.512362	-1.17741	2.4086	-0.916828	0.696737	1.72469	-0.221651	0.189151	-1.58878	0.0729343	-2.06408	-2.33072	-2.33358	
0.231019	-0.505231	-0.68338	0.0305033	0.0891607	2.27713	1.39777	1.93186	0.00416755	0.374356	0.368627	0.468466	0.313449	-0.918311	0.458748	-0.448969	0.382562	-0.109229	-0.56392	-1.46617	
-0.543184	2.07538	1.28802	-0.441741	1.26895	0.0291561	0.217294	-0.701339	-0.439282	-0.205343	0.900042	0.578505	1.88259	0.447998	0.665143	-0.617561	-2.0172	-2.82247	-0.59988	1.25561	
-0.807033	-1.34976	-0.938487	1.2355	-0.516313	1.41006	1.11998	0.573987	1.18935	-1.08104	0.612457	2.97174	-0.556121	0.482711	0.00820894	1.36449	-0.483656	-1.10533	-0.0862722	0.840508	
-1.27588	-0.0286386	-2.2402	4.53655	-2.7112	2.03933	-0.94539	2.09688	4.98165	-0.289648	2.82573	0.0233994	3.07044	-4.53527	-4.04957	-5.53429	-1.22419	-1.04286	2.16703	3.59682	
1.59166	-1.18427	-1.52058	-0.44792	0.075845	-2.13183	0.929227	-1.4017	0.155622	-0.117306	-1.75673	-1.66469	0.44096	-2.23578	-0.215359	-0.999262	-0.597165	0.884852	0.775296	0.672286	
1.218	-1.07827	0.134792	-0.455392	1.5904	1.40394	-1.96618	-1.305	0.0311032	2.19453	-0.924771	-0.741435	0.0309398	1.41898	1.50279	0.570269	0.205751	0.00981599	0.27569	-0.530246	
0.4883	0.776168	0.662613	-2.05971	-0.0423586	0.0748708	-2.07655	0.330763	-1.55834	0.101218	0.822398	-1.54752	-0.82629	-0.761051	-0.759665	0.49535	0.371858	0.565682	-1.25808	0.730125	
-0.142159	-0.636351	0.0432537	-2.5478	-0.492507	-0.806282	-0.496132	-0.936579	-0.94747	0.241257	0.399239	0.321765	-1.7216	-0.397662	0.958645	0.203543	-1.32466	-1.32806	1.88267	2.01117	
1.55691	1.10359	-1.0002	1.14446	-0.659484	0.957708	0.925141	-0.0927047	0.00333197	0.533043	1.07297	-0.113853	0.364955	-1.4455	-1.48712	-0.0898635	-1.61265	1.5676	1.50892	0.205625	
-1.10605	-0.0252629	-0.0494517	0.282007	0.5328	-0.976761	0.487203	0.92374	0.793432	-0.344243	0.676229	0.938738	0.630713	0.00691829	-0.0255802	1.70272	0.894828	-0.287435	-0.0743917	0.128147	
1.34256	-0.145206	0.578932	-2.0967	-0.4245	-3.74712	-1.40058	-3.53514	-5.56031	2.6141	-0.625559	0.627812	-1.36245	5.25665	4.55095	5.82839	1.00776	0.509559	-2.77633	-2.51951	
-0.27486	0.445161	-0.186565	0.875744	0.0361034	-0.933418	-1.55183	0.899678	-0.432012	1.10031	0.942217	-2.13363	-0.752515	-0.58788	-3.11934	-0.117145	0.914737	-1.9035	-0.701648	-0.353401	
-0.0395215	-0.536437	-1.42454	0.772188	-0.748567	1.10896	-1.16139	-0.548332	1.35418	-0.217244	-0.803328	0.806209	0.915013	0.0930466	0.313177	0.198724	-0.917506	-0.773373	0.369149	0.866362	
0.598821	-0.282166	-0.462088	2.03329	-1.32836	-0.287637	-0.507541	-1.19369	0.301894	-0.635896	-0.0940432	1.18449	0.260633	-0.138396	-0.447833	-0.396232	0.0337199	-0.441659	0.237704	0.925539	
-0.111221	1.50874	2.53975	0.764215	0.549224	2.1493	-0.183951	-0.427788	0.239224	-0.235293	0.343133	0.40104	-0.375432	-0.0873631	-1.53837	-0.442926	-0.705069	0.499008	0.629628	0.332091	
-0.028089	-0.950675	0.330148	0.390901	0.225656	-1.11484	-0.558705	1.65774	-0.678983	1.17711	1.4829	1.33892	1.05454	0.103856	0.867486	0.151779	0.424619	0.060354	0.104609	0.446339	
-2.38283	-0.122086	-0.445517	2.0797	0.025157	-1.32884	-0.212906	0.429606	-0.0272828	-0.0942307	0.220842	-0.313307	-0.342198	-0.33098	0.339886	0.23019	-0.542178	-0.505078	0.412553	-0.8558	
-3.79867	-0.903187	-1.96456	5.8571	-2.11683	7.64611	-0.913093	7.71676	7.97963	-1.95335	0.210452	-0.712498	1.78227	-8.49723	-5.43684	-6.78287	-1.02009	1.38547	4.46589	5.29102	
