-1.98036	0.00461862	0.98474	-0.735863	0.464888	-1.35421	0.0936498	-0.51494	1.00769	0.524673	0.659543	-0.00791321	1.24047	-0.977504	-1.36123	-0.490516	0.0519736	-1.68783	-0.649323	0.530642	
0.950841	0.658648	-0.442764	0.222443	0.0143059	2.42837	-0.074628	1.29189	0.332521	1.27342	-0.918785	-0.328858	0.546276	-0.781233	0.77711	1.52142	0.879931	-1.83717	1.4848	-0.538275	
0.075829	-0.739183	0.404232	0.557885	-0.30774	-1.12246	-0.300242	0.070494	0.383173	0.938274	0.112814	-0.665316	0.106813	-0.662418	-0.370874	0.669269	-1.36885	-1.49969	1.36631	-0.716903	
0.342465	-0.213641	0.952984	0.856871	1.70099	-1.26111	1.07368	-2.0821	-0.88702	0.100149	0.569219	-0.857511	0.405122	-0.585629	-0.25748	0.483703	0.18726	-1.61461	-0.70523	-0.610747	
-0.242712	-0.0288855	0.101112	0.322302	2.07953	-0.254811	1.94708	-0.507177	1.52564	0.992912	-0.0806074	-0.271868	0.904217	1.31683	-0.994304	0.396415	-0.177261	1.10599	1.27962	1.75674	
0.116166	0.454577	1.14043	2.8205	0.221326	0.362276	0.119656	-0.256548	0.837113	0.152535	0.0827001	-0.0819823	-1.02495	0.812439	-0.914518	-0.504743	1.13783	0.810644	0.394402	0.139944	
1.37184	-1.48905	-0.517037	-0.992358	-2.36944	0.0952307	1.63973	-0.226694	-0.66369	1.74736	1.05462	4.08509	-2.08126	0.210824	-0.23502	3.90318	-2.32075	2.66241	0.0901339	0.611389	
-4.22413	1.86603	1.43192	4.60155	4.81878	-1.46897	-3.39755	-1.68099	-0.148782	-4.7783	1.25007	-6.24283	3.056	-0.953377	0.354642	-6.10384	5.21344	-3.94307	2.15756	-2.08518	
0.200524	-0.620556	0.894951	0.863424	2.20277	-0.418506	0.0545208	-0.712785	0.309697	-0.295792	-0.495906	0.665581	0.613618	0.163601	0.829994	-0.115523	-0.665677	-0.0950356	-0.820459	1.14303	
-0.0261801	0.298792	1.22631	-0.539055	0.809419	0.405854	-0.318831	1.08959	0.608293	0.360727	-0.268565	-1.72964	-0.987965	-0.186122	0.788651	0.308031	0.0972346	1.41403	-0.222118	2.20099	
-4.96241	1.28566	0.157394	0.105084	3.42849	-0.0301537	-0.657719	0.877132	-0.0809545	-2.39477	1.20924	-3.56696	1.09647	-2.08824	-1.33745	-5.05942	6.71138	-3.46807	2.39882	-0.281316	
1.18796	0.807288	0.600168	0.758653	1.41474	-0.578631	-0.5837	1.92179	-0.143668	-0.197171	-0.978477	0.406451	0.0448311	-1.25683	-0.336398	0.356255	-0.671009	0.317905	0.348262	1.90482	
1.44226	1.17501	3.44758	-0.847225	1.89478	-2.19493	1.07663	-0.593702	-0.665409	2.44842	0.774982	0.0874791	1.64528	-1.98633	1.97758	1.64118	1.26667	-0.485991	2.41304	0.833867	
-7.42648	-4.92363	-15.5772	12.1796	-19.9116	14.0455	-4.16486	-0.530858	9.63165	-22.0658	-4.14815	4.27108	-15.0047	3.86171	1.95545	-11.1277	0.250144	20.3637	-9.9913	-12.0597	
0.175524	-1.35708	2.16847	-2.09306	-0.722308	-0.492634	-0.990086	0.550313	-2.36907	0.276148	-1.2771	0.516899	-0.330747	0.737078	0.115236	1.15146	-0.909156	-0.846018	0.167724	-0.152378	
1.53797	-0.57855	0.61665	0.56133	-0.769321	-0.336159	1.56702	0.679326	-0.584068	1.00379	0.793618	-1.27161	0.0981632	-0.486152	-0.508456	0.187718	-1.09731	0.474046	-1.05744	-1.28742	
-0.67756	0.170996	-0.872182	1.17341	-1.35497	1.14236	-1.48326	0.128561	-0.803334	-0.343292	-1.71046	-1.048	0.202115	0.676718	0.57922	1.21251	-0.711865	0.728509	-0.590992	0.290506	
0.863257	-1.93006	-0.119127	0.318533	1.60509	0.393368	0.470848	2.06824	1.02833	0.809996	0.784305	-0.434962	1.66411	0.579928	-0.000535222	-0.872159	-1.53018	0.0537146	-1.28725	0.381109	
-2.75456	-0.597607	-3.81698	2.14106	-3.69396	3.29761	-1.76947	-1.81626	2.01745	-2.774	0.509267	-0.387619	-3.21712	0.998971	0.0935842	-1.8744	0.271609	2.55405	-0.1568	-1.89452	
0.685491	-0.263694	1.07739	-0.580976	0.846356	-0.477161	0.0667062	1.17858	-0.233276	-1.72456	-1.07417	-0.379821	-0.494606	-0.337015	0.0800277	0.341899	0.450943	-1.71346	-1.29561	-0.449997	
0.952669	-0.645359	-0.803084	0.611041	-0.836787	-1.41672	-1.0905	-0.00791414	0.592827	-0.0704866	0.232238	0.739973	0.0943131	0.839308	-1.34957	-1.04435	0.596309	-0.588699	1.72322	0.503428	
0.814791	-2.08121	0.390934	-0.821437	-2.06947	0.989529	1.48743	1.8994	-0.562987	0.623785	0.0772276	3.11445	-2.03679	2.67338	0.423261	3.33304	-3.10511	1.54021	-0.0521286	-0.0199006	
-1.09073	-1.59561	-0.443655	1.32188	-0.508076	0.0556941	0.299761	-0.785084	0.150724	0.735592	0.649618	0.351641	-0.3221	-0.48057	-0.820909	-0.0830768	-1.6829	0.630036	0.423561	0.27037	
0.302333	0.561805	-0.313675	1.12758	-0.581304	2.17941	0.210736	-1.50829	-0.25626	-1.32754	-1.14109	-1.52197	0.885915	-0.408959	-0.103459	-0.488002	0.772367	-0.81319	-2.02217	0.309238	
-0.0783093	0.636764	0.448003	0.0233335	-0.282738	-0.0194344	-1.17593	-0.886984	-0.829737	0.30814	1.06727	-0.584712	-1.11002	0.682543	-1.97689	-0.142022	-0.890437	0.379299	-1.0766	-0.239387	
0.25757	-0.505382	0.970017	0.271012	0.63745	-0.376574	-1.25883	0.956852	-0.131315	-1.50723	1.00027	2.13096	1.98234	0.152413	1.72967	-0.460576	0.683195	-0.240367	-1.24912	0.464302	
-0.134015	0.302575	1.88188	-0.205558	2.46649	-2.21519	-0.621682	0.425454	-1.92933	0.80075	-0.0298286	-0.74673	1.16937	0.928373	-0.707608	0.497092	2.15019	-3.01364	0.96942	0.109935	
-0.673478	0.546528	-0.376096	-1.25501	-0.379439	0.224656	0.954722	0.842917	1.71463	-1.60489	-0.0191844	0.651915	-0.00250568	-0.989271	-0.206344	0.677295	-1.64207	0.44957	-0.81376	0.0814949	
-2.52548	0.711095	-0.937637	-0.224185	0.945844	1.10571	-1.25116	0.00588394	1.2954	-0.00199242	0.0473006	1.35984	-0.0696873	-1.57444	1.09394	0.40384	-0.603439	0.943531	1.20781	0.3133	
-1.58817	-0.320308	-0.556122	2.00584	-1.43579	1.13819	0.611517	0.0710352	-0.484529	0.200714	0.976134	-0.117547	0.246744	0.922954	-0.46436	-0.961195	0.323142	-0.430942	0.255753	-0.530158	
0.493412	2.53636	-0.0815239	-2.13353	-2.75546	-1.40972	-1.02906	-0.517972	-0.043333	0.726694	-2.0374	0.00068941	-0.856205	-1.96987	0.224296	-0.759453	0.648096	-0.0758764	-1.0261	-0.727236	
-1.43505	0.944086	0.888429	-0.612426	-0.0834324	-0.821052	-0.588793	0.934209	0.888043	-0.189407	0.215846	1.21805	-0.64786	-0.0771322	0.00475588	-0.583091	-0.765036	-1.54329	-0.157038	0.673552	
-4.46535	1.86028	1.85335	2.24607	6.83773	-1.43625	-3.61243	-0.692924	-1.09482	-4.53089	1.10842	-6.55093	4.16763	-1.2673	0.0212319	-7.05156	7.38077	-7.11525	0.807669	-1.29857	
-1.02651	1.50961	-0.889607	-1.11734	-0.53417	-0.833141	-0.3657	0.467566	0.365931	0.384485	-0.443886	0.721487	2.1722	0.799655	0.380886	0.893675	0.209733	1.03353	-0.277755	0.452756	
5.69229	-2.56336	-1.51789	-2.00107	-5.23544	1.80584	1.07879	2.90105	-0.140489	7.38205	-0.946796	7.58756	-3.72496	2.33862	0.495203	8.25359	-5.1875	5.51179	-1.45507	0.845737	
0.196164	-1.02754	-1.09609	1.2605	-1.06221	0.523826	1.14583	0.702813	-0.171098	-0.457181	0.348491	0.384297	0.348606	-1.09253	0.17846	-1.03845	0.921289	-1.23805	0.147268	-0.499845	
4.80739	-2.75149	-0.334458	-1.8033	-5.09677	0.579104	2.08936	2.22989	1.00014	4.93938	-0.724514	5.61226	-2.59295	1.92077	2.87841	7.00449	-5.51604	5.09118	-1.69323	1.85558	
0.140156	-0.623802	0.136188	0.768237	0.0626894	0.903471	0.125653	0.546685	-0.132728	0.857999	-0.653819	-1.21334	-1.12193	1.06975	-0.0709544	0.971674	-1.44638	-2.57134	-0.754263	0.537585	
2.09733	0.330284	3.91369	-4.69584	6.04185	-4.30038	1.62436	0.697577	-3.00307	6.63312	-0.101484	-0.648827	3.87309	-0.575841	-1.665	2.36369	0.22827	-5.38357	0.919064	3.78323	
-2.09223	-1.52317	-2.1512	2.97429	-2.16101	3.6903	-1.82532	0.304581	5.02299	-4.70539	-3.82191	0.0305162	-1.81709	-0.0476593	0.544468	-3.22683	-1.03374	4.87324	-3.54654	-4.35333	
-0.644135	2.28418	1.24256	0.315331	0.725575	-0.493863	-0.112283	-0.190697	2.6755	0.100893	-0.652568	-1.737	0.783199	0.593881	-0.240306	0.87383	-1.66493	0.652389	-1.41282	-0.998964	
-3.6786	-2.99512	-9.10931	8.02809	-10.2196	6.30436	-2.50458	-2.77645	4.07559	-9.46093	-1.59533	1.10433	-8.84656	3.91688	2.74973	-7.85324	0.816472	10.0694	-6.68441	-8.68692	
-6.56253	2.82299	0.504202	2.8794	5.317	-0.261993	-2.50645	-0.330916	-1.89096	-4.16304	2.5521	-8.70682	3.77414	-3.86239	1.09144	-8.66724	6.74444	-6.61308	1.94169	-0.517506	
-1.66202	-1.46356	0.0254229	2.42833	0.120817	1.04127	0.130032	0.863497	1.00361	1.19514	0.140563	0.705936	0.611803	1.22392	-1.68608	-0.938864	-0.274659	-1.07258	0.528059	-0.829823	
-3.55497	-0.800193	-0.0547594	1.5782	3.29029	-0.152173	-2.7189	-1.63526	-0.382549	-3.82003	0.776453	-5.27705	2.73308	-2.25646	-0.440447	-5.4633	5.31772	-5.08432	1.12673	-0.66953	
-1.16082	-2.41322	0.469395	1.02024	1.11167	0.539818	0.396969	-1.09343	0.532937	0.121918	0.820909	-0.141252	-0.331347	0.403765	-0.903117	-1.60082	0.0618179	-0.615091	0.020658	0.145475	
4.23446	-2.8475	-0.945905	0.427772	-3.82795	0.728308	2.05921	1.3991	0.454092	4.89853	-1.36206	6.32033	-1.43703	0.896117	2.07231	5.83002	-4.41174	4.32375	-0.846989	1.62074	
-0.669227	1.76707	0.660912	-0.224536	-0.616404	1.96173	0.101309	0.0668235	0.998012	-0.50232	-1.1202	-1.27705	-0.390279	0.0719122	0.938012	-1.19655	0.608409	0.597419	0.256132	0.236892	
0.249933	1.78745	0.0978422	-0.803748	1.58265	-1.4775	1.26732	-0.339263	-0.977856	0.380797	0.361666	0.995169	1.382	-0.736948	-0.311151	0.24799	1.34616	-0.360629	-0.792093	-0.288175	
-1.28067	-1.51363	-0.0484628	-2.03929	-0.318487	-1.31054	-0.148136	-1.57767	1.34311	-1.39792	0.248164	0.987614	0.715738	0.220766	-0.155312	-1.43021	0.18985	-1.91308	0.0514059	0.563751	
0.35397	-0.39108	1.19461	-0.245253	0.805186	0.346773	0.524057	0.492834	-0.572324	0.168533	-1.11031	-0.600069	-0.585074	-1.636	0.430483	-0.0522269	0.794546	-0.676981	0.714773	0.340551	
1.40536	-0.426836	-0.707248	-1.22914	1.43635	-0.279667	-1.55355	-1.82532	-1.20192	0.982807	-0.719814	1.25544	0.687474	0.129879	0.478648	0.237071	1.17817	-0.00816462	0.522857	0.162704	
-0.32691	0.132341	-0.627487	-0.437783	-2.33409	0.101563	-1.3275	-0.478075	0.134821	-2.0513	0.317863	0.135317	0.0216676	-2.29969	-0.494956	-0.209957	0.319088	-1.82653	-0.0363522	0.210604	
-2.2004	0.733602	-0.7609	-0.94724	0.0210357	-0.108521	1.20323	0.00876354	0.023488	0.554278	-0.584893	-0.871595	-0.567884	0.0561122	-0.0455837	2.50119	1.08644	0.671172	1.50768	-0.291216	
-0.527234	-0.2233	0.598159	0.529566	-0.982014	-0.0420269	-0.652613	-2.02463	1.75363	-1.54554	-0.723234	-1.53763	0.824108	0.608693	2.69118	0.965715	-0.527828	0.457713	-1.58763	-1.1975	
0.391931	-1.80649	-0.149292	-0.0807058	0.589264	0.293398	-0.793772	-0.160803	0.817097	0.0266849	-0.22368	-2.51076	0.0460412	1.2504	0.706288	0.0598623	-0.0856965	-1.14219	0.567709	-1.20347	
-1.86624	-0.902987	-1.88921	2.93314	-5.08143	3.89708	0.0557993	-2.20109	1.87497	-4.78664	0.4762	0.209188	-2.90535	0.582216	0.472703	-2.14578	-1.58145	6.18429	-2.38437	-3.36383	
0.311753	-1.94466	0.862247	1.09711	0.578721	-1.23356	-0.883227	-1.22587	-1.13183	-0.469805	0.960215	-2.17714	-0.252718	0.513665	1.53345	-0.359961	1.92911	0.0795802	0.409916	-0.604048	
1.78491	0.55209	-0.367228	0.950282	-1.09983	0.684457	-0.180662	1.86031	0.249493	-0.126308	0.0338028	0.0573393	0.462749	0.752643	-0.596939	0.0466241	0.155632	3.21015	-1.08545	0.433522	
-1.13343	-0.289378	-2.2102	1.26832	-0.521029	1.98941	-0.261385	0.062786	0.637567	-1.8153	-1.13249	-0.953661	1.25913	0.926818	1.35938	-0.465337	0.1009	2.46049	-1.64404	-0.952072	
2.16253	1.17723	5.95783	-4.68201	7.27867	-6.54064	2.3222	1.01934	-3.1121	8.80742	2.0157	-1.74086	4.97085	-1.65503	-1.46229	2.08929	-0.474472	-10.0805	3.22036	4.20577	
-1.95861	0.238823	2.38544	-0.661325	0.272203	0.881321	0.913789	-0.322841	0.0457666	0.450065	-0.556817	-1.10446	0.984011	-1.38912	0.818336	1.53808	0.980034	1.51195	0.0400258	0.203863	
0.198529	-0.954871	1.03459	-1.47915	-0.642943	-0.401746	-2.17698	1.4106	0.642728	-1.24216	0.716821	0.152885	-0.353361	0.307672	0.643354	1.27937	-1.51244	-0.367851	0.167767	1.01371	
-6.89374	2.22661	0.193355	2.97192	6.57109	-2.03689	-4.00094	-0.305828	-0.847486	-6.94637	2.58547	-9.32936	4.61403	-2.42264	0.68082	-11.0265	7.98861	-7.1769	1.81701	-0.413195	
-1.33018	-0.510462	1.28124	-0.610421	1.31549	0.243088	-0.773605	0.739146	-0.644189	-2.0799	2.08914	0.29536	0.884889	-0.459252	0.439801	0.747973	-2.40435	0.549393	-0.463897	0.539246	
-3.62148	2.50698	2.01921	0.0499009	4.51583	0.0914927	-0.220089	-0.702463	0.248197	-1.90178	-0.820777	-3.95631	3.35611	1.21916	-0.862797	-3.8031	2.60753	-2.00573	1.99897	0.147037	
1.56771	0.318378	-1.43376	-0.215206	-3.40521	0.260549	2.31392	1.71257	0.425722	1.0949	-0.511293	2.86125	-2.48464	1.04425	0.212751	4.4077	-3.54628	3.62298	-1.44366	0.00491192	
-0.650331	0.245225	-0.835611	0.544647	1.50958	-0.27118	-0.900668	0.523517	-0.344605	0.499272	1.56745	0.897191	0.894559	1.75711	1.67482	0.628057	-0.11449	-2.31111	-0.778055	-1.03419	
-0.117781	-0.802438	1.90717	1.52549	1.61752	-2.21881	-0.545305	1.31054	0.522051	2.57134	0.344399	-0.460159	3.06658	0.103673	0.0449511	1.4884	-0.724703	-2.21384	-0.747408	1.79099	
2.79244	0.0432837	0.210198	-0.406754	-1.24542	0.907364	-0.598578	-1.20849	1.60696	0.292681	0.592047	-1.40431	-0.122745	0.403629	-0.358584	-2.05355	0.254702	0.699176	-0.670933	2.64951	
0.499051	2.56012	-0.75208	-0.133569	-0.22878	0.298524	2.97274	0.126014	0.119933	1.43346	0.509177	-2.43432	-0.867881	0.227019	1.26675	-0.364049	-1.29038	1.43117	-0.0596732	-0.335967	
-0.119766	-0.85231	1.28656	0.0243488	-1.44974	0.891504	0.0708923	-1.43824	-0.300696	-1.65269	0.772412	0.149024	0.360917	0.316843	-2.43207	-0.568364	-0.198068	0.390167	-0.461058	0.12124	
-2.39118	0.309539	-0.408887	-0.904778	0.544288	0.851642	0.197779	0.842257	-0.173655	0.0764695	0.111822	-1.18268	-1.46286	1.8635	-0.386313	0.766696	-1.00897	-0.791342	0.564388	-0.529897	
-3.12335	1.61281	0.208334	0.0964614	-0.772418	1.53877	-0.907372	1.18204	-0.620651	-0.467271	1.06125	-1.06588	1.51257	0.96307	0.823068	-1.00806	0.420537	-0.842912	-2.68678	0.178002	
2.14897	0.132628	1.02306	1.11941	-1.8082	1.3947	0.196971	0.158269	1.13213	0.146222	0.406956	0.270966	-0.755154	0.702326	2.43756	0.583319	-2.12283	-0.270315	-1.53211	0.071858	
4.77791	-4.19289	-1.13213	-2.32564	-6.19247	2.08385	2.09148	1.84896	-0.979807	4.53668	-0.272947	9.93836	-6.65705	1.6929	-1.99483	11.1206	-9.00321	7.80143	-1.59828	0.626538	
-0.959813	-1.23098	1.01334	-1.1367	1.11956	-0.776514	0.930706	0.926042	-0.958944	0.0530279	0.155444	1.66496	-0.751905	-1.66595	0.371051	0.330967	0.113571	-0.105495	-0.269442	0.262463	
-1.03148	0.0839118	-0.246584	0.975269	-0.219102	-0.757883	-0.493876	-0.338152	0.0425476	-0.821646	1.49511	-1.90428	-0.127979	-0.227451	-0.920818	1.29643	0.0764402	0.717844	1.18254	0.421218	
0.758069	-0.301956	-0.18496	0.681914	-0.0647149	-1.23143	-2.52998	-0.428115	-0.170342	2.17647	0.168855	2.11987	-1.74664	-2.27799	0.0958009	-0.0793674	-0.519455	-0.935042	-1.04269	1.60862	
-1.43523	1.0948	-0.828225	1.13424	-0.663251	0.345467	0.117736	-0.912588	-1.84553	-1.46376	-0.107925	-1.33687	-0.204487	-0.503205	-0.270891	-1.72587	1.87037	-0.463517	2.16314	0.772622	
-1.59677	0.124518	0.659368	-0.525598	-0.813294	1.08499	-0.464341	0.0453709	0.164542	-0.0215314	1.12321	0.29935	0.372925	-1.51099	0.647283	1.41798	-1.2389	-0.0707577	-1.28276	0.979579	
-0.550583	-0.428492	1.83538	0.342254	0.484663	1.35492	0.574836	2.11186	0.537731	0.227696	-0.136765	-1.17853	1.2556	-0.140828	-0.885551	-0.442391	1.09579	1.7435	1.18334	-0.209684	
-0.892399	-0.0795592	-0.890141	1.06831	-0.762071	0.197351	-2.12371	-0.330533	0.399246	-3.79285	-0.509815	1.94027	0.981972	0.0793552	-0.491325	0.589635	1.54533	-0.659265	0.0159798	-2.68916	
3.70175	-2.54597	0.207607	-4.17926	-4.19486	2.45001	2.68775	-0.0584871	-1.05132	4.83002	0.708724	8.34982	-4.84511	4.33972	0.92022	8.60553	-5.15307	4.65967	-1.95656	1.24468	
-1.32187	-0.659625	-2.075	3.31439	-3.80977	0.953511	-1.02555	0.0491396	1.0781	-3.7755	0.0700255	1.88198	-1.75099	-0.579442	-1.21929	-1.0162	2.29185	4.18395	-2.90232	-1.70589	
-0.117445	-1.16082	-0.184024	-0.212019	1.238	2.04825	1.85257	-0.0152593	-2.14379	1.22189	0.223287	0.110684	0.798024	-1.0593	2.12106	0.201751	-1.03603	0.25388	0.13097	-0.381907	
-0.491493	-2.08964	-3.33947	2.83197	-3.07464	2.14779	-2.88126	-0.548419	1.65444	-3.50266	0.492107	1.03724	-3.03873	1.74607	0.445052	-1.38756	-1.49001	2.45702	-2.48257	-3.74124	
-0.467365	0.0388848	-0.816513	0.631702	0.241844	-0.0382107	0.334909	-0.416545	-1.41891	0.784471	1.06867	-0.204915	-0.239848	1.00544	1.5467	1.51903	0.94346	0.104183	1.58442	0.410483	
0.0342036	0.872325	-0.175198	0.497037	-1.23237	-0.0517964	-2.55013	1.02067	-0.40846	0.628039	0.209163	-0.300764	2.25453	1.04355	0.907834	-0.132207	0.0997623	0.850068	-0.069893	1.18677	
-3.4231	1.90254	0.317948	1.92541	2.99247	-0.496263	-1.62996	-0.10879	-0.492859	-3.98355	0.0592443	-4.65889	3.93591	-2.08304	-0.292281	-5.69475	3.48611	-4.44866	0.228585	-1.03272	
3.32729	-3.02548	-0.457065	-1.6313	-5.87319	1.35113	3.71776	0.0921871	-0.231447	3.91561	-0.898432	7.09179	-2.70098	2.68218	1.16817	5.98453	-7.09789	6.61152	-1.93322	1.88954	
-0.214464	-0.339317	1.3752	-0.931118	0.18267	0.551273	1.06668	1.19395	0.322407	-0.846626	-1.35061	1.24738	0.198636	0.0409428	-1.48632	0.588464	2.02881	0.114844	-1.73278	-0.231265	
-9.64717	4.28241	-1.56186	5.22742	9.58859	-1.27451	-5.88745	-0.833986	-0.661422	-9.52877	1.98825	-13.5927	6.6122	-5.24675	-0.38728	-16.7438	13.9733	-12.3317	2.46314	-3.57856	
0.320243	-0.167312	-0.0633058	-0.249018	-0.554269	0.749377	0.337604	1.48487	1.18919	0.173052	-0.0540012	0.0442953	0.53177	0.189308	0.639739	1.29947	1.03179	0.549471	-1.81108	-1.79311	
-0.145463	0.969365	-0.125154	-0.650103	0.860347	-0.73866	-2.2688	0.709454	-0.332791	0.582661	0.336383	0.901443	0.189483	2.08502	-1.44849	0.109437	0.714761	1.84498	-0.083111	-3.18802	
2.55896	1.20684	-0.173231	1.35329	-1.36456	0.858035	0.11079	-0.413636	1.41511	-1.4947	0.798629	-0.98424	0.584641	-0.738779	-0.0395593	0.679376	-0.250129	2.63196	1.11852	-2.05829	
0.847793	-0.658869	0.115891	1.18784	-0.371448	-1.22893	-1.93334	-0.672198	0.326496	-0.37333	0.135054	-0.555578	0.209707	0.572344	-2.68747	0.938955	1.83073	2.162	-1.64374	-0.124711	
-1.36873	-0.561846	1.74962	0.457474	0.694463	0.64911	1.76126	1.51806	-1.4215	-0.204073	1.16071	-0.383521	0.568023	-0.806973	0.748413	0.662829	1.24874	-0.237675	-2.08118	0.290481	
0.454995	-0.460828	-1.06826	-1.11979	-1.603	0.353096	0.433938	0.437006	-1.24849	0.231999	0.2115	-3.02401	-0.869371	-0.583109	-1.4174	-0.255155	1.03754	-1.4522	-0.987856	-1.12427	
-0.394553	-1.05154	2.89546	0.0791231	-0.461585	1.50826	0.119683	-0.0629067	-0.357969	0.0175406	-0.176258	0.0967414	-1.52495	1.7829	-0.0391384	0.229415	0.171353	1.50888	1.25867	-1.13286	
-1.25149	2.00879	-5.04358	5.79475	-0.00921915	4.2172	-2.20675	-3.12155	2.11562	2.85237	0.914956	-0.803443	6.1833	-1.66507	-0.0723295	-2.07691	-4.292	-0.125119	-0.0567427	-1.77171	
0.0470516	-0.370852	0.597286	-1.61353	-2.67733	-0.042642	0.624508	1.55864	0.591317	3.65576	-0.0515806	1.90118	-0.440642	0.498419	1.22936	1.85521	-2.26105	2.21856	0.258538	1.21114	
0.758644	1.33206	1.70651	0.171176	-1.88855	-0.608773	0.531215	0.464814	-0.0894643	-1.26716	-0.382663	-0.344785	0.136181	-1.28758	0.922836	-0.122037	-1.35583	-0.390964	-1.07442	1.61145	
1.91492	1.58307	5.19034	-1.55987	5.21273	-1.05426	-1.25903	1.36055	1.83499	-0.584229	1.20752	-2.02903	0.0700326	-1.28672	-0.063057	-0.775137	-0.311422	-3.48498	-1.10865	-0.233106	
-0.0865157	1.74769	0.265018	-0.838312	0.00498273	0.210322	2.19431	-1.08866	1.39187	-1.42388	-0.254762	1.22431	-0.870231	0.96897	0.437974	0.0855876	2.14327	-2.53694	0.946645	0.756369	
-1.01669	2.73187	0.450881	1.29881	0.40313	0.544686	0.513133	1.08099	-0.907279	0.658116	-0.931457	-1.08855	0.406696	-0.619899	1.36933	-0.662896	-0.290745	0.116034	-0.863736	-1.26606	
1.95189	-0.14759	-1.61574	-0.0401017	-0.534338	-1.02638	-0.606985	1.01676	-0.122394	-0.843166	0.754597	0.585024	1.10656	-0.686084	1.62872	0.587544	-0.105073	0.507784	-0.143239	-0.994536	
-1.737	0.0147743	0.0716961	0.317051	-0.0904784	1.07614	-2.3742	0.603257	-0.259223	0.404691	0.464019	0.323042	-0.134534	1.89514	0.239886	1.32774	-0.379994	-0.459189	-0.62246	-0.425621	
1.45351	0.690954	-1.49582	-0.0841959	-0.406727	-0.0380612	0.0570681	-0.194943	1.74552	-0.208533	-0.641675	-0.083501	0.466379	0.21863	-0.902295	0.28892	1.19733	0.135188	0.935685	-1.01555	
-0.482113	0.731271	0.847055	-0.0500654	1.07603	0.64953	-0.615455	-0.44949	0.226352	-0.101653	1.27319	1.5532	-1.21204	-1.1351	-0.186723	0.82529	-1.31559	0.920471	-1.62787	-1.60431	
2.17028	1.02382	-0.0240937	2.05457	-0.179652	-0.352942	0.225263	0.343495	-1.03005	-0.579621	0.423153	-0.971422	0.613151	0.976663	-0.114642	-0.92627	-1.81733	-1.56997	-1.01554	-0.201202	
0.71937	-1.1917	0.420926	-0.183302	1.04484	1.15456	-0.374975	0.0393653	-0.799073	-1.23194	-0.208911	-0.20743	1.63981	0.165019	-0.328335	-0.025115	1.48852	0.323369	0.845207	-0.234526	
1.78697	0.387064	-0.0715572	2.07106	-1.1997	-1.09175	1.41166	-1.60041	-0.824551	1.29315	0.419831	0.340147	1.19038	0.331509	-1.06223	0.617727	1.41689	-0.464542	-1.57345	-0.768742	
-0.876655	0.118713	-0.4233	1.61653	-0.716054	0.574662	1.15432	1.06888	-0.976263	-0.0995103	-0.153211	-1.21198	-0.0894126	-1.45018	0.415395	0.710871	-1.4914	-1.02975	-0.539261	1.27747	
-0.286503	0.527997	0.0932537	1.80831	-1.61102	1.05995	-0.137177	1.4452	0.207827	0.154793	-1.35004	-0.304119	0.451493	-0.527259	-0.69696	2.2653	0.766888	1.69648	-0.211271	-1.69999	
2.08288	-0.639405	0.738923	-0.101203	-2.69256	1.11446	-0.50477	1.29954	-0.124022	1.28731	-0.975443	2.86847	-1.93421	1.05448	0.809867	2.52516	-1.22216	1.66586	0.998162	0.0711338	
2.23481	0.180512	0.360203	-0.376752	1.03415	0.0880434	-0.289893	-0.643605	0.544649	-0.0236403	-1.06978	0.898296	0.778681	2.57781	-0.363849	1.54565	1.98448	-1.71078	-0.385074	-0.496899	
-0.00407497	-0.223247	-0.642891	0.784539	-0.537619	0.640549	-1.59217	0.24886	2.71961	-1.16341	1.07805	-0.361204	0.351429	-0.31779	-0.38564	0.52194	0.267247	1.0701	-0.845874	-0.680241	
0.422887	-0.189919	0.0308476	-0.746067	0.404332	-0.340773	-0.84798	0.413076	-0.612323	-0.0820955	-1.31241	0.832866	0.467604	-0.523214	1.43309	-0.506577	-1.67744	-0.336551	1.56499	-0.0808108	
0.330621	-0.0235878	-0.850981	-0.950271	-0.379601	1.31608	0.410349	0.183009	-0.883954	-1.29812	0.284062	0.260999	0.774139	-0.752073	-0.350399	0.908009	0.629881	0.354634	0.0611448	0.0683591	
1.68327	0.435244	0.325983	-1.27723	-0.6339	1.54575	-0.356587	0.0782577	-0.0381695	-1.46978	-0.739323	-1.4928	0.282957	-0.764813	-0.305999	1.35144	-0.378806	-0.29079	-1.2356	-0.326427	
-0.721812	2.85294	-0.0826247	-0.122031	0.652067	0.544819	-1.33538	-0.0430092	0.086446	-0.205835	-0.458403	-0.349251	2.23415	-1.12097	-0.457588	-0.0729363	0.158045	-0.639943	0.484986	-0.522802	
6.64135	-2.74627	-0.987517	-1.64832	-10.0629	1.70692	3.26838	2.97233	1.01517	9.00574	-0.660976	13.0306	-4.83919	5.57061	0.684919	15.1345	-13.2288	11.0383	-2.8034	1.1957	
-0.206472	-0.927702	0.86984	-0.522943	-1.08709	-0.299024	2.13283	-0.363347	1.59989	-0.103667	-0.838742	-0.923808	-0.230763	-0.255484	0.116277	-0.695217	-1.87839	-1.49903	-0.895281	0.270936	
-3.44233	-4.25519	-10.3496	9.50121	-5.05131	5.59985	3.99243	-6.74611	-7.58352	-2.87739	0.790469	3.66274	2.22775	8.68563	0.806077	1.1698	1.68062	5.07524	2.59248	5.64653	
-1.53848	-0.502805	-0.933565	0.566285	0.0687288	2.21904	-1.0486	1.39436	1.26422	-0.00246569	0.244806	0.100846	1.65871	-1.25747	-2.36959	0.74116	1.05499	-1.38222	-0.507038	-0.0622567	
-0.717345	0.296162	0.400354	0.254416	3.01883	0.0684159	-1.15424	1.26895	-2.33255	-0.74614	-0.0557669	0.868825	-0.355389	-2.25871	0.527126	0.717104	-0.300426	-1.63098	0.0165152	0.0447872	
0.117098	-0.851375	-1.04026	-1.05845	1.10343	0.129638	-0.535607	1.6311	0.57265	-0.1695	-1.37748	-0.148852	-1.58516	-0.0399785	-0.400186	0.528955	0.708813	-1.10951	-0.0719075	0.108938	
3.53236	-2.38508	-1.30507	-0.988544	-5.48926	4.03895	1.38632	0.847562	0.271797	4.06041	-0.660022	5.09026	-2.60255	2.53497	-0.0229897	4.28043	-5.83053	5.82791	-0.943619	1.39671	
1.1624	-0.27002	-0.494232	-0.370241	-0.134268	-0.333406	-1.10585	-0.537522	0.0483977	-0.471498	-0.487269	2.80139	-0.627667	-0.202223	-1.01434	4.47638	-3.67948	0.769646	0.174029	0.924018	
4.53372	1.97206	7.32496	-6.91688	5.20391	-3.76665	-3.83304	5.03031	5.28119	0.920833	1.22948	-2.67799	-1.03476	-4.99066	-0.977256	-1.37403	-1.52308	-1.79154	-2.36313	-2.6788	
-0.916488	-0.673529	0.313918	1.40138	-1.18413	0.31935	0.74108	0.176101	0.0619575	-0.926638	0.498716	1.25685	0.379344	0.628662	-1.27201	-2.00813	-0.0319751	-0.174506	0.170661	-2.00169	
2.177	-0.611352	-0.561802	0.597353	0.651293	0.356876	0.883696	0.392154	0.88498	0.0421097	-0.0193268	-0.185979	0.650764	1.03606	1.41972	-0.850035	-0.360066	1.08981	-0.921293	0.204056	
-1.68636	-0.933389	1.19223	-0.475038	-0.971655	1.96392	-0.283101	1.77352	-0.272558	1.46522	1.86443	-1.16052	0.730401	0.270573	-0.506106	0.832643	0.114696	-0.562642	0.360963	0.167985	
-0.118633	0.345959	0.859568	-0.694634	1.04542	0.871335	-0.140637	0.102222	0.801292	-0.588324	-0.065369	0.953929	1.60272	-0.726745	-0.856912	0.324828	-2.28248	-0.0931459	-0.642255	-1.21567	
-0.290116	-0.385525	-2.33356	0.535262	-0.554041	1.29958	2.68674	0.423276	-0.0776665	-0.569562	2.30844	-0.146632	1.39925	0.130751	1.57498	0.755806	-0.502777	1.0197	-0.666248	-1.48543	
-13.8649	-1.24737	-10.8382	-23.232	11.5902	-1.12101	-19.8372	-6.54613	16.3291	-2.77986	20.3001	-14.8282	-11.0687	-7.82636	18.3771	-17.8423	-15.2383	-7.03861	-8.73344	7.21949	
-1.18358	-0.324051	-0.164619	-0.690648	-0.0853655	-0.634838	-0.34601	-2.70975	-0.659609	-0.826562	-0.425344	-0.839854	-1.2512	-2.32177	-0.531953	0.175529	0.0299933	1.59478	-1.06149	-0.0985602	
-2.60421	-1.55506	-1.05615	-0.843825	0.128807	-0.0629719	0.566507	0.706903	0.0470769	0.341523	0.0864067	2.23205	-0.273366	1.32846	1.5562	1.68489	0.331901	1.07303	-1.1826	-0.274039	
-0.390708	-0.48788	-0.0540486	-0.398372	-1.79226	-1.18837	0.279305	-0.156263	0.687755	-1.2252	-0.543634	-0.952967	-0.734059	1.4928	-0.849956	-1.53902	-0.00393494	-0.684464	-0.497092	-1.15443	
0.782118	-0.0850055	-1.01169	2.04008	0.243968	-1.60946	1.09914	-1.78896	0.74279	0.634698	-0.39089	-0.488978	-0.552208	0.415457	0.0554456	-1.23191	0.501549	-0.760659	-0.655401	-0.315444	
0.198263	-1.22774	-0.744591	0.457043	1.54562	0.506196	0.712016	0.930221	1.75159	1.77654	-2.35743	-0.922758	2.08497	1.25239	0.749905	0.7981	0.83849	-0.745001	2.9357	-0.0624164	
-0.0319936	0.086952	-0.262202	-0.793041	-0.27417	-0.367448	-0.467193	0.121073	0.668795	0.283091	-0.320168	1.54016	-1.43055	0.507141	-0.303719	-0.367411	0.532744	-2.04269	-1.67656	0.370236	
-3.79296	-2.69116	-9.4175	9.82074	-5.22123	4.89968	2.02505	-4.8524	-5.86834	-0.184836	-0.925348	0.830239	5.89697	4.40112	3.03851	-0.166099	-0.0997957	2.80987	3.15289	2.32182	
0.212561	-0.985506	1.12772	0.488102	-0.0478736	0.797986	1.37184	-0.0439204	0.879962	-0.444699	-1.61664	-0.150769	0.927415	0.368982	-0.271347	0.226012	0.567328	-2.69807	1.65565	0.148368	
0.444805	-1.37362	-0.647172	-1.85761	0.666358	0.0164438	-0.0476522	-0.428209	1.84054	1.43314	0.411219	1.43028	-0.247252	-0.768568	1.02736	1.16213	-0.500306	-0.0732274	-1.16544	-1.28806	
-0.475595	-0.186698	-1.70597	0.635056	0.918489	0.924812	0.278622	1.64337	-0.0469575	-2.28742	-1.00886	0.554617	0.529228	1.16796	1.8262	-0.8825	0.359869	1.7473	-1.49663	-1.52427	
-0.518955	2.04454	-0.694148	0.18003	-0.586727	0.659025	-2.20381	-0.125924	0.158961	0.997451	0.504299	-1.19281	0.2224	-0.850899	0.897864	-1.28239	-0.188175	-1.42707	0.217465	0.655063	
-0.898876	2.33511	-0.180965	-0.361687	1.40356	-0.305478	0.142282	-2.38988	1.21809	-0.28545	-0.318193	0.245782	0.120842	0.410755	-0.37854	-0.647606	0.554692	-1.88569	-0.271616	-1.56295	
-5.19938	1.42846	-1.44612	-5.37507	5.25992	-1.12946	-6.18764	-2.40389	4.76427	-4.56684	6.08438	-7.07524	-1.7896	-4.55718	3.65016	-8.69311	-2.35812	-4.98433	-0.931804	-0.167978	
-1.13778	-0.617409	-4.22554	3.78698	-5.03929	2.4059	1.14159	-3.58404	-4.79342	-1.73928	-0.501714	3.6385	-1.28447	3.4456	2.11272	1.62108	-0.0720402	3.14485	2.37514	1.63167	
-0.0684236	-1.30107	-0.222797	-0.842476	-2.08225	-1.43311	0.120223	0.175457	1.27545	0.987175	-0.387426	0.522517	-1.05575	0.765327	1.08578	0.334311	-1.55399	-0.861605	-0.128495	1.27832	
0.0732978	0.0825069	-2.58602	0.122528	2.30208	0.399182	0.841848	-0.392531	0.707573	-0.183407	-0.446957	0.187753	-1.12185	0.949912	-0.384237	-0.369908	-0.854717	0.55913	-0.510998	1.06353	
-0.342911	1.22774	-0.504954	0.921621	0.099431	-0.322016	-0.267725	-0.324209	0.498986	-0.133084	0.529521	0.866856	-0.941658	0.696556	-0.0269357	-0.189937	-0.325909	0.884997	1.56413	-0.807929	
-0.920133	1.34514	0.897547	-0.567468	0.201999	1.43127	-0.852481	0.405172	-0.636806	0.539209	-0.674182	-1.85357	1.0638	-0.335128	-0.294383	0.728139	-0.693381	-0.561135	0.531565	0.0671462	
0.0291352	-0.570989	-0.987012	1.50628	-0.0948461	0.890308	-2.06688	-2.2159	-0.0860422	0.1255	0.218405	-1.08637	-0.0028031	0.565383	-0.244534	0.795926	0.389973	-1.25398	0.262729	-2.00003	
-1.20189	-0.657166	0.0503902	-0.451363	-0.323106	0.171905	-3.15739	0.545518	-0.114839	1.01042	-0.943648	1.35488	0.0522877	0.000968902	-0.142623	-1.8117	0.725744	0.526278	-0.0552338	0.849255	
-1.28353	0.505704	0.540001	0.233894	0.00105226	0.377764	-0.136392	-0.432927	0.0728442	-0.519053	-0.593163	-0.997196	0.766588	-0.581215	-0.998812	-0.0747791	-0.904042	-0.784358	-0.230402	-2.47382	
-0.896598	-1.56756	0.164926	0.865587	1.27882	-0.23315	-0.274363	1.95342	-0.255563	0.524308	1.80254	1.59623	0.740285	-0.6913	-2.12613	0.957317	0.0944723	-2.32089	0.423747	0.373115	
0.387615	-0.914947	0.310026	-0.854262	0.347455	0.447784	1.76317	0.569276	0.652077	0.0435714	0.0142758	-2.02443	0.919074	-0.784247	0.568188	1.7764	-0.816349	0.404238	0.996678	-0.989765	
-1.13393	0.851608	-0.989874	1.77567	-0.426435	1.92948	-1.88772	-1.87302	2.1669	-0.743532	-0.805886	-1.01718	0.273468	0.540802	2.04224	1.18712	0.828735	0.0860977	0.0894526	1.61544	
-0.494953	-0.503727	-0.786104	-0.197318	0.0172847	0.0751677	-0.174802	-0.749757	-1.67289	-0.325179	-0.690519	1.93291	-0.080449	-1.02161	-0.738544	-1.92717	1.74529	0.387977	0.307261	-0.780658	
0.196911	1.4585	1.74852	1.42563	-1.72372	-1.09063	-1.53277	-0.558275	-0.238747	-0.462646	0.111271	-0.540019	-2.22467	1.23351	-0.0850381	1.3266	-0.845161	0.506223	1.00153	-0.512309	
0.063701	-1.80344	0.330245	-0.335149	0.637514	0.422919	-1.69572	-0.949494	-0.862441	-1.19956	0.316512	-0.356757	-1.58664	0.159117	-1.24677	0.870404	-0.238172	2.16974	-0.384661	0.37472	
-1.00287	0.113539	0.958011	-1.46427	1.37592	1.09897	0.857124	1.47582	1.08098	1.11427	0.606365	-0.0724262	0.626092	1.11341	0.272232	0.490135	1.853	0.435351	1.26088	0.0699054	
-0.140004	-1.16972	-1.392	0.44308	-0.594269	-0.851845	1.66224	-0.595719	1.23748	0.135275	-2.02251	-0.89217	-1.86139	0.934265	1.51335	-0.109475	1.18637	-0.450234	1.03734	-0.998791	
-0.0560426	0.728105	0.38893	-0.754389	2.57879	0.499624	1.58914	1.82532	0.46639	-0.767498	-0.570421	0.260043	0.114265	1.98351	-0.530088	-0.499327	1.49916	0.897197	0.285218	0.999368	
0.817148	0.586134	0.0820624	-1.37773	-1.13028	-1.89498	0.941752	1.29043	1.19944	0.105823	-0.428976	-0.613339	1.94416	0.602672	-0.230246	-0.369237	-0.190089	0.982541	0.0178193	-2.52069	
1.98244	-2.99474	3.11579	-3.83952	-1.04904	-0.700214	1.19932	0.662026	0.867787	-1.33496	0.851407	-0.0399722	-4.75167	-1.59684	0.0853888	2.77795	-1.09866	-1.3756	0.111192	-0.888983	
-14.0103	-1.39584	-9.64183	-23.8483	11.2315	-1.23205	-21.3209	-5.12107	16.4338	-1.09347	22.5962	-15.8789	-13.0616	-8.08181	20.1453	-20.7557	-14.7165	-7.62038	-7.01857	8.42729	
0.144206	-0.73202	0.843022	-0.674916	0.192702	-0.454721	-0.457925	-0.283871	-0.727154	-0.292413	1.53369	-1.87832	0.362774	0.0832119	-0.227115	-0.0880321	1.33586	-0.257559	0.413269	-2.05085	
1.9601	1.50044	0.82513	-1.87358	0.0656472	-2.22987	-1.65738	1.52297	0.0250602	-0.096071	-0.88229	-0.64336	-2.05005	0.0574925	0.300072	0.10703	-1.47717	0.124922	-0.737295	0.574784	
0.0211102	0.658894	0.892696	-1.1988	-2.35613	0.0233907	-0.901411	1.29054	-1.8356	0.00516903	-0.364527	0.573051	-0.538124	-2.20593	-0.750483	-0.771254	-0.608019	-1.20268	-0.723138	0.389581	
-3.28824	1.21467	-0.175236	2.46624	3.40569	-1.80471	-2.63361	-0.636	-0.152605	-3.38079	-0.0638564	-6.54051	3.54445	-2.26011	-0.644007	-7.1545	5.60098	-4.26222	1.4497	-2.23408	
5.12068	-0.0694115	5.04029	10.3843	-6.59527	1.44172	8.68509	1.2766	-5.63416	1.46573	-7.06629	4.06906	5.69901	2.91334	-6.35054	5.12403	6.74636	3.13725	3.75409	-2.84874	
-1.78107	-0.517373	-0.271862	-0.863483	0.994504	-1.98206	-0.360029	1.23157	-2.19354	0.29281	1.95466	-1.85413	0.194097	0.0779945	-0.809272	-1.31203	-0.840744	-0.246986	-0.059979	-1.42737	
-0.959854	0.300597	-0.78147	1.3681	-0.800869	-0.312202	-0.493634	-0.675792	-1.28464	-0.213178	-0.615442	-1.43763	0.59641	-0.548739	-0.379693	1.15818	-1.64914	0.506066	2.2439	0.149457	
-1.15771	2.31599	-2.80085	2.47245	-1.7275	2.68945	-1.73459	-0.434019	1.1121	0.438489	0.706479	-0.583793	5.04382	1.10373	-0.856475	-1.65219	-3.56424	1.56349	-1.02062	-0.191732	
6.67385	-1.53986	-4.90437	-0.653069	-8.20338	3.33827	1.9475	0.469118	-0.123429	8.05179	0.175629	10.3332	-1.1244	1.53067	0.0171082	9.28652	-11.2199	7.64126	-4.85592	1.29087	
-1.69829	1.00871	-0.521185	2.21726	-0.177745	0.90773	-0.957276	-1.15664	0.940511	-0.382677	0.970489	1.02966	-0.347778	-0.917771	-0.140007	-0.176349	-0.609619	0.750216	-2.52466	0.041323	
0.374112	0.601496	-1.19781	-0.555197	-0.256592	0.498636	-0.703085	3.09497	-1.02167	-0.329402	1.11114	0.179904	-0.265454	0.872369	1.22461	-0.132553	0.399555	-0.610381	-0.539766	0.578304	
1.36848	0.623395	2.00717	0.262314	-1.99128	-0.135368	1.10157	-0.275582	1.44669	0.936024	-0.39596	-1.42156	-0.204613	0.0552861	-0.0126118	-1.49055	-0.414454	-0.627961	1.61904	-0.833664	
-9.96069	0.624118	-6.81742	12.8	0.789746	1.96112	-1.21317	-8.16415	-5.41513	-7.75209	0.260915	-7.31729	6.33549	3.94073	1.04367	-11.4431	11.4336	-6.40274	3.73595	1.93853	
-1.34058	-2.3561	-0.607621	0.30737	-0.487526	1.31751	-1.38024	-0.825676	0.363002	1.33304	-0.854887	0.836074	-0.15916	0.435464	-0.633494	-0.552679	-0.840787	1.04836	0.422239	-0.709311	
0.352019	0.275744	1.24808	-0.161558	-0.297277	-1.6635	0.705341	0.61044	2.28214	0.96197	0.45817	-0.943085	2.35368	-0.929779	0.526443	-1.70679	1.28392	-2.39622	0.290228	0.17754	
-3.29921	1.09133	1.47496	1.28938	4.04206	-1.42739	-3.79555	-1.81926	0.16104	-4.56982	-1.07541	-2.49084	2.06203	-2.47742	-0.139197	-5.65802	2.3109	-4.66207	2.26564	-1.50339	
-0.372687	1.60373	0.35874	0.361542	0.896638	1.29671	0.29658	0.298309	1.54798	1.33839	0.520587	-1.10694	1.01074	0.154905	0.0345917	-0.695601	-0.512872	2.42056	0.507366	1.19363	
-2.99354	2.95415	1.03961	1.77579	4.02308	-2.61546	-1.693	-0.0926429	1.91883	-1.36198	0.553156	-2.19467	1.6154	-0.957454	0.926735	-6.39409	1.68315	-2.82678	2.06782	-1.00712	
1.06478	-0.579931	0.991964	0.0148011	-0.902709	-0.235161	2.07156	-0.186134	0.59949	1.9458	1.11033	-0.506965	0.171156	-0.370092	-0.60785	1.512	0.797034	-1.1424	-0.738577	-0.633268	
1.63698	0.94291	2.3631	-0.948549	-0.636165	0.0588864	-0.287536	-0.643804	-0.931615	-0.474496	0.821367	-0.121724	-0.711133	0.742306	0.769466	1.0562	-0.428274	-0.628453	0.226841	0.0947561	
0.347145	-0.471951	-0.576127	1.09395	0.0355622	0.387325	0.447392	1.38566	1.26241	-0.171638	-1.72617	0.89966	-1.09609	0.233142	0.203556	1.11648	0.781867	0.263004	-0.787992	0.311393	
-0.211326	1.5047	-1.07706	-0.0442848	-0.369603	-1.15944	-1.2082	-2.67304	0.626685	0.0605626	-0.14002	0.674208	0.139645	0.248633	-1.47905	-0.978227	0.585209	0.211962	0.203788	0.50409	
0.402408	2.07886	-0.21442	-1.2327	-0.0645531	-0.795677	0.464101	0.375609	-0.617234	0.723369	0.866962	-0.829121	0.561946	-0.0571991	-0.181058	-0.786551	-0.922398	-1.6808	-1.5454	-0.278782	
2.1167	-1.83028	3.00203	-4.58674	1.73337	-2.67871	1.72264	1.73686	-0.459712	-2.31049	0.60184	0.782003	-2.69469	1.7049	0.0746287	3.61092	4.52072	-2.80122	1.31851	-1.46535	
-1.45253	-0.136457	0.729908	-0.597072	-1.27206	-0.475906	1.55407	-1.40864	1.61762	0.424954	-0.473786	1.11296	-1.17282	-0.356468	-1.85046	-0.348412	0.0958734	1.78509	0.411975	0.935023	
-0.0937527	-1.86815	0.302649	0.33388	-2.60201	1.75964	-0.599077	0.326018	-1.02244	1.135	-0.825093	0.0140635	0.748004	0.424751	-0.980439	-1.24668	-0.036095	0.145483	-0.276713	-0.00640099	
-4.96828	2.80521	1.30675	1.63671	7.84435	-2.36405	-3.49514	-0.519344	0.20861	-4.14597	1.60364	-7.23914	3.03107	-2.09318	0.744297	-9.5225	5.85494	-6.29948	0.161223	-1.18289	
-1.82929	-0.263043	0.0217105	0.550035	0.492061	-0.876693	1.01209	-0.893773	0.924608	1.97169	-2.14669	0.297681	1.3877	0.487722	-0.356546	1.08813	1.04564	-0.763956	-1.60357	-0.0740073	
-0.509988	1.66157	0.540166	-0.16302	0.570568	0.518328	-0.376412	-0.426874	-0.547409	0.587025	0.727637	0.0146874	-0.541626	-1.75444	-0.485026	2.14604	-1.02823	0.294534	-0.331795	0.539995	
0.919349	-1.98619	-0.636745	1.46194	-0.201646	2.75599	-0.483661	0.34304	0.689399	-0.808963	-1.10172	0.817745	0.199476	0.937422	-1.93256	-0.876745	-0.333258	1.16056	0.678422	0.606196	
-0.15145	2.18592	0.83885	0.860212	0.425221	0.696198	1.58182	0.146652	-0.683678	0.678476	-2.01059	-1.53646	0.146354	0.768141	-1.95429	1.16697	-0.742525	-0.962176	-1.18392	-0.368823	
-0.882828	0.342035	1.80823	1.20127	0.176614	1.61855	-0.775203	1.01621	-0.438078	0.607437	-0.415902	0.476474	-0.695861	1.40536	1.04071	-0.734104	0.853309	0.0542304	0.200516	-0.365574	
-0.994336	1.34444	0.412035	-1.60951	2.31638	2.26587	-1.02952	1.09143	-0.00243773	-0.117508	0.19175	0.0583022	-0.154358	-0.959305	-0.854019	0.578541	0.112229	-1.25874	0.346049	-1.279	
1.77144	-1.21344	-1.47883	-0.697765	0.7502	-0.343725	0.737614	0.25732	0.721397	-0.620113	0.159932	1.64296	-0.767767	1.4132	0.37386	-0.433228	-1.44061	0.225964	-1.30308	-0.0240067	
-0.212175	-0.885567	1.02964	0.920528	0.0335391	0.863919	-0.452581	0.170236	-0.857684	-0.459977	0.616765	-0.344356	0.767233	0.310531	1.5244	-1.04211	0.718815	-1.16614	1.99142	1.79938	
-0.628178	2.50801	0.375679	1.67407	-3.63209	-0.859548	0.636768	0.582843	1.15184	1.66878	-0.482671	-2.83855	0.571098	1.91378	-0.717679	-1.75047	1.05411	-0.198691	-0.434909	1.10333	
-3.64901	3.71584	-9.6059	12.1507	-1.79499	7.46095	-1.50645	-6.34642	2.64551	5.00069	2.19195	-3.24773	8.49481	-2.8325	-1.81513	-3.77069	-7.6323	4.18507	-3.64585	2.82	
-0.782506	-0.447211	0.715961	0.0306048	-1.04521	-0.973898	1.25999	0.194589	0.379922	-0.593186	-1.07309	0.411436	-0.70188	0.196573	-1.1614	-0.189418	0.545892	-0.144902	1.29806	0.517212	
0.928055	1.94363	1.75967	2.31859	0.399768	-2.17426	-0.857722	3.67425	2.49441	0.250422	0.749571	2.73665	3.39416	3.44141	-2.46289	-1.25443	0.32679	-1.18702	-2.12688	5.80682	
-1.1439	-1.17479	-0.27033	1.22304	-1.76961	-1.59942	-0.280372	1.4981	-0.196804	0.0804391	0.548046	-1.38551	1.80658	0.478942	0.114732	-1.40045	0.333339	0.0103873	0.364566	-0.96123	
1.7634	-2.7329	-0.342502	0.8055	0.677133	1.93327	0.93677	0.24869	0.31382	-0.721673	-0.214675	-0.0104577	-0.379328	-0.193939	0.186967	-0.97752	-1.586	-0.617002	1.52676	1.82267	
0.589997	-0.91916	-1.91477	0.657575	0.33247	-2.40219	-2.32358	0.609972	-0.97574	1.79437	-0.105186	0.772394	0.0413917	-0.358364	-0.506727	-0.510099	1.62578	0.0148178	0.274184	0.191364	
0.457314	0.670266	-1.14443	-0.24208	-0.250256	1.24094	0.708209	-0.308459	-0.883445	0.769703	-1.12762	1.3114	0.665071	1.66987	-1.68037	-0.663519	-0.766568	0.996839	-0.15267	-0.45229	
0.825068	1.21919	1.3191	0.308099	-0.86416	0.68387	-0.477355	-0.459221	2.24568	-0.250775	0.422073	-0.312043	-1.04492	-1.03493	1.33744	-0.347469	0.83071	-1.32094	1.5284	2.31234	
0.63651	1.18649	-0.318567	-1.25834	-0.452884	0.811415	-0.678844	0.612598	0.30167	0.914234	0.338837	0.690325	0.0276007	1.37924	-1.21923	-1.84472	-1.72787	-0.6554	-2.13499	-1.31584	
0.619131	-0.569957	1.18256	1.90146	1.23357	0.366627	-0.0421261	1.15196	-0.0887988	0.74996	0.141726	-1.01486	1.7887	1.26645	-0.450484	-0.197928	1.65445	0.871703	0.425621	0.212453	
0.612315	-0.381477	-1.0704	0.0577757	-0.0591513	-0.674752	0.306632	-0.352108	-1.59599	1.23142	-0.529126	-0.516932	2.47365	-0.988731	-0.667947	0.571453	0.967967	1.51911	-0.567487	-0.352807	
0.526757	1.35461	0.81922	1.98065	-1.11715	0.2165	-0.399013	0.0290066	-0.843809	0.989836	-0.218495	1.59117	1.01069	0.130026	0.216892	-0.699481	-1.05625	-0.807822	0.251461	0.943791	
-0.0809251	0.467486	-0.61758	0.349092	-0.88876	-0.323285	0.590933	0.524618	1.07791	0.0361048	-0.0948343	-2.29917	0.39786	0.764126	1.32346	-0.365317	0.109286	0.967215	0.722947	1.53161	
1.75276	-0.865317	2.17568	-1.56594	0.0474558	-2.64533	0.606804	-0.274558	0.26605	-0.519129	0.0273728	-0.746115	-0.390568	0.189189	0.384578	-1.06641	0.188774	1.23809	0.807884	-1.11778	
-0.88844	-0.542083	-0.736295	-0.294216	0.10019	1.25778	0.081251	0.361565	0.241582	1.65843	-0.310668	-0.220806	-1.68638	0.180398	-0.121424	1.12213	0.125188	0.885687	-0.0339207	0.703234	
-0.742213	0.444859	-0.64354	-1.59604	-2.827	0.100126	-0.680566	1.79402	-0.982016	0.410025	0.0767075	-0.0293178	0.268233	0.414665	1.20286	0.513356	1.6776	0.301637	-0.829147	-0.0152157	
-0.530266	1.11433	1.68328	-0.776419	0.0644567	-2.17362	-1.71634	1.59022	-0.200721	-1.02861	-1.2778	-1.18049	0.346155	-0.495271	-1.03013	0.123395	1.47086	1.80812	0.399498	0.00102194	
0.436415	-0.285093	0.559305	-0.684978	-0.409183	-0.434057	-0.516863	1.36634	2.01797	0.266571	-0.478771	0.834209	0.210157	1.14478	-0.269257	-0.568675	-0.0213192	-2.41049	0.658771	-1.45752	
-0.0161417	-0.31931	0.84791	-0.377678	0.103116	-0.450912	-1.59457	0.2164	-0.106343	0.0771716	0.487034	-1.66533	-0.752226	0.461744	-0.708276	0.490811	0.33649	1.29677	-1.61775	1.15458	
0.711762	-1.44829	0.101324	-1.02388	0.664582	0.0310663	0.21941	-1.05856	-1.15454	-0.546052	0.419904	-0.514125	-0.384363	1.44597	0.635175	0.567274	-1.024	1.09128	0.879256	0.321795	
0.431418	-0.393079	-0.0712549	-0.504157	1.69553	-0.789263	1.13956	-1.56546	-0.391223	-0.841503	0.272004	0.207476	-1.08511	-0.936895	-0.820801	1.75911	0.648178	-1.29752	-1.05228	-0.919466	
1.04474	0.736713	0.171749	0.482976	0.493069	-0.630904	-2.34053	2.19306	1.51782	-0.707634	0.0339849	3.0718	0.287682	1.84568	-1.63696	0.562956	0.937457	-1.36822	-2.16748	4.14584	
-0.384272	0.894994	-0.0257684	-0.308778	-0.918754	0.275801	-1.7321	-0.620436	-0.363547	-0.161829	-1.47796	0.260114	-0.0789395	-0.0835245	-1.44739	-0.11725	-0.458123	-0.0576977	1.54748	0.237349	
1.50094	-1.07222	0.730737	1.24365	1.21465	-0.883855	-0.238239	-0.325854	-0.259998	0.514504	-1.01571	2.64065	-0.608253	-1.07817	-0.625493	-2.71995	0.697073	1.44937	0.558672	-1.10838	
4.29042	4.49739	12.7427	-10.7743	9.33754	-3.39896	-4.64924	7.96187	6.8574	2.73612	0.02812	-6.56905	-2.89439	-9.56326	-2.71383	-0.64429	-1.80449	-5.93004	-5.56999	-4.46366	
-1.42837	0.767446	0.393352	-0.406384	-0.95214	-0.48284	-0.0428996	-0.835528	0.568141	-1.30642	-1.38301	-1.37814	2.2155	-1.19559	0.787017	-0.860038	0.0504175	0.435767	-1.19746	-0.283934	
-0.0618263	-0.602531	-0.899826	0.521047	-0.996129	-0.479568	0.717498	-0.951307	1.10578	0.702725	-0.844401	-1.08109	-0.872888	-0.4101	0.696455	0.681811	0.657888	-0.407858	-0.76239	0.269684	
1.11208	-0.94388	-1.57461	1.2998	-0.611006	-0.168318	-0.0327008	0.252109	-0.728354	-1.78292	-0.65121	1.03747	2.6072	-0.798175	0.443685	0.690635	0.387034	0.965963	0.264358	1.01592	
-0.817756	0.871855	0.441225	-0.340148	1.16471	-0.465208	0.413278	-0.292511	0.981839	1.66839	0.581562	0.425366	1.85384	-0.662569	-1.05735	-0.51689	-0.645484	-0.878191	-0.835453	0.730513	
-0.623107	1.73885	1.21288	0.00191908	-1.4678	-0.555552	-0.959168	-0.786926	-0.309367	0.737758	-1.88135	-1.53991	0.802016	-0.284807	0.695599	-0.21274	-0.0870106	0.448363	0.702272	0.606287	
-1.56725	1.84199	-2.78492	5.71212	-0.313287	4.47204	-1.59758	-0.291177	-0.0802583	1.51141	2.73345	-1.54053	3.78583	2.09649	-0.131511	-0.634647	-2.53801	2.4459	-1.48179	-0.393881	
-0.152479	2.77771	7.1748	-5.48038	5.03399	-3.04674	-1.9587	3.65191	4.94338	0.853154	-0.517715	-2.94134	-2.58072	-5.0494	-0.283551	-0.971295	-2.17142	-2.50075	-2.23648	-2.68984	
-0.646705	-0.619396	1.02618	-0.951564	0.592458	-0.86636	-0.906761	-0.81343	1.38576	0.826558	0.345121	-0.280185	-0.456751	-0.172349	2.5346	0.628671	-1.36863	-0.887568	-1.32086	1.61642	
0.681992	-0.561396	-0.917847	-1.00513	-0.428888	0.332358	-0.956047	-1.59736	-1.00486	1.69262	1.11577	0.230932	-0.44173	0.634474	-1.19621	-0.98181	0.588992	-0.182048	0.436361	0.939166	
1.00843	1.94977	0.4665	-1.11653	1.70975	-0.201335	1.19424	0.611078	0.284698	-1.18828	1.39017	0.368688	-0.522188	-1.03718	-0.713495	-1.40858	0.657892	-0.0534077	-0.0715057	1.64865	
0.095273	3.7911	-3.6313	6.16449	1.26628	2.57583	-4.36779	1.04241	3.77329	0.671312	1.71883	2.12119	6.6597	-0.740653	-4.7629	-1.22205	-1.03617	0.86833	-2.97666	3.70011	
-0.430335	0.135567	-0.746941	2.44551	2.71147	1.50067	-0.445837	-0.955869	-0.280464	1.35247	-1.51433	-1.37787	-0.329084	-0.00488768	0.228783	3.34359	0.373452	-0.691137	0.836624	-1.22446	
-0.00451501	0.323708	1.17728	0.332759	-0.23462	0.996809	0.695817	-0.519533	-0.759877	0.0132312	-1.06776	0.711133	-1.59947	-1.54509	0.696436	-0.953563	0.578911	0.400474	0.0944695	-0.85939	
-0.406526	-0.454243	0.0751569	-0.489068	0.0291957	1.73961	-0.364291	-1.28102	-0.320132	0.277137	-0.81318	-0.44868	0.784295	-0.803705	-1.74526	0.387101	1.64372	-0.530207	-0.940657	1.39389	
0.752606	0.602903	0.581821	-0.812209	-0.468668	0.324408	-0.478763	0.515814	1.81881	0.177121	-0.606322	0.88232	1.277	0.0302147	1.04834	-0.374283	0.428084	-0.298872	-0.548991	-0.464364	
1.27855	-0.212419	1.00774	-1.03195	1.54199	-1.22134	-1.47514	0.53041	1.31546	1.13926	-0.247067	0.483398	-0.551331	-2.52941	0.559667	0.402206	1.28372	-0.390718	0.232935	-2.37288	
0.396803	-1.4227	-6.27333	4.18731	-5.12826	1.4571	1.68871	-3.26463	-4.52465	-1.98297	0.110572	1.9898	3.04737	4.24541	2.47928	-1.07985	1.94758	2.59711	1.3878	2.83913	
0.954487	1.41095	0.284223	1.81287	-0.209091	-0.758246	1.17304	0.4662	0.476863	-0.335213	-1.59498	-0.0897328	0.579977	-0.803117	-0.542025	0.676632	-0.478999	0.551568	-1.01386	-0.391977	
-0.314165	-1.1185	1.65611	1.00002	0.58494	0.356149	-1.59566	1.34579	-0.198724	1.0082	-1.06881	0.7726	1.67525	-3.292	-1.01323	-1.42256	-0.577053	-1.03812	0.0520441	0.0714675	
0.239937	-0.92416	0.633753	1.49691	-0.374281	0.993606	-0.0178163	0.847192	-1.08965	-0.400219	-0.961218	-0.0824833	0.708431	0.00381672	1.53511	-0.439143	0.340902	1.0588	-0.0334974	0.334823	
-3.83869	-2.0618	-6.14293	6.63222	-3.45711	2.27352	3.64223	-3.30718	-4.42339	-0.68685	1.91443	4.07836	-0.333938	6.97704	1.72097	-2.58607	1.69054	1.41783	1.7119	2.08005	
-1.21587	1.07539	0.130744	0.743193	0.38653	2.10998	-1.2191	-0.0325378	-0.254273	-0.874691	-0.0904521	-0.738447	0.173147	0.00200745	-0.965175	-0.603987	0.938671	1.46466	-1.62926	-1.29359	
0.499322	1.11714	1.2087	1.05449	0.581928	0.215803	0.213261	0.594896	-1.64734	-0.192295	0.538762	-0.23391	-0.108937	0.702597	1.49792	2.87962	-1.24219	-2.16613	0.419815	-0.445996	
1.70693	-0.0155948	-0.00489859	-0.371544	1.44545	-0.581463	1.09612	-0.630457	-0.804557	0.544209	-0.259065	0.155692	0.605863	0.0332091	0.934268	-0.374566	1.65854	-0.760967	-1.27066	0.996044	
0.534522	-0.939553	0.598067	3.01471	0.536509	0.315172	0.0884981	0.362912	-1.22161	-0.121706	0.030579	0.784122	-0.602732	2.01976	0.872904	-0.462775	-1.92424	1.03573	-1.14973	0.387157	
0.657001	1.05765	-3.06595	0.619698	-2.85244	0.856908	-0.721164	-1.12904	0.24656	-0.368853	1.95035	0.372818	0.336074	-1.99312	0.556322	1.04488	1.51049	-0.198939	-0.977832	0.249634	
-0.664799	-0.330844	0.584999	-3.02371	0.407186	0.0980984	-0.257225	0.268327	-0.552552	0.360497	0.727468	-1.0664	0.118102	-1.80213	2.10198	0.867873	0.00702408	-0.567794	0.365282	-0.969782	
-0.773654	-0.63925	1.43591	-0.893753	-0.0881571	1.60096	-0.523888	-0.249173	-0.43389	0.910913	-0.327642	0.459875	-0.993085	-1.37396	-0.403304	0.680767	0.311011	-1.03014	-1.31024	-0.893577	
4.05719	-5.0863	9.98795	-14.269	2.30491	-8.14549	5.34714	5.16204	-3.24187	-5.78077	-4.26603	2.0247	-12.4231	3.45841	2.62154	3.74997	8.65319	-3.20844	6.2219	0.0880226	
-5.59944	-0.655896	-0.341701	-2.01645	-2.67376	2.66002	2.02485	-5.02862	-2.59317	4.95972	0.392828	-4.99694	-1.61661	-2.62125	3.21702	0.904225	-1.6978	3.20232	2.13861	-8.44743	
-0.595678	1.80227	-1.85987	0.71739	-0.410926	0.824197	-1.56067	-0.212904	-0.30249	1.46326	2.28412	-0.777154	1.18365	0.64938	0.00943595	-0.891377	-0.557944	1.34333	-1.66668	1.0177	
0.181662	0.14327	1.55134	-0.124629	0.725296	0.278761	2.23568	-0.755085	0.448288	1.34871	-1.85017	0.181814	-0.191238	-1.00969	-1.64459	-0.248987	-1.9984	-0.618417	-0.874568	0.363339	
0.973917	-0.276203	-1.18405	1.63577	-0.751785	1.08899	-0.107103	-0.447293	-1.2972	-0.491615	-1.42667	-0.994587	0.314741	-0.255006	0.316002	-1.08673	2.10643	0.534677	-0.0825142	-0.272562	
-2.27171	0.724219	0.0958633	-1.0112	-0.0800619	1.32279	-1.23964	-0.815686	-0.539265	0.232052	0.547727	1.90835	0.384636	-0.604554	0.703672	-1.67594	1.7244	1.26563	1.37137	-1.09793	
-4.46811	4.3438	-6.05447	8.68615	0.559384	5.81203	-3.07598	-5.05519	0.67618	5.20361	1.93721	-2.36434	9.47716	-2.2626	-2.90288	-5.34083	-5.38794	3.39058	-5.39118	0.397842	
0.305465	0.0257634	-1.41492	0.107626	0.459101	0.946302	0.411401	1.87581	1.10549	-0.270802	0.982379	-0.23193	0.000235356	-0.020192	-0.0506207	-1.88405	-1.30333	0.26022	-0.390684	-0.053213	
-0.381573	-0.523701	0.787234	0.808563	-0.976215	-0.600022	-0.71367	0.199501	0.500521	-0.22687	-0.487015	1.20615	-0.950936	-0.805909	0.524697	1.03166	0.149759	-0.775177	0.223976	-0.0484501	
3.42862	2.1847	1.25342	0.492475	1.82107	-1.97317	-2.27364	4.14527	2.57985	-1.93424	-0.443731	3.7811	1.00067	2.00467	-2.4985	-0.135662	2.35721	-1.94925	-1.01676	6.5564	
0.939482	0.204827	1.85923	-1.61142	-0.97869	-2.79794	1.76219	0.268966	-0.359453	-0.201706	0.4406	0.415299	-0.000892987	1.65526	0.810884	0.162934	1.83255	0.336271	-0.740948	0.42505	
-0.302505	1.30242	0.457001	0.423929	0.549775	0.774246	-0.101102	0.0726661	-0.419511	0.145138	-0.0325646	-1.59571	-2.55246	-0.531785	0.38363	0.390731	0.288048	-0.768902	-1.90416	2.83193	
0.560777	2.53054	3.25396	-2.43867	1.51302	-0.297657	-0.811071	1.19015	2.72495	0.876367	1.62687	-0.946812	0.14701	-1.89743	-1.25921	0.0498135	-0.561339	-0.339957	0.0440794	-0.421098	
4.20736	3.72173	10.6206	-10.1272	6.05434	-3.60765	-2.58035	7.10924	7.72775	2.38635	-1.68491	-3.75228	-2.17107	-8.26667	-0.532045	-0.0639328	-1.81261	-4.44156	-4.63398	-4.02394	
0.376971	0.0141836	0.827754	-0.960181	-0.165739	1.07955	-0.271622	-0.298116	-1.12015	-0.166002	-1.18261	0.103207	-0.444735	-1.69514	-1.68295	0.866149	0.456197	-0.107293	1.747	-0.431658	
0.0225475	0.853293	0.864028	0.707185	0.609892	-0.559297	0.86254	0.134165	1.72118	-0.847739	-0.960212	3.26586	3.1203	-0.0456786	-1.61692	2.30219	1.52487	0.265033	0.91029	0.186408	
-0.0714501	0.118978	1.54175	-0.735938	1.55694	2.30104	-1.21436	-0.450991	-1.84994	0.752121	-0.0323342	-1.40285	-0.257415	-0.626336	0.161846	-0.772148	-0.580918	-0.0905442	0.565057	0.762942	
-0.137394	-0.779334	1.59323	0.0876888	-1.00425	0.282749	1.7485	0.654671	1.31214	-1.80017	1.84777	0.852737	-0.0449462	1.67035	2.00857	-0.111981	0.32291	-0.351234	-0.260075	-1.19865	
-1.29892	0.441588	0.413217	-1.68043	0.200624	1.54814	-1.02873	-1.00044	1.74196	-0.640581	0.703502	-1.31905	-1.72595	-0.0345839	0.83948	0.679259	-0.43662	0.392882	-0.566494	-0.532068	
-1.9003	0.769116	-0.0806226	-0.729377	1.60232	-1.39491	0.777602	1.08467	0.323582	-1.1964	0.330311	-1.41062	0.388764	-0.867706	2.22389	0.247513	-1.46603	-0.612795	-1.30116	-0.0247087	
-4.23353	-3.47843	-8.73884	9.29076	-7.37963	4.75998	2.67827	-5.95614	-7.03329	-3.19195	1.18073	3.01912	1.62503	8.85761	2.0625	0.216237	1.26001	3.27453	2.46536	2.21016	
-1.39715	-0.415082	-0.808784	-0.863471	-0.550021	0.399373	-0.146306	-1.02238	0.148533	0.699101	0.821862	0.521453	-1.00582	-1.89465	1.05403	0.374298	0.203978	0.312107	-0.535035	-0.404783	
-0.139942	-3.32978	3.16745	-5.89652	-0.697277	-2.18403	3.95823	-1.59977	-3.62236	-1.60031	0.142518	-1.41681	-8.25864	0.541778	2.63981	3.12518	2.93035	-0.409691	5.06876	-3.60733	
-0.841047	0.410838	-0.907954	-1.51478	-0.485678	-1.14696	-0.0808499	-1.19287	0.62829	1.94591	-1.74869	2.31287	0.202127	0.265771	0.977112	-0.8336	-0.329161	-0.426949	3.5352	-0.54262	
-0.183473	-0.913734	-0.436908	-1.26186	0.354032	-1.74668	-0.8145	0.454963	0.395985	0.118349	-1.34213	-0.378359	0.957979	0.530488	-1.97208	0.0385254	0.0475174	-0.739551	0.396149	-0.834066	
-0.883339	1.02154	0.995187	-0.67855	-1.54779	-0.622407	1.02725	1.35686	1.22044	1.35373	0.282671	0.223885	1.85407	1.07258	-0.484951	-0.614594	1.72731	0.107362	-0.645859	0.723063	
-0.440817	7.50181e-05	0.241353	1.70666	1.82305	0.902422	-0.531374	0.0870532	-0.248176	0.494347	0.162237	-1.00577	-0.459063	1.52461	-0.613762	1.60365	-1.06998	-0.292475	1.65221	-0.945461	
-0.0883045	-0.334113	0.73045	-1.98618	0.0111665	-1.55026	0.519192	0.373732	0.486008	-0.203285	0.874489	1.80864	0.236064	1.39294	-0.16183	-0.52945	0.335583	-0.507143	0.548428	-0.973773	
-0.430203	1.87849	-1.06728	1.36836	-0.634133	0.0995641	0.144139	0.339056	-1.16463	0.775266	0.3958	-0.952478	-0.184922	0.231989	1.53621	0.813029	-1.00679	1.44236	-1.13608	1.32505	
0.667384	0.695275	1.93471	-2.45707	0.538889	-0.226893	0.442342	1.41844	1.95805	0.839022	1.51447	0.569833	-1.74954	-0.195899	0.31227	-0.0934589	0.508969	2.30328	-0.978535	-0.696864	
-0.414545	0.66327	-1.04679	-0.0681353	0.22942	-0.0693607	0.99696	-0.0168102	-0.578297	-0.12963	0.612201	-1.96557	-0.904949	-0.120823	1.81782	0.520988	0.119355	-0.955333	-0.313198	0.525934	
-5.10953	-1.92165	1.13591	-2.90112	-1.7164	4.82197	4.16735	-8.2653	-2.36631	1.76281	1.18049	-5.95607	-3.88368	-5.17706	5.13585	-0.300376	-3.39619	4.86439	4.6831	-10.8502	
-0.304277	0.847584	-1.98339	0.0179171	0.45776	0.364941	-0.244384	0.339239	-2.35805	0.770061	-0.549691	1.255	-0.75281	1.93279	-0.424963	-0.349332	-1.09727	-1.10208	-0.670878	-0.922516	
-0.104306	-1.10123	0.280857	-0.00998678	-0.652786	2.80583	2.20583	-0.364479	-1.16713	0.0372988	-0.0270588	-1.74134	-1.08805	0.178321	0.40055	0.30435	-0.858711	-1.4671	1.39381	-1.17128	
-1.44151	-0.420563	0.614439	-0.436615	1.29189	0.508899	-1.35052	-1.06548	1.03836	0.765178	-0.867457	-1.229	0.210926	1.63134	2.28915	-0.964444	0.0879451	-1.39808	0.0402699	-0.289051	
2.96982	0.791184	-0.0611943	1.46491	-1.31348	0.738191	1.14395	-0.396854	0.638435	-1.99917	-2.4167	0.116938	-1.07718	-0.516318	0.219923	-0.0372655	0.927123	0.65721	2.21973	1.33536	
-0.71401	-0.385302	0.857222	-1.20616	-0.54412	-1.5764	0.237777	0.538674	-0.30718	0.751277	0.480728	2.34032	-0.0237185	-1.58904	0.243875	0.313923	0.107027	0.970896	-0.646577	-0.55694	
0.61173	-0.308238	1.16417	-0.203202	-0.139914	-1.33058	1.81097	1.00613	-3.17533	-0.0821087	-0.0624693	-1.04788	-0.863158	-0.364064	-1.26742	-0.302024	-0.302508	-0.141561	-0.11894	0.325391	
0.448968	0.759226	-0.664346	-0.952922	0.273333	-0.985558	-0.99576	-0.460644	-0.933842	1.9104	-2.32365	0.257594	1.89827	-1.22928	0.546033	1.11571	0.598477	-1.21062	-0.695144	-1.09603	
-1.3442	-0.327149	0.927802	0.47475	-1.66318	-0.822658	-0.923539	0.0125476	0.601507	0.710534	-1.07598	-1.74537	-0.822762	0.435478	1.28834	-0.526307	-0.137987	-0.268956	0.639053	-2.23767	
-0.769955	0.230074	0.884293	0.240614	-2.11838	2.49896	-0.511343	-0.0913427	0.823496	1.38306	0.596894	0.281535	1.21534	-0.641791	0.593866	2.26645	0.249469	0.606335	1.25661	-1.22293	
-1.30747	0.115824	0.0589688	-0.0689652	-0.659874	-0.446045	-0.303973	0.4604	-0.289364	-0.809417	0.074547	1.53685	-0.0853717	1.53587	1.84528	-1.37928	1.41703	1.30325	0.88568	-1.12352	
0.356887	-1.30317	0.446008	0.726636	-0.675446	0.0866659	0.020106	0.427058	0.699773	-0.0491001	-1.08966	1.57128	0.401185	0.116461	-0.616297	-0.437505	-0.347189	0.15958	0.0180395	0.479993	
0.90404	-1.72733	0.674031	1.67615	0.973046	0.19556	0.759862	-0.615889	2.35491	-0.100876	0.844102	-1.15541	-0.796511	-0.732988	-1.09446	-0.286236	1.12485	0.673446	-0.213908	0.230695	
-0.142253	0.742133	1.48886	-0.0523133	0.220719	-1.69403	-0.968201	-0.333118	0.00702026	-0.535595	0.0634714	-2.44824	1.92941	0.718558	-1.09956	1.14802	-0.12404	-1.04824	-1.84896	-0.757451	
-1.21794	-0.679354	-0.637875	1.30778	1.20693	0.2615	-0.229696	1.0459	0.0488949	0.343392	0.668773	-0.167876	-0.695065	-1.17025	-0.916689	-0.483671	-0.669745	-1.01691	-0.122501	0.899792	
0.447827	-0.359278	-0.239737	1.68936	0.160616	-1.87642	0.701465	0.306472	-1.37134	-0.482431	2.00525	0.204911	-0.0855567	-0.68675	0.803759	-0.276127	0.663037	-1.68353	2.0885	-0.0346971	
-0.961009	0.589691	1.68459	-0.482922	0.881867	1.12606	0.273401	0.487499	0.0755645	0.731057	-0.225427	-0.177756	1.41171	0.62846	-1.10217	1.7532	0.0975531	-0.828116	-0.22633	0.0953799	
0.713404	0.760553	0.739766	0.611025	-1.80836	0.508068	0.476523	-2.06481	0.0727725	-0.350985	-1.493	1.14532	-0.337118	0.0345981	-0.59351	1.1251	0.752429	0.538246	-0.28255	0.570437	
-1.36992	4.28168	-8.22589	10.5465	-0.292217	5.37476	-5.97089	-2.31289	2.78364	3.51824	3.38937	-1.17694	9.05218	-0.748882	-1.88194	-4.52241	-5.46246	1.97583	-4.6931	1.0386	
0.316263	-0.426169	0.505061	0.283772	0.699869	-1.91973	-0.537028	0.0108229	1.22918	-2.05696	-0.19339	1.36763	-0.0519318	1.97899	-0.101099	-0.205689	-0.652218	0.772179	-0.608018	-0.225682	
-1.17327	-0.0675598	0.246734	-1.59828	-0.640688	-0.538729	0.341888	0.718983	2.52375	0.141246	-0.613392	-0.253561	0.419709	0.284711	0.305133	0.086868	-1.0972	0.363847	0.255803	-0.579406	
-2.15291	1.47222	1.88486	0.675463	0.343553	-2.42188	0.632744	-0.0844592	-0.293102	0.78025	-0.103683	-0.20362	0.675969	-0.214569	2.04887	-0.378895	1.81984	-1.37572	0.156567	-1.75123	
-1.20751	0.990015	0.258493	-1.70487	-0.374267	-0.484845	-2.23146	-2.12632	-0.121474	0.615276	1.76363	-1.75217	0.638184	1.15773	1.24552	1.14562	-0.446881	-0.616181	-0.0322442	-0.993502	
1.03513	0.568882	-1.01733	-0.265043	2.19641	-1.02488	-0.540856	0.0329837	-0.695627	1.54774	0.507791	-0.0407066	1.87319	0.22269	-0.541705	0.31834	0.816163	-0.31899	-0.764093	0.104252	
-0.079494	-0.696251	1.588	1.95696	-0.291372	-0.683533	0.156039	0.909443	0.0260839	-1.53997	-1.35397	-0.397503	-0.127327	1.73926	2.30339	-0.4221	-1.0215	-0.558124	0.298315	-0.778386	
-0.216352	-1.25949	-0.455614	0.990528	0.307324	1.27	0.472309	0.560355	0.399984	-0.807184	0.221669	0.0743005	-0.313103	-1.30289	-0.191252	0.112113	0.515963	0.146588	0.448668	-2.28374	
1.74987	1.52785	-0.465889	0.352034	0.312358	0.163689	-0.398958	-0.325604	0.388054	-0.774012	-0.0946651	1.02401	0.301967	-0.717501	-3.05181	0.241893	1.39499	0.0219396	2.09361	0.961572	
-1.46926	1.53696	0.108475	-1.88025	1.22774	-2.04053	0.295113	0.749074	0.344961	-0.351081	-0.626507	0.186945	-1.49213	0.0162092	0.331313	-0.0458033	1.55363	-0.728786	0.411053	1.40509	
0.291652	-0.62817	1.84353	-0.878081	-0.707759	0.175183	0.325756	-0.793074	-0.817936	-1.36092	1.47451	0.434877	-0.0939037	0.792857	1.34679	0.163732	-0.370595	0.27994	-0.555376	-0.789704	
-0.308866	-1.43435	-0.53379	-1.14764	-0.447132	0.631722	0.636845	-0.398219	-0.957143	0.0949346	-2.6645	-0.0633891	0.379011	-0.750151	-0.584956	-0.523572	-1.24004	-0.342904	0.012282	0.95261	
-2.55788	1.1697	1.77817	0.873499	1.17831	0.221472	-0.398668	0.264908	-0.131882	1.6923	0.229331	0.582475	-0.34146	-0.819497	-0.321379	-1.77566	0.00360028	1.57867	-1.82531	0.726836	
-2.36156	0.750835	-0.833297	0.704978	0.120898	0.168822	-0.186335	0.527855	1.22581	0.553369	0.506552	0.178797	-0.294472	1.54229	-0.476019	0.473999	0.151804	0.370134	0.0937038	0.93535	
-0.764432	0.157685	1.06988	-1.26877	-0.600003	-1.31577	1.57982	-2.37334	-1.46217	1.60834	0.699296	0.658288	0.615281	-1.34104	-0.550342	-0.887187	-0.899259	0.559802	1.20387	2.33048	
-0.783208	0.395951	-1.83999	0.0647512	-1.14197	-0.693157	0.0592198	-1.45307	-0.0959651	0.187127	0.990132	0.108723	1.19294	-0.558375	-0.0769999	-0.864748	1.46213	1.28637	0.492862	-2.13957	
0.493245	1.52705	0.360045	1.82811	1.48814	-0.438605	0.640243	-0.230611	-0.00780569	-0.608572	0.0466511	0.804861	-1.72303	-0.464746	0.164407	-0.415188	0.2838	-0.943926	-0.195454	-2.02981	
-1.66205	-0.485295	0.426913	-1.2335	-0.942403	-1.04744	1.06308	-0.669015	-1.16035	0.32495	-0.790815	1.53167	-1.56231	0.326484	-0.247747	-0.521086	-0.288243	-0.427817	-0.134768	-0.241146	
-1.66824	1.12957	0.0241604	-0.365081	0.0973858	0.417959	0.537129	1.78333	-0.653536	0.0249766	0.272997	-0.0503455	-1.03008	-0.546422	-1.82539	0.646434	-1.67659	0.256977	2.19936	0.109212	
0.283554	0.334863	0.971526	1.8767	0.710529	-0.468658	-1.11994	1.36851	-0.697278	0.0855279	1.14342	-1.08163	0.484962	0.0769284	-0.0213669	0.154148	0.74504	-1.27415	-1.08133	-0.645635	
0.466351	1.71308	0.243523	1.92151	1.11403	0.0474812	-0.244451	0.271034	-0.261473	-0.213088	0.364856	2.26648	-1.2048	-0.352117	-0.243453	-0.273477	0.864327	1.2278	0.357803	1.44412	
-0.274607	0.507272	1.35643	0.338042	-3.32097	0.174143	1.50557	2.32263	2.02229	0.258317	-0.509572	-0.283386	1.47448	0.302174	-1.67596	0.765809	0.637389	-0.186805	-0.669931	0.598798	
1.49314	0.046311	-1.32414	-0.447215	-0.616169	-1.39176	0.294374	-0.0164981	-0.566395	-1.11282	1.45342	-0.10033	0.407192	-0.607012	-0.913658	0.330059	-0.996349	-0.533789	-0.698914	-1.57949	
0.70438	0.356727	-1.18815	0.141131	0.806196	-0.854815	-0.698763	-0.377692	1.8452	0.168431	-1.10515	0.18032	-0.408762	0.209179	0.722691	-1.66403	0.282845	-0.0926888	2.26129	1.92174	
0.721358	-0.249327	-0.0407727	1.29528	1.09436	1.07384	0.267726	-0.375433	-0.513918	-1.41813	1.09018	0.017888	0.144169	2.35583	-0.341989	-1.54277	-0.151062	0.952123	-0.13049	1.28484	
1.29304	-1.49289	-0.443105	0.908413	1.41966	-0.586259	1.89378	-1.38464	0.449224	-0.298767	-0.0810214	-0.0142785	0.719815	-0.80429	-1.03518	1.62857	-0.577303	-1.04894	0.322093	1.19765	
0.701171	0.308084	1.3287	2.31563	-0.510771	-2.31672	-1.01615	0.916914	-1.26033	-2.06275	-0.585013	0.347547	-0.351521	0.473514	0.643535	-0.966147	0.10678	-1.14454	1.12117	0.468814	
0.515665	-0.81329	1.34139	-2.15929	-0.61392	-0.0849201	2.57423	0.854162	-1.82573	-2.30327	0.294927	1.31196	-2.32432	-0.121744	0.688964	1.68942	2.73222	0.936897	2.49515	2.4887	
0.708434	0.527487	-0.00279243	0.500249	0.382084	-1.39768	1.44868	-2.25703	-1.46561	-1.54107	0.919829	-0.28953	-0.757398	-1.67987	-0.232328	-0.44721	0.612926	0.325642	0.178095	1.52409	
0.297334	-2.37715	1.09044	1.69586	0.441263	0.166887	-0.52627	-1.39178	-0.367267	1.21213	-0.481685	-0.348215	0.491544	-0.836648	0.0499143	-1.5052	0.761481	-0.517987	0.1994	-0.000748693	
-1.20321	0.543674	1.16529	0.241397	-0.807059	-0.359416	-1.02502	-2.47844	0.354464	2.26711	-0.430506	0.300743	-1.22354	-1.99295	-0.860781	1.09994	1.10574	0.65231	-0.592654	0.714056	
0.234568	1.01989	-0.760372	0.502539	0.363072	0.922758	-0.725458	0.850017	0.0335645	0.836128	-0.886877	0.378851	-1.98793	1.78682	0.967799	-1.71749	-1.97277	-0.164324	-1.49633	1.4897	
1.23662	0.657395	2.40025	0.284601	-1.4979	1.37798	-0.123775	1.42291	0.748129	0.609168	1.28428	1.41178	-1.60264	2.79746	-0.476174	-0.388177	-1.75404	-3.41261	-1.28408	0.294868	
-0.985545	1.21317	-3.81965	4.61541	-0.923383	3.18454	0.0969836	-0.94326	1.57	-0.249123	3.14569	-0.439972	5.5435	-0.662939	-0.16085	-0.818347	-3.12167	0.299431	-0.249685	1.22904	
0.933611	-1.69367	-1.26492	-0.624704	2.65184	-1.01203	-0.0698334	-0.489219	-0.112696	-0.539583	-0.6088	0.959572	-0.25642	-0.0702842	0.432551	-0.313337	-0.299771	-1.32223	0.246582	2.54243	
-1.39534	-0.222353	0.0293757	-0.0959078	-0.49505	0.498079	0.592483	1.30537	-1.37102	-1.7405	0.239357	1.12567	-0.722142	1.04228	1.24049	-0.416715	-0.229432	-1.5953	-0.197875	-0.162486	
-0.393973	0.973924	-0.0960229	1.63658	0.549958	-0.605018	2.27343	-0.415993	-1.5193	-0.129544	0.704562	-0.404371	0.206353	0.234253	-0.769859	1.8323	0.927688	0.204126	2.93396	1.04417	
4.20324	-3.84571	6.33435	-10.3659	1.27556	-5.50068	3.64639	1.92113	-0.685162	-3.99402	-1.55565	1.20466	-8.44051	1.15716	1.11395	4.67946	5.13464	-4.75335	4.08382	1.54461	
-0.499543	0.602973	-0.123154	-0.981148	0.18294	-1.52289	0.0995576	0.670389	-0.551572	1.11751	-0.296152	0.360147	0.613211	1.14111	-0.730464	0.6598	0.638983	-1.28814	-0.369508	-0.713009	
0.484583	1.22008	-1.41076	-0.445182	-1.20017	-0.778073	1.02187	-2.10854	0.823031	-0.512185	0.249274	1.65134	0.928542	0.217819	0.332603	0.791778	-0.0948191	0.92206	1.48864	-0.265409	
0.286062	-0.579815	0.522283	-1.07833	0.0350792	-1.10536	0.880256	0.0422695	-0.444273	-1.0871	0.318266	-1.55341	-1.45436	0.846646	-1.13125	0.363134	0.166649	1.30444	-0.390599	0.176676	
2.89637	-3.88001	7.63051	-10.2344	2.29671	-3.31953	2.29488	2.99299	-0.796793	-2.40282	-3.47994	2.77095	-7.89025	2.72393	0.907137	3.24776	5.55323	-3.18776	2.95609	-0.421443	
0.179264	0.789707	-0.23899	-0.244371	1.54542	-0.314149	-0.504212	-0.724394	0.71927	1.44552	-0.0516761	-1.12746	1.02779	-0.571343	-0.270061	0.11219	-1.06168	0.785775	-0.783051	1.92079	
1.32535	-0.349807	0.18405	-0.203492	0.214254	-0.834013	0.140267	0.46102	1.07864	0.376379	-0.239053	1.0551	-0.161379	-1.27195	-2.05871	0.914524	0.734167	-0.335543	0.152565	-0.265356	
0.0878986	0.0864288	-0.138047	-0.294002	0.233772	0.160625	-1.00401	0.350632	-0.239888	0.336777	1.43857	-0.400395	-0.305967	0.690083	0.368232	-1.83405	-1.35497	-0.424295	0.717707	1.65298	
0.341961	0.0808373	-0.0177763	2.14056	0.132034	0.397395	-0.0963288	0.551288	-0.205246	1.0345	0.109306	-1.92897	-0.352943	-0.561735	1.08188	-0.200784	-1.19975	-1.37147	-0.976808	0.117102	
-0.681145	1.92533	0.136305	-0.0376882	-1.42632	-1.94381	1.6261	0.829811	0.087864	1.2749	-0.981219	0.597484	-0.882796	1.566	1.60602	-1.31326	-0.00984372	-1.35562	-1.98786	-1.82927	
0.64999	0.637799	-0.347731	-0.203684	-0.882536	0.36782	1.91066	-1.78207	0.425196	0.589572	0.446895	-1.00538	-1.20432	-0.324645	0.136381	0.854632	-0.391835	-0.347537	0.837054	0.226877	
-0.249446	-1.39084	0.177668	0.0430275	0.526169	-1.06676	0.897551	0.409995	-0.594481	-1.42815	-0.538863	0.614954	0.84881	0.021817	-0.59243	-1.39247	-0.0744286	0.0778259	1.74626	0.142646	
0.150378	0.0380106	1.7041	0.569428	-1.00544	1.38364	0.411851	-1.37797	-0.319996	3.04684	-0.419518	0.610238	-0.279347	-0.539063	0.475429	0.562561	-0.623503	0.453137	0.403857	1.08922	
0.975524	1.18974	-0.507672	-1.11525	-1.62281	0.837368	-0.951105	-0.0971277	-0.632824	-0.351425	-0.822049	0.103817	-1.15257	-1.71261	0.913908	1.06953	-0.370303	-0.291499	-2.15844	-0.926647	
-0.57007	-1.04774	-1.08492	0.79829	2.86932	0.468511	-0.284099	-1.02574	-1.31401	-0.213748	-0.0776141	-0.88415	-0.754353	0.562514	-0.266008	-0.134619	-0.349236	0.434803	1.26505	-0.658592	
-0.795295	1.44812	0.538452	1.28406	0.312671	1.50627	-0.491731	-0.212859	-1.3332	-0.423207	1.43081	0.639464	0.340711	0.77444	-0.560233	-0.615446	0.833195	1.66092	-1.57385	-0.124634	
0.356644	1.63726	-0.231242	-1.2266	0.795678	0.60066	0.106413	-1.42678	-1.6169	-0.648871	0.141743	-0.631725	-0.398243	-2.32901	1.32572	-1.08355	-0.618933	0.371295	0.580255	0.284321	
0.166077	-0.64869	-0.947463	-2.3152	-0.600155	-1.72819	0.990738	-0.903134	-1.42153	-1.53336	0.145286	-1.53927	1.16352	-1.08955	-0.936972	0.72988	0.938168	-0.338717	-1.22674	-0.261693	
0.00756681	0.275317	0.235195	0.257774	0.880487	1.19732	0.778711	0.577615	1.27962	-0.727249	0.862276	-0.799307	0.464092	-0.903375	-1.17969	0.297149	-0.632265	-1.09584	-0.811276	-0.47974	
1.41158	0.525785	-0.916345	0.33285	-0.193404	-1.57019	0.983349	1.33113	-0.521527	-1.68204	1.86366	-0.340433	0.116724	-1.56981	-1.01983	0.0979381	1.47762	0.441121	0.50279	1.01294	
-0.115106	0.916492	0.375942	0.508275	-0.0953558	-0.803851	1.43254	-0.453749	1.63255	-0.222653	1.69317	0.449032	1.01815	-0.857721	-0.266463	-0.240749	-0.752295	0.188613	-1.23049	1.25411	
1.66859	-2.93569	-1.64503	-0.919992	0.412551	1.94914	0.406163	-0.22421	2.20444	-0.606246	-0.917116	0.00113981	-0.370872	-0.551438	1.08688	0.971022	0.381936	-1.53847	-1.06628	0.539142	
4.20798	-4.03194	7.20764	-9.28894	2.52107	-6.40444	3.37484	5.78442	-0.926422	-3.25515	-2.03304	1.63396	-10.0824	1.51711	0.515818	3.06185	6.55432	-1.89343	4.91966	-0.0467224	
-0.762542	0.106821	-0.0792712	1.36921	1.05199	0.304698	-1.11373	0.547818	-1.43074	0.486386	-0.85019	-0.147095	-0.536723	-1.42048	1.56062	0.108205	0.897587	0.231246	-0.0487225	2.94656	
1.1096	0.930987	-0.521869	0.810242	0.0997832	0.46351	-0.784074	1.33631	1.61822	0.196614	0.787231	-0.337883	-0.0244626	1.17651	0.788452	-0.724245	0.0609955	1.01599	-0.0653718	-0.841773	
-0.0802686	-1.19236	0.238206	0.56542	-1.23879	-0.156273	-0.299117	0.693792	-2.35006	0.0549215	-1.17835	-1.44302	-0.623137	-1.44225	1.19773	-0.745278	0.100743	0.135617	0.154106	0.744834	
-0.421891	0.795265	-3.04672	3.14068	1.28592	3.0507	-0.737311	-0.342575	3.05847	1.38982	2.23972	-1.47668	2.7054	1.60879	-1.05411	-1.20067	-3.2	0.28298	-1.16984	-0.113621	
-0.77827	-0.426566	-0.613135	0.115529	-0.328023	1.24369	-1.29454	1.15621	-0.0468093	-0.458646	1.22198	1.05897	1.7397	-0.0488585	0.349517	-0.318335	0.453396	0.028793	-0.0674245	-1.05162	
-0.736043	1.03089	0.403093	-0.370636	2.65789	-0.0842981	-1.941	0.815625	0.891037	-0.395944	-0.631537	-1.1225	-0.688627	0.152572	-0.518658	0.357459	0.137807	1.08512	0.401186	-0.27609	
3.28754	-6.04556	9.48748	-12.0742	2.74082	-5.18161	3.09001	5.19366	-1.19715	-4.73881	-4.40746	2.01798	-11.6473	1.1939	0.561749	4.33261	7.5623	-4.46844	4.32864	-2.24893	
-2.42909	1.09446	-1.35141	-0.475018	0.449073	-0.263659	-1.47058	-1.0493	-0.933846	0.476852	1.13059	0.296915	0.345428	0.916766	0.70928	-0.160966	1.31483	0.253935	-0.0948848	0.113894	
0.133471	0.0195746	0.239732	0.602492	-0.628229	-0.543971	1.46979	-1.41284	-0.601641	-1.10757	0.577683	0.0139608	-0.806667	-0.989609	0.611805	1.48777	0.398388	-0.983444	1.48945	-1.02114	
0.718302	-1.88651	-0.575022	-0.0935365	2.22626	0.440646	-0.81553	-0.822699	0.550262	1.47194	0.451998	-0.347149	-0.592396	1.11717	0.889499	1.04391	1.24799	-0.607966	-1.63014	-0.818265	
-0.0965142	3.03691	-5.22478	6.91871	-0.126754	4.26336	-1.09368	-3.53372	0.409259	2.98923	0.693933	-0.667832	4.84695	-1.42165	-1.29642	-0.848847	-4.74477	1.42911	-3.59298	0.833198	
1.84942	-0.35691	1.05895	0.897011	-0.806541	-0.0520756	-0.809145	-1.28706	0.346257	-0.728431	-0.0574173	-1.65745	0.423084	-2.01261	0.238941	-1.75468	0.28334	-1.33819	-0.259193	0.0368478	
-0.188193	-1.06233	-2.07092	-0.520018	-0.538044	-0.353908	0.494559	-0.0806505	0.688701	-0.315989	0.314557	-1.01851	0.863165	-0.274631	1.56728	-0.237088	-0.0539019	1.13281	-1.1585	1.43482	
-0.166888	2.27777	-0.911819	-1.37823	0.168166	1.51635	0.881516	-0.329431	-0.399514	-0.926631	0.438037	0.989855	0.749526	-1.15424	0.00425722	1.55435	-0.540568	0.556883	1.49859	-0.404424	
-0.000820005	0.176844	0.687288	-1.03617	0.614419	-0.114218	-0.0974222	0.842107	-1.81408	1.28099	-0.737348	-0.112213	0.720398	0.865861	1.41298	0.750146	-0.830035	0.594447	-0.680576	-0.938866	
-0.813491	-0.884721	1.36549	-0.470453	1.13496	-1.05322	-0.71278	-1.201	-1.05072	-0.527441	-1.81267	-0.533682	-1.02006	-0.469404	0.598311	-1.50755	0.340368	-2.56242	-0.319208	1.30568	
-0.637078	3.0962	-3.50834	6.51607	-1.07653	2.82949	-1.97183	-1.37965	2.32685	0.955547	0.262656	0.499986	4.34517	-0.433179	0.317792	-3.11165	-2.95312	2.28463	-3.08572	0.39996	
0.357801	0.0986715	2.00463	-1.66239	0.0365501	-0.30944	-1.21054	-2.36458	-0.612102	-0.561589	-0.504481	-1.17994	1.57103	-0.66474	-0.942917	0.447479	1.024	1.09183	0.716144	0.543256	
-0.0381446	0.104423	1.90332	0.252364	-1.03312	-0.40438	0.0419947	-1.27413	-1.89477	1.03216	-2.16182	1.09799	0.956593	-0.982846	-0.962364	1.25994	0.192068	-0.168705	0.219086	0.915157	
0.260385	1.37553	-0.00626911	1.2986	0.918736	0.130077	-0.545944	0.318675	0.301697	0.369034	-0.471237	0.166697	0.481338	0.422716	-1.41359	-0.323938	-1.62738	0.502545	0.405925	1.43355	
-0.569997	0.49409	-0.633289	1.53276	-1.56182	-0.688656	-1.07537	-0.143957	-1.08181	0.0425447	-1.02552	-0.450177	-1.65204	-0.964507	0.718551	-0.0882746	0.591562	-2.14266	-0.490877	-0.152731	
-0.918437	0.988927	-0.6323	-0.0181006	-0.445415	0.933756	0.448173	0.174467	-0.59945	-0.684017	0.136094	0.176865	1.81874	0.178408	1.34758	-0.129971	0.183286	-0.836666	0.287499	-0.484938	
-0.531766	-1.45909	0.970785	-0.324444	-1.83366	-0.764879	1.17718	0.333294	0.926397	-1.54516	-0.503535	-0.56429	1.20686	-1.54494	0.307099	-0.357391	-0.0539335	0.0608202	-1.19519	0.660388	
1.51597	0.192827	1.41525	1.58821	-0.666229	-0.661582	1.37927	0.383575	-2.31638	0.168398	-0.642114	0.251315	-1.29008	-0.0946492	0.00057365	0.0530379	1.93285	0.457163	-0.406973	0.877948	
-0.869783	1.86623	-0.74048	0.486705	0.110001	-1.58805	-0.276861	-0.248079	0.893883	-0.514021	0.635718	-0.685521	-0.871595	0.810074	0.728216	-0.330699	-1.19784	-0.787756	0.305286	1.18766	
-0.52563	0.620416	0.807856	-1.24179	-0.988196	-1.15286	0.958014	1.07573	0.795803	0.133664	-0.0989167	-1.30962	-0.264791	-1.17613	0.321955	0.999986	0.871884	1.3295	-0.860299	0.11786	
0.705159	0.478994	0.345981	0.6743	0.574779	0.475296	0.90028	-0.263617	-0.26673	-0.203475	-0.852938	0.539524	-1.65408	-1.11008	0.947813	1.56687	-2.03861	2.33918	1.31374	2.0924	
-1.1045	-0.74686	1.15627	0.657754	-0.868621	-0.349798	1.78084	0.0837206	-1.50453	-1.11165	2.25391	-1.57947	0.784818	-1.1133	1.61065	1.43609	-0.516036	-0.214314	-1.1495	0.475914	
0.0322622	-0.304069	1.55034	-3.40017	1.7965	-1.31146	0.472954	2.95835	-0.319344	-1.56931	-0.222705	0.820576	-0.330994	-0.0341515	-1.66567	0.781406	2.84127	1.08642	0.0687502	-0.989761	
-0.237074	-1.37203	-0.186339	-0.191929	1.06768	0.985615	0.827465	-0.901043	1.67709	-0.626038	-1.22157	-1.83728	0.528112	1.34146	-0.400555	1.29566	-1.09837	0.171756	0.984307	0.169818	
-0.201605	0.0655883	0.490942	-0.690123	-0.148517	-1.47187	-0.316923	-0.644655	0.0419893	0.171865	-0.505496	0.118094	0.147077	0.133887	-2.3254	-0.011754	1.65915	-0.575814	2.13563	-0.480827	
-2.33441	-0.76234	0.455594	0.713713	-0.726927	-0.160677	-0.907644	0.0892348	-1.72239	-1.25452	-0.563614	1.5377	0.101367	-0.7655	0.128168	-0.65094	-1.53637	0.577969	1.57958	-2.27769	
