-0.00296498	0.388464	0.607539	2.19998	0.43133	-0.823647	-0.745732	0.433191	0.590617	-0.0427904	-2.3305	-1.27443	1.24548	-0.647072	0.532304	-0.579647	0.284955	0.295997	0.0700636	2.31191	
0.0139592	0.830376	-0.650985	-0.441954	0.596601	0.504204	0.911135	0.834784	1.15937	0.88455	-1.38078	0.979605	-2.308	0.210481	2.42912	1.13952	0.127616	0.964388	0.186374	-0.655012	
0.574073	-2.15416	-0.528216	0.641507	-0.661101	-0.454128	-0.312712	-0.271548	1.5618	0.716284	-2.05294	2.42412	0.258061	0.226765	0.264692	0.248956	0.497053	0.529949	0.447586	-0.303103	
0.3572	0.933387	-0.108244	2.04373	-1.04368	-0.562905	-0.886509	0.342786	-0.0527617	-0.255932	0.301884	-0.218613	-0.894768	-2.35215	-1.36072	0.331064	0.484107	-0.462256	0.735885	0.0271818	
-0.854822	-0.306544	-1.26669	2.18826	0.0175228	-1.33677	1.13148	0.128489	0.241356	1.89404	-1.01833	-1.07722	-0.949235	0.223491	-0.584258	-1.86676	-0.241707	-0.424583	-0.0811098	0.314069	
-0.778252	0.747794	-1.10361	-0.162805	-0.0672032	1.01266	0.742799	0.0727426	0.552805	-0.324975	1.32633	-1.91978	2.66135	1.19604	-0.685917	0.0859561	-1.11852	0.622118	-0.295611	-1.8065	
-0.228482	2.03183	-0.759747	1.10097	-0.0913339	-1.04063	-1.2191	0.24922	-0.041128	1.55317	1.03328	0.579127	-0.681294	-0.306912	2.38715	-0.764493	-0.676586	-1.42466	-0.706256	-0.745947	
-0.123598	-1.24103	-0.881959	0.162846	-0.331456	-1.42963	-0.618094	1.3245	-1.05088	-1.23465	0.0619872	0.324353	0.217977	-1.61986	0.109291	0.594513	0.249964	-1.21546	-1.13874	-1.54474	
-6.27047	-0.598568	7.6058	-0.124686	5.53634	1.12701	1.89577	1.86308	5.27185	-7.82679	0.756939	-2.22954	-4.73938	-0.904026	-3.74005	-1.37283	0.0721547	2.95136	-1.42056	-0.204825	
-0.749374	-0.501162	-0.365859	0.946311	-1.12906	0.322771	1.23878	-0.514101	-0.808971	-0.349609	0.365105	0.967559	2.20549	0.712078	0.321917	-1.77854	-1.69634	-0.203443	0.10515	-0.667312	
1.64095	1.35722	-0.935748	-1.89344	-1.12293	-0.148885	0.544435	1.7289	0.116881	-0.759708	-0.566051	-0.978047	-1.59361	-0.679456	0.587041	1.6165	-0.458916	-1.20931	-1.73781	0.367491	
2.61238	1.52207	-4.21969	0.688733	-3.42117	-1.20725	-1.9119	-0.78117	-2.80876	3.18289	0.587186	2.57346	-0.023424	1.30806	1.66032	1.36904	-0.290886	0.727779	1.23037	0.350553	
0.506173	-0.718881	-0.630929	0.43559	0.435762	2.01831	-1.08048	1.0198	1.99844	0.822695	-1.41037	0.103607	1.20089	0.713507	-0.945199	0.674789	1.24595	-0.0623987	-1.47937	0.712506	
-0.626815	-0.396263	0.309306	0.474996	0.0282785	-0.301315	0.493382	-0.386248	0.545771	0.419154	1.0806	0.454335	1.98812	1.53318	-0.0600867	-0.857588	-0.922595	2.63967	-1.13285	-0.653672	
0.894404	1.23943	0.985207	-1.07199	0.431746	-1.30601	-0.0560614	-1.39185	0.156445	-2.48532	0.237787	0.954986	-1.13204	-0.374042	1.77688	0.447819	-1.60104	0.300913	1.16304	0.00685656	
-1.23286	-1.03569	0.1585	-0.925346	-0.3381	-1.29057	0.16162	-0.489472	0.0776827	-0.579975	-4.32356	-1.54357	0.127176	0.84613	0.296962	0.48824	0.125602	-0.605841	-0.486371	1.69415	
-1.07264	1.06256	0.906901	-1.25746	0.309937	-0.412335	1.50289	0.711001	-0.403267	-0.766741	-1.37162	0.0249265	-0.0125509	-1.13445	-0.472889	0.400018	-0.934376	-1.61945	0.0986286	0.118385	
0.409031	0.0420233	-1.59616	-1.31183	-0.229813	1.14741	-0.0418004	0.536862	0.8028	2.76461	0.282926	2.31088	0.0779379	1.46299	-0.675281	-0.0430148	0.496659	-1.77706	-1.53418	-0.503164	
-0.434234	-1.30651	-0.772931	0.377947	-1.26241	-0.582316	2.74292	1.48059	-1.42208	0.424588	-0.675105	-0.00168602	-0.18283	1.22794	-1.31186	-0.0231046	0.342658	-0.352643	-1.2364	0.0926906	
-2.89863	0.725783	1.70557	-0.134672	4.30131	1.82652	0.781963	-0.698879	2.58414	-3.62671	-0.344661	-1.04232	-2.08698	0.451996	-3.22829	0.978293	-0.458778	3.13333	-3.74738	-0.442245	
-0.458201	-1.05778	-0.682167	0.270201	1.69833	0.642237	-0.201762	-0.422283	2.03369	0.628237	-0.636788	-1.15021	0.61538	0.472908	-0.195949	0.979404	-0.206517	0.13978	-1.44572	0.960731	
11.7769	0.114895	-14.9116	-1.6897	-9.295	-1.83584	-4.90578	0.902689	-7.93403	14.0397	1.19055	5.66778	7.98161	-0.0732826	7.52403	1.21707	-0.809432	-4.70247	6.88642	0.328664	
-1.92444	-0.590661	1.23667	-0.0607978	1.25342	0.132881	-2.17422	-0.368426	-0.426246	0.824209	1.64058	0.168193	-0.791426	0.349045	-0.554459	0.584642	-0.370216	0.31833	-0.313413	-1.81211	
-13.8686	-5.2104	14.7719	5.31694	6.16532	-5.51221	3.60569	-9.99879	9.12667	-17.668	-8.17811	-6.75756	-2.04931	1.45045	-9.17779	-0.73694	-0.583997	2.06159	-3.58603	-1.28186	
-0.913366	-0.870318	0.406136	-1.55018	0.148039	1.77713	-0.286887	0.422787	-0.725326	0.722999	-0.747103	-2.12224	-1.12083	0.346099	0.810969	0.0615594	1.36687	1.56117	0.377677	0.888619	
1.51403	0.990719	-0.509287	0.725249	0.0975305	-0.442719	-1.30453	0.911017	-0.684373	1.51218	-2.54856	0.848902	-0.0114755	0.602196	-1.13884	-0.343606	-0.714901	-0.714647	-0.864187	-0.241455	
-1.43204	1.66622	0.30856	-1.56617	1.11619	0.28155	1.80156	-0.0593288	0.184517	0.363313	-3.06306	-0.0222963	-1.3075	-0.789754	1.06797	-1.20932	0.400044	1.14763	2.31841	-1.7325	
-0.165478	-0.302776	0.0771391	-1.97998	-0.0496801	-0.558538	-0.67037	-1.9874	-0.706476	-0.211095	-0.00719641	-0.509231	-1.21587	-0.647723	-0.614089	-1.30715	2.36465	-0.00473534	0.299063	-1.08862	
0.323814	-1.88416	-0.616544	-1.71754	0.122529	1.70876	0.264597	-1.48787	-1.14409	0.00889547	0.213974	0.357897	1.11279	1.54443	-3.21938	1.07566	0.094812	0.824646	-1.2392	0.124981	
0.25604	-0.198668	-0.514656	2.49495	0.555164	-1.01772	0.386146	0.263987	0.239336	0.507582	0.465945	-1.31369	0.0395827	0.923341	2.43434	1.83984	-0.867538	0.284743	0.0553008	1.01318	
0.32399	0.0647471	-2.38064	-1.28338	1.25467	-0.295558	-0.390883	0.25626	1.66224	-2.35195	-0.49148	0.904872	-1.66301	0.184699	-0.271673	-0.699115	0.112593	-1.15205	0.119201	0.874342	
0.0784687	0.56149	-1.48827	-1.27361	-0.849784	0.1351	0.122374	1.00138	0.0528278	-0.298872	1.15778	1.08038	0.0482823	-2.14103	1.05139	0.114097	-0.73606	-0.598149	0.968465	1.20415	
-1.53438	-0.451641	-1.14208	0.428187	-1.69359	0.0208578	2.65576	0.695409	-0.749396	0.362333	0.57725	0.455166	1.19798	-0.358116	-1.03887	-1.67514	-0.286129	0.68094	0.0985197	-2.24361	
-2.21756	-0.226968	-0.446352	0.94936	-0.28843	0.619843	0.46238	-0.155256	1.1565	1.04716	-1.44978	-1.87379	-1.72753	-0.935517	-2.01345	0.38014	0.0652679	2.39857	-0.502723	0.32857	
0.545489	-0.731635	1.77548	0.545133	-1.15605	-0.595641	-0.422381	0.803896	-0.675563	0.354216	-0.692974	0.165775	1.50229	2.32754	-1.19344	-0.0211158	-0.285294	0.660982	0.439102	-2.26287	
-1.08512	0.313191	-0.475272	-0.124106	0.945476	-0.643177	-1.1651	-0.207494	0.295178	-0.821755	-0.256565	-0.369408	0.784183	-0.109516	0.314145	-0.0785361	-1.48244	0.237279	-1.0457	-1.48547	
0.76877	-0.786234	-0.927498	-0.0868774	0.763916	1.0991	0.368232	0.92909	-0.587803	-0.569628	-1.93023	0.737362	-0.900136	1.02784	0.60001	0.720015	-0.369607	1.08707	1.27131	0.320407	
-0.0583788	-0.702181	-0.833364	0.226535	-0.237929	0.383203	-0.985412	-0.139879	-1.57358	0.0331655	-0.532377	-0.833719	-0.57812	-2.59978	-2.03937	0.275182	0.932999	-0.237822	-0.210475	0.54882	
1.66362	-0.0662218	-1.39826	2.18617	-1.1103	1.21094	0.216791	-0.329564	-1.22251	-0.653092	0.553275	1.06971	0.450293	-0.453892	-0.889269	1.30854	0.649323	1.28203	0.443168	0.210223	
-0.96237	-0.198415	1.50107	0.472544	-0.325772	0.38204	0.480591	0.474054	-0.8783	0.809654	0.715268	-1.93532	-0.270445	1.02844	0.882084	-0.915281	0.0478204	-0.652255	0.819482	0.335987	
0.90154	-0.455852	0.777924	-0.960525	-0.111394	0.917082	-1.76726	-0.901815	0.50923	0.279484	-0.424285	2.46909	-0.76575	-1.35325	0.772701	0.771095	-0.162877	-1.36633	-0.462429	-0.283661	
-2.78347	-0.160138	0.18989	1.00399	-0.139208	0.708953	0.733927	-1.35513	0.535096	0.315565	-1.3679	-0.128063	0.481758	-0.399044	-1.54037	1.05581	-0.287067	-1.81932	1.36761	0.161021	
-1.95282	-0.815694	0.0821792	0.572958	-0.480814	-2.44442	0.086542	1.09708	0.284686	-0.449219	-1.20553	-1.75291	0.781612	-0.271058	-0.347505	-0.435334	-1.36216	-1.57093	-0.23593	0.00628692	
0.984692	-0.483571	1.41833	-0.558101	0.944209	0.239152	0.478732	-0.510364	-0.720378	1.07958	0.868909	-0.880512	0.0491223	1.20204	1.58771	-1.2968	-0.452727	-0.303359	0.354465	0.946534	
0.377049	-0.880478	-0.134893	1.03267	1.24334	1.51091	-1.1296	0.482037	0.678099	0.401455	0.37844	-0.267894	0.0597083	0.0236117	0.527474	1.54449	1.21135	-0.109626	-1.59725	-0.0407789	
2.23878	-0.959517	-3.03223	-1.59425	-1.27221	-0.950819	-0.525426	-0.363513	-1.59845	2.64767	0.0533883	0.0810488	1.98604	-0.294676	2.05077	-1.10613	-0.0963424	-1.56788	1.42017	-0.403705	
1.39184	-0.291986	-0.664863	-0.900288	0.865185	0.645087	-0.301112	0.0138526	-0.787164	1.32761	-1.54215	0.0560702	0.299955	-1.06677	0.373723	2.27379	1.37333	-0.671022	1.07099	-0.790276	
-1.17705	-0.196382	-0.868951	-0.781367	-0.191455	-0.47059	-1.00087	-0.0236442	-1.15703	0.696479	-0.69803	-0.738091	1.30625	-0.997163	1.22067	-0.514379	-0.567009	-0.647105	-0.598304	0.662619	
2.59718	0.274696	2.2206	1.78091	0.516976	0.630243	-0.607681	0.13217	-0.977751	-1.26025	1.13006	1.1588	-0.307465	-0.682087	-1.55612	0.109199	0.132776	0.755432	1.3077	0.719447	
-0.550788	-0.551284	-0.590953	-0.133822	-1.57997	0.630182	-0.25864	0.741343	0.261572	0.244053	0.929008	-0.017645	0.3352	0.716283	1.75362	2.83623	0.86741	-0.0229679	0.124241	0.113694	
2.02924	0.403742	0.66594	0.925022	0.584384	-0.621023	0.430758	1.15102	-0.535981	-0.172339	1.59862	0.0545462	-1.82121	0.88546	-0.420331	1.19778	-0.634945	-0.314793	-1.77386	1.24391	
-0.111138	-0.989167	-0.4796	0.790725	-1.10787	0.0808155	-0.772625	-0.976991	-2.05506	1.1806	-0.790029	-0.892663	0.00467371	0.631811	1.24764	-0.132561	-0.557323	-0.56516	0.0446745	0.419465	
-2.47271	-1.98108	0.0692821	0.71688	-2.18934	-2.74467	1.38358	-4.16712	-1.24736	-0.647032	-1.14902	-0.0916539	1.22678	0.685275	1.48656	1.15728	-0.785223	-2.97083	1.87969	0.279027	
-0.420587	-0.120481	1.68442	-0.721621	-0.360031	0.458511	-0.226331	0.383126	1.59762	0.31214	0.697353	-0.694987	0.257995	0.950387	0.71715	0.0177681	-0.453523	0.486537	1.0829	-0.986552	
0.377472	1.23517	-0.0153172	-0.00869833	1.12197	2.02593	-0.25774	1.69057	0.760295	0.594692	-1.26041	-1.04161	0.865656	0.0894516	-0.206544	0.252482	0.37492	-0.983243	0.480157	-0.995452	
-0.10327	-1.47789	-0.733934	-0.512565	-0.140668	0.888624	1.37193	-0.703231	-1.33399	0.548012	0.127702	1.29667	0.657997	0.67328	0.492007	-0.345451	0.961835	1.70741	0.908619	-0.915029	
-3.74249	-0.651034	4.3061	1.43359	2.88397	1.42665	1.25012	-0.341845	4.22502	-6.12471	-0.417446	-0.882986	-2.7945	1.62344	-2.28394	1.04991	-1.37096	2.31903	-3.33079	-0.312039	
0.580795	0.333007	0.689445	-0.617724	-0.145593	0.386042	0.0551096	0.199693	1.63344	0.912353	-0.534626	-1.15965	1.77296	-0.793576	0.423591	-2.11274	-0.177976	0.706661	0.73047	-1.90559	
-1.95218	-0.743889	-0.526436	-0.0700347	-2.45634	1.83343	-0.257431	-0.287135	-0.239709	-0.00524091	0.28473	0.265874	-0.159205	0.549034	-1.30703	-1.1877	-0.318938	1.21932	0.312473	0.365554	
0.856144	-1.53863	-1.4239	-0.894493	0.360326	0.404588	-3.67982	0.501612	-1.19307	-0.459781	0.228232	0.805598	0.442289	1.53663	0.653684	-0.430094	0.177947	-0.235074	-1.50618	0.815081	
-1.18837	0.46367	1.46321	1.02157	-0.226501	-2.03292	-0.616464	-0.597986	-0.200337	1.10945	-0.350066	-1.39271	0.0298843	3.67853	-0.965582	-0.732465	0.561661	0.88724	-0.102535	-0.0384606	
2.1553	0.966945	0.189967	-1.18243	2.22962	3.79741	-0.644879	3.0939	-0.394902	1.05807	1.15105	0.295237	-1.88654	0.64833	1.76964	-0.714159	-0.848026	-0.695245	-2.20724	-0.0303415	
0.26011	0.17604	-0.136693	0.460572	-1.48784	-0.841786	2.70077	0.729274	-1.90232	0.0512155	0.598378	0.11807	-0.85291	1.11897	-0.0174549	0.0127751	-0.91616	-0.443416	1.0842	1.43652	
0.659883	-0.980893	-1.03297	0.248404	-0.728126	0.722113	-1.11835	-0.819718	1.06998	1.05564	-0.921012	1.13594	0.162843	0.466215	1.06507	-1.31311	-0.801206	-1.33119	1.15462	-1.34795	
0.700967	-1.1428	-1.03466	0.252662	0.81203	-3.50013	-0.599398	0.0749131	-0.440716	-0.319384	-0.482946	-0.213573	1.47708	-0.831675	1.7876	-0.735685	-0.927301	0.422136	0.947687	-0.126105	
-0.269977	-0.818233	-0.931023	0.642101	0.00405839	0.0192724	0.203938	1.13506	1.13632	0.375127	-0.630799	0.466737	-0.224349	0.637131	1.54726	0.107607	-0.21097	1.12448	-1.10246	1.52436	
1.48115	0.581447	1.22546	-1.60025	0.729798	-1.23299	-2.69312	-0.460104	-0.213129	0.75151	0.158534	1.35963	-0.388452	-0.776136	0.303125	-0.216798	-0.747473	-2.57477	1.05894	-0.899812	
0.831439	0.888323	-0.879147	0.852915	-0.102568	-0.115611	0.301569	1.82123	0.686374	-0.125843	0.943599	0.964766	-1.3786	-0.234453	0.42151	0.318594	-1.3143	1.1182	-0.457413	-0.380186	
-2.16152	0.860532	-0.201788	0.745444	-1.29036	0.47213	0.353711	-2.54681	-0.11361	1.79326	-1.27096	-0.806122	-0.0785365	-0.250997	0.205787	1.20636	-0.269581	-0.796852	0.079964	-0.93826	
-1.10742	-0.014852	-1.01149	0.0739943	-0.684531	-3.40224	-0.362423	-0.967764	0.409419	1.4565	-1.14935	-2.33539	1.21788	0.771291	-0.0607902	0.250964	-2.76385	-0.110478	0.435273	0.638096	
0.293634	-1.71473	-0.397976	0.894808	2.21397	-0.011073	-0.0725679	0.506753	0.00546948	-0.276473	-0.337685	0.639263	0.995121	1.25168	1.70719	0.925507	-0.232701	-0.117851	0.761056	-0.0131536	
1.29497	0.483989	-0.0461161	0.636272	-0.823241	-0.360795	0.32769	0.477912	0.240926	0.681156	-1.29137	-0.637861	1.18186	0.546858	-0.59579	0.222962	0.173332	0.183395	1.5274	1.52095	
0.205974	0.197319	-1.23217	-0.193821	-0.162866	0.569156	0.468091	0.259478	-0.986689	-1.91517	-0.702154	-1.56805	-0.697404	0.756864	0.0653447	-2.06133	0.528624	0.724801	-0.734089	-0.440605	
-0.101097	-0.129917	0.330781	-0.24131	-2.0792	-1.99024	-1.2634	0.0933537	0.589332	-1.43466	0.632723	-0.217429	-0.118363	-0.510227	-0.970473	-0.401923	-0.0259834	2.4131	-1.96434	0.324587	
0.334331	0.880866	-0.196744	0.493613	-0.991356	0.247045	1.31836	0.600327	1.72109	-0.0630401	-1.42323	-1.06221	-0.241067	0.447376	0.236642	1.39482	0.0890984	1.12333	-0.356621	-2.19175	
0.63316	0.259111	-1.09087	0.729877	0.471713	-0.281579	0.555556	-0.270045	-0.112241	0.4325	2.63843	0.690932	-0.326647	0.357308	0.291684	-0.646616	-0.810704	-0.376383	-0.503479	-0.128863	
0.228579	0.132532	-1.0398	0.0766347	2.19134	-0.0038694	1.05869	0.658698	1.07209	2.09105	-1.52586	1.35347	-2.08987	-0.579155	-1.19742	-0.0966416	-0.486364	0.372484	-0.934431	-0.174547	
-0.922437	1.25468	0.693643	-1.22045	1.78289	-0.813733	-1.67051	-1.19346	-0.6143	0.683807	1.67765	0.0766002	0.256028	-0.255763	0.0403006	-1.18357	0.0978503	-1.16931	-0.273043	-0.640914	
-0.793728	-0.411428	-0.711105	-1.03388	-0.140939	0.846079	-0.968212	-0.501633	1.27462	-0.0392013	-1.32645	-1.03591	-1.5965	1.05493	-0.0292143	0.282126	-1.84807	-0.257806	-1.37919	1.2027	
-0.577186	-1.36341	0.656013	-1.41876	0.00346459	1.33833	0.996216	-0.546587	-0.230614	-0.455248	-0.448723	-1.76906	0.811386	-0.389283	0.0155811	0.0415973	0.338687	0.0481807	0.297906	0.582712	
-3.26361	0.12353	2.54806	-0.660938	2.93629	1.20746	1.57403	-0.986973	1.76885	-1.85322	-1.29652	-0.221106	-0.248293	1.8955	-0.0337652	-1.74273	-0.5391	0.319443	-4.83707	-0.425418	
-0.496743	-1.42514	-1.25204	-1.02389	-0.940072	0.498128	2.95078	-0.757083	0.611405	-0.0165793	0.662549	-1.9067	0.0962146	0.333069	-0.599392	0.173763	0.133349	0.410768	-0.0326607	-0.288088	
-0.0856593	1.11376	1.17183	-0.0745568	0.428096	0.98365	-2.36273	0.0254774	0.886256	-0.491228	-0.5295	-0.0328396	0.0250518	-0.148908	-0.0615445	0.398698	0.289575	0.838221	0.520187	1.15819	
-0.448758	0.272405	-0.255195	1.80936	-1.30685	1.07902	1.06778	0.0616987	0.37506	1.21076	-0.528085	-0.0247235	0.433946	0.487049	1.59456	0.608394	-0.923135	-0.974681	-1.15055	-0.217592	
1.25801	0.320711	-3.02096	-1.9081	-1.87685	0.64747	0.0046711	0.743769	-1.16025	2.11916	-0.918015	0.794225	3.05434	0.506702	3.59204	0.600671	-2.14319	-2.03476	0.930004	0.945299	
1.11109	1.04785	1.26696	1.45757	-0.242041	-1.56578	0.641482	-1.60397	-0.937527	-0.834843	-2.10339	-0.458336	0.0151606	1.07036	1.1379	-0.532464	-0.568378	1.60801	-1.17062	0.0266036	
-5.85226	-4.47349	1.67487	6.77641	-0.687947	-8.6265	-0.131605	-14.0323	2.26293	-7.15579	-8.76996	-0.925951	5.3224	1.26338	-0.633316	0.598621	2.32723	-4.72323	5.9282	0.894017	
-0.0943205	1.66074	-0.560701	-1.31098	1.26961	-0.767861	-0.73367	-0.674556	-0.626265	0.852634	0.960751	0.941433	1.83261	0.0476458	0.222003	-0.719143	1.12093	0.582271	-1.69443	-1.54166	
-7.30672	-4.55505	0.767233	3.61719	-2.93309	-6.87387	-1.49073	-12.5469	0.183878	-3.26481	-6.70909	-0.357502	6.92227	1.26069	0.0345406	-0.0857874	1.48026	-4.7458	5.96769	0.200199	
0.150971	1.98948	0.538896	0.0249985	-1.24795	-0.573541	0.310517	-2.85688	-0.154115	-0.956623	0.0763639	-0.793061	2.00041	0.567122	-1.32088	0.00253531	-0.108216	-0.182886	0.712491	-0.0354981	
-0.0484806	-0.465302	-0.405542	0.949525	2.01518	-1.46522	-0.563539	0.642582	0.285095	-0.911989	-0.81989	0.678613	0.105794	-0.307624	-1.01724	0.365863	1.1192	-1.9997	0.927333	1.38969	
0.0114046	0.462275	0.000542045	1.2109	1.84311	0.00712566	-0.826022	-0.835093	-0.835992	0.777851	1.14637	0.426933	-0.0642743	-1.11141	-0.600367	-1.66605	0.234445	1.28451	0.649029	-0.691611	
-0.0655164	-1.0503	-1.59919	-1.47183	-1.11913	-0.42977	2.03584	0.0624844	-0.0139994	0.549413	0.987843	0.679299	-0.417423	0.268926	-1.12972	0.508544	-0.916445	0.148516	-1.68037	0.0861088	
1.39892	-0.470026	-0.280764	0.200208	-0.298457	0.204965	1.84829	1.26527	-0.116828	-0.907857	0.978174	-0.316999	1.08006	-0.250759	2.99883	0.656487	-2.47154	-0.366041	0.330429	-0.394093	
2.29457	0.0265384	1.2847	0.558507	-0.408706	-0.668152	-0.251372	0.767387	1.27594	0.449904	1.42371	1.04735	-0.742533	1.16633	-0.63544	-0.372437	-1.2939	2.22669	0.613997	0.76181	
-1.23793	-0.304847	-2.31274	0.772431	-1.45683	-1.00116	-0.758885	0.0228138	-1.54483	0.270187	-0.997546	0.624179	-0.860792	2.05256	-0.510078	-0.681714	-0.608081	1.70485	0.059128	-0.634555	
-0.658087	-0.0180308	0.265562	-1.26077	0.0702234	1.38825	1.27495	-0.74095	-0.201305	0.446548	-0.869805	2.07557	0.391492	0.0193082	0.0842943	1.21029	-0.397482	-1.12036	3.09407	0.965374	
0.871595	-1.56312	1.32027	-0.0909873	-1.15493	0.297022	-0.928054	1.06151	-0.421974	0.906967	-0.751904	-0.625436	1.02549	-1.01327	-0.507963	0.297735	-1.16878	-0.746095	1.96238	0.12873	
0.864029	0.281656	1.33401	-0.256651	-1.41235	0.331629	0.334939	0.15529	1.75262	0.457099	-0.598636	0.137817	-1.25845	-0.26249	-0.384741	0.513572	1.75079	-0.940334	1.82756	0.197472	
-0.526182	-0.385838	-0.351367	0.989949	-1.12213	-2.41544	-0.514159	-1.5734	0.0927159	0.692327	0.57806	-0.45533	0.784912	-0.770336	-0.833807	-0.910822	1.23559	-1.5781	0.0456456	1.36091	
1.11512	0.0576651	0.72583	0.238778	-1.00569	-0.903094	1.05248	-0.471383	-0.852929	2.13517	0.0793732	-0.884388	-2.05325	-0.794938	0.254947	-1.80596	0.957088	1.24785	1.37122	1.16836	
0.964739	0.302872	-0.483795	1.68157	-0.110414	-1.14526	1.95247	-1.74241	-0.706171	-0.731697	-0.518308	0.715511	1.25546	-1.06448	0.609342	-0.694145	-1.53803	0.346136	2.18478	-0.229403	
-1.13023	0.583521	0.788356	0.985004	0.024704	0.174571	0.466755	0.89581	-0.95092	-1.12283	-0.933158	0.150144	0.196812	-0.065312	1.71072	-0.933049	-1.92643	0.427843	-1.24672	1.39369	
-2.07745	0.938718	-0.574262	0.637426	0.99534	0.725723	1.12205	2.06485	0.0045972	-1.84713	0.174288	0.094845	0.204608	0.0548598	0.784375	2.08804	0.186949	-0.644734	0.637232	-0.00621001	
-0.0629694	-1.12729	-1.82998	-1.67244	-0.0952218	0.0129348	-0.330447	-1.17378	-0.39999	0.221805	0.420273	-0.712814	0.490711	0.352972	0.073291	-0.211814	1.25432	-0.674406	1.55352	0.707496	
0.997633	2.13459	-0.318965	-1.19712	0.749215	0.305042	-1.61387	0.929356	-0.412759	0.468063	0.0559209	0.137525	1.19563	0.756992	-0.581759	-0.857731	1.3043	-0.505881	0.60599	-1.68444	
-0.416654	0.37863	-2.05854	-0.185461	-0.873443	1.09972	-0.254937	-0.915439	-0.572029	-0.301236	-0.484797	-0.55745	-0.162706	-1.25231	0.136133	-0.593929	1.19193	-0.229544	-0.273062	0.120236	
-4.69147	1.8823	3.32966	-1.22662	3.39202	4.78267	-1.51679	0.539987	-2.27539	-2.63835	-2.68406	-0.405822	-0.218799	1.01603	-7.45477	0.562745	-5.99043	-0.122732	3.0785	1.73959	
1.10957	1.37061	-1.91845	0.103517	0.504068	2.23811	0.242762	3.07691	-3.65603	1.3116	2.3154	-0.642865	-1.68914	-0.170056	0.627617	0.180992	-0.724231	2.84515	-0.900071	-1.10709	
-0.383106	-0.337853	0.417981	-0.732145	-1.08047	1.4875	-0.57591	-0.263075	0.483538	0.329179	1.79422	-0.836221	0.693202	0.340317	2.91846	-2.03022	0.715001	1.67257	0.0714171	1.21242	
0.649313	-0.598233	1.67088	0.551372	-0.47228	0.905147	0.380428	-1.54684	0.508061	-0.434493	-1.92204	-0.989302	-1.01344	-1.1188	-1.21977	0.682768	-0.193811	-0.421009	0.148792	0.902126	
1.00665	0.787664	-1.22938	0.857894	-0.0489674	-0.694588	-0.0960634	-0.00850736	0.7872	-0.584379	-0.528395	0.727808	-0.19371	-0.481401	-0.110853	0.641595	0.382405	1.25688	-0.825225	0.83921	
-1.76565	-2.42759	-0.332969	0.670678	0.231283	1.41532	-0.116673	-1.62463	-0.927854	1.33476	0.977073	-0.718912	-1.23444	0.160585	-1.44097	0.220026	0.0856304	-0.111241	0.414008	1.25697	
-1.18238	-1.20971	1.15855	-0.473369	-3.00524	-0.0907928	-1.76981	-0.52517	-0.545065	-1.25209	-0.677067	0.945934	0.921083	-0.254446	-0.941508	0.399196	1.4491	0.953719	-0.297402	0.489765	
0.316023	0.309855	2.14192	0.121654	-1.24474	1.32795	1.28206	-0.667432	-1.12951	-0.61834	-1.2409	-0.080525	0.0987127	0.950955	1.27637	0.705119	-0.690576	-0.295989	-0.845395	-0.568501	
0.705987	-0.300996	-0.241957	1.03121	-0.574082	0.69193	-1.09085	0.119755	-2.13409	0.163607	-0.375433	0.417129	-1.49122	0.992782	-2.25861	0.922189	-0.695094	-0.50481	-0.27155	0.226788	
-0.459815	-0.264424	2.54358	0.533069	-0.739664	1.28954	-0.58142	-1.38425	-0.068781	0.429288	0.271553	-0.860024	0.627265	-0.352047	0.788568	-0.409401	-0.438058	0.457464	0.883048	-0.667394	
0.695195	-0.310133	0.732137	-0.535177	-1.9117	0.0713493	1.10471	-0.285477	-1.42423	-0.0788779	-1.59724	0.265127	-1.23038	1.58739	0.380301	0.916002	-0.933933	-1.09344	1.6473	-0.809911	
-0.240641	-0.793048	0.435476	2.13213	-0.0804451	0.242405	-0.354105	-1.67044	1.99738	-1.08913	0.430192	0.817742	-0.905382	-1.11432	-1.95724	0.458321	-0.194398	1.3125	1.7587	-0.699849	
1.08331	-0.440635	-2.08711	-0.528983	-1.20488	1.71688	-1.14141	2.84717	0.119927	-0.21822	0.348725	0.565772	-2.16301	-0.42113	-0.0343873	0.0751064	-0.590929	2.61396	-0.748457	0.795228	
-0.59017	-0.20913	-0.514162	-0.661897	-0.758797	-1.42649	-0.0703503	1.47388	1.33139	-0.193634	0.627469	-1.00842	-0.641296	-1.32133	2.47481	-0.349529	0.0534453	1.30739	-0.2976	0.919659	
0.270375	-0.615179	0.0668801	1.61781	-0.452247	0.518565	-1.6759	1.66642	0.956159	-0.256409	-0.0331999	1.32792	-1.05481	1.76923	-0.0457374	-0.626749	0.536183	0.818886	2.61679	0.72287	
0.802548	0.207445	0.30735	0.101506	-0.673756	1.81253	0.191079	1.66778	0.546073	1.082	-0.30869	0.120687	-0.302017	-1.08552	0.0738706	1.97138	0.42096	-0.242107	0.122126	0.466785	
-0.94382	0.0448484	1.22187	-2.61927	0.67876	0.53064	-0.694739	-2.06062	0.914545	-0.278674	0.441339	-0.0190921	0.297356	-1.53577	-0.778791	-1.05755	-2.3892	-0.952474	-2.19603	0.929394	
-1.11977	-0.0568577	1.28216	-0.466799	-1.94592	-0.733382	1.64997	-0.18308	-0.780459	0.809724	0.476299	0.318652	1.74601	0.165414	0.280215	0.70099	0.384944	-0.573509	0.868567	-0.727104	
-0.479195	-0.119742	-0.873746	0.724169	0.0949555	-0.991035	0.0494859	-0.673785	-0.573718	0.893041	-0.116359	1.68578	1.37614	-0.462371	-0.74817	0.514578	-0.884177	-0.838535	-0.341582	-2.02517	
0.568066	1.51089	0.753191	-0.491841	-0.67838	0.752761	-0.389777	-0.835601	-1.06274	0.419842	-0.248722	-0.20485	-0.640726	-1.70671	-0.661889	-0.309581	-0.401485	-1.63725	0.432923	0.280968	
0.780165	-0.909801	0.205944	0.104289	-0.579875	-2.05387	-2.16438	2.03206	0.0764333	-0.891155	-2.61971	-0.70884	0.942841	-0.172766	0.531477	1.40114	0.0913058	0.372363	0.235036	-0.273801	
4.24524	1.53896	-6.75714	-1.02487	4.97396	10.6174	2.38962	10.2849	-10.0746	-0.189785	7.13673	-3.66772	-5.57843	-2.44089	-6.45664	-1.94979	-4.40343	4.93128	-3.16711	6.74672	
1.47235	0.454787	0.194249	-0.221342	-0.223895	0.197321	-0.67004	-1.158	-0.775266	-1.66424	-0.23646	-0.50252	0.685157	-0.559533	-0.585472	1.78088	-1.04175	-2.46396	-1.73891	0.193203	
-0.660527	-4.28419	5.59594	5.42287	0.909614	-1.63333	2.21121	9.03995	-1.88904	-3.1176	9.93647	-1.81862	-3.18222	-1.53029	-12.4039	2.02541	-9.07073	12.9741	-1.93165	0.958895	
0.181452	-0.761489	0.234183	0.97334	-1.11254	-0.357147	0.939565	-0.405464	0.489811	-0.353981	-0.330002	-0.775198	-0.879888	1.26269	-0.379229	-0.779317	-1.2207	0.0324433	-0.597813	1.35723	
0.185705	-3.95715	0.905871	2.63484	-0.662276	-3.53148	0.757606	2.9059	-0.63611	-1.72896	6.5006	-0.866116	0.330584	-2.48688	-7.03231	4.17554	-3.18025	5.94622	-0.616556	0.752533	
-0.88986	-1.85666	-0.812307	-1.19795	0.853326	-0.796897	-1.18497	0.146891	-1.20647	-0.89861	0.502114	1.07957	-0.285994	0.76638	-0.899256	1.25168	1.00433	0.542626	0.0906675	0.120717	
-1.30679	-0.548327	0.245861	0.764526	0.232666	0.475135	0.075911	-1.55337	0.241023	1.05099	-0.378795	1.08505	-0.0073924	-0.0910298	1.27528	-1.60537	0.701885	0.546038	-2.04711	0.635954	
0.807857	-1.4885	0.0482266	-0.816172	1.23117	-0.00556011	1.12483	1.64091	0.0123756	1.12714	0.616322	0.846976	0.120083	-0.482221	-2.01836	-0.395161	0.896791	-0.141215	-1.55648	-1.64905	
-1.01055	-0.304501	2.07336	1.31246	0.941619	1.69341	1.13825	0.280619	-1.34919	0.647619	1.36263	-0.44459	-1.53459	-1.17111	-1.84497	0.850142	-0.0305964	-1.57283	-0.768438	-0.840085	
-0.234916	-0.0574154	0.7047	-0.397938	-0.404787	0.926362	0.567042	0.602172	-0.837541	-0.298236	0.339734	-0.565623	0.4159	1.0475	-0.494739	0.608309	0.128287	1.3284	0.432111	0.473698	
-2.16329	-0.43528	-0.566653	-1.4688	-0.370617	-1.29543	0.7045	0.717882	0.326287	-2.2136	-1.2135	-1.07235	1.07776	-1.13319	-0.30304	0.0891075	1.46696	-2.85496	0.522588	-0.143968	
-0.079222	0.631937	-1.34454	-0.315474	-1.04227	-1.42458	-0.022193	0.736071	1.56371	-0.828792	0.11954	1.07498	0.269942	-0.564341	-0.856243	-0.717841	-1.58674	-0.147068	0.169856	0.317972	
-0.739836	1.2102	-0.368664	-0.4643	0.338211	-0.510183	0.743478	1.87366	0.363899	-0.292301	0.609032	-2.03403	0.592715	2.12391	-1.882	-1.37145	0.35296	0.109046	0.385758	1.80993	
1.674	-0.394266	-0.996028	-0.944022	-1.08002	0.819924	-1.1617	0.172814	-0.25039	0.736155	1.0656	1.78103	-0.701096	0.0370558	-0.886867	0.232837	-2.418	0.206977	-0.998401	0.537753	
4.18985	2.12967	-0.962593	-3.08061	2.86722	5.48234	2.0565	8.23999	-0.614859	3.43965	3.64256	-0.267011	-4.31276	-2.9633	-0.471879	1.41957	0.148412	1.79131	-4.89791	0.134794	
0.359904	-1.10988	0.597043	0.577315	-1.1383	0.316193	-0.705825	-0.278658	0.76876	-0.544649	-0.233229	0.392693	-0.109197	-2.07847	-0.340982	0.49806	-0.594716	-0.0665575	-0.00726332	0.628447	
0.681349	0.583357	0.190097	0.400812	-1.13685	0.521605	0.408837	0.0288692	0.145609	-0.162373	-0.783037	-1.56302	-1.88853	-0.810622	-0.0378314	1.11922	0.0810351	-0.671394	0.112044	-1.04141	
-0.142509	-1.91153	-0.00159757	0.134689	-0.443583	0.73255	0.18811	0.322878	-0.255702	1.69696	0.110733	-1.19938	-0.896002	-0.679956	-0.481916	0.15174	0.658817	-0.0852646	-1.57067	0.384369	
-2.08103	-0.742241	-1.59003	-0.57816	0.966675	-1.35166	-1.01856	-2.17537	-0.724744	1.94033	-0.870347	-0.49862	0.457991	0.037499	0.794146	-0.573101	0.229181	1.39464	0.707371	-1.1938	
1.9678	3.32526	-2.43297	-3.97655	0.738831	1.56171	-0.866178	-1.56846	1.64771	2.98304	-4.84565	0.359271	2.75234	0.756199	3.70539	-1.53605	3.83412	-6.57167	1.03906	0.884649	
-0.427388	-0.317193	1.30383	0.960734	2.33093	-0.0216238	1.23667	1.19268	-1.99845	-1.56506	1.01943	1.03421	-1.13543	-0.928593	-1.28105	0.364308	-0.0374309	0.853445	-1.25272	-1.15998	
-0.785769	1.59962	3.22779	-1.49286	0.00979534	-1.41865	0.88783	1.93712	1.05027	1.05944	1.19436	-0.64949	-0.568794	-0.367834	-0.262337	1.97819	-0.20364	-1.40963	0.626734	0.759109	
-1.10621	0.431297	1.90252	0.574916	-1.13142	-2.14571	-0.646177	0.0707814	0.279353	-1.34406	0.227168	0.390719	-0.506422	-0.386333	0.986176	1.76616	0.19861	0.425212	-0.289687	0.979053	
-0.694248	0.579133	1.44441	0.177203	0.618622	0.947863	-0.747925	1.01469	2.62204	-0.950049	-0.716615	0.305114	0.753171	-0.164709	-1.39279	-0.848935	-0.884892	0.55269	2.32379	-0.427655	
3.33975	-1.21193	0.5125	-0.251382	-0.31417	0.269661	-0.736893	1.2503	1.21973	1.87002	-0.530186	-1.57198	1.30042	-0.401481	-1.01858	1.20344	0.293673	0.333273	0.569731	-0.883846	
1.33079	4.07888	-8.46481	-2.34111	2.31292	7.43732	0.744184	-2.64399	-5.03732	0.925859	-4.00122	-3.65262	0.728289	1.2196	-0.0593876	-2.2749	2.45582	-4.60241	0.632218	4.314	
1.13672	0.611089	-0.50966	0.627365	-0.771266	0.451706	-0.146435	0.398489	-1.44743	1.52925	-0.370068	0.48425	1.66893	0.805372	0.846883	-0.399193	0.0940003	0.49608	-1.81426	-1.03236	
-0.128228	0.67596	2.02371	-0.0422983	1.83201	1.13654	0.18519	0.632274	-0.800249	0.097034	0.493439	0.768361	1.05527	-0.489017	0.181004	-1.30253	-1.54293	0.851573	0.712273	0.740215	
0.403166	-1.61661	-2.69975	-1.10455	-0.846364	-1.69349	0.0126746	0.62875	-0.0604816	-0.524104	0.733937	0.473439	0.74998	0.90015	0.151033	-1.82155	-0.514166	-0.242189	-1.29766	-1.00629	
-8.32992	7.31142	3.60868	-0.533035	9.91885	12.2487	0.23669	4.19551	-8.58335	-2.97381	-3.44877	-1.89189	2.25459	3.75956	-17.5219	-2.52155	-15.2834	0.00473939	12.5377	11.3948	
-0.2942	0.108822	-3.06504	-1.21563	1.82595	0.893682	-0.455852	1.61352	0.245157	0.124838	-0.734962	-1.05177	0.427356	-0.56098	1.17729	-0.557597	0.224665	0.197868	-0.222171	-1.771	
0.8368	-0.073195	-0.483388	0.840142	1.95275	0.561021	0.00294567	0.861231	0.473748	-1.99004	1.44782	1.49344	0.365523	0.683622	-1.02089	-1.28707	0.184929	0.00615577	-0.456347	1.89094	
1.24443	0.778389	-0.0320411	1.01392	0.736196	0.439075	-0.278131	-0.40542	-0.0883776	-0.459842	0.634945	-1.10774	0.885023	-0.138803	1.08616	0.447697	0.225987	0.449637	-0.564092	0.690243	
2.09158	-2.17044	0.235685	-2.00948	1.23159	1.31515	0.306988	2.79618	1.50091	0.669827	1.6378	-0.542727	0.846796	-0.134911	-0.129357	0.173693	0.772692	0.9571	-0.881503	0.858768	
0.992151	-0.336141	-0.256008	-0.96619	0.626498	1.50558	0.0977915	0.668052	-0.802865	-2.47667	-0.58331	-1.59509	-0.699942	1.36767	0.819941	-0.0476252	-0.650905	-0.215403	0.657078	0.461249	
-0.418585	0.540889	-0.0814268	0.693503	-0.222626	-0.587513	-1.03056	1.55502	-0.32106	0.44381	-1.29071	-1.30451	-0.395225	0.704653	1.78716	1.69785	0.951118	0.835582	0.403868	0.283982	
0.471679	-0.544608	0.72935	0.0194608	1.0262	-0.942433	-0.552368	0.602524	-1.20582	-0.168425	-0.728904	1.04139	1.32407	1.9302	-1.91394	-0.724443	0.882655	0.282014	1.82262	-0.361322	
0.0263099	0.749559	-0.383028	1.93733	0.0354351	-0.491187	1.06148	-0.529061	0.557187	-1.38424	0.23121	-0.159655	-0.407211	0.704074	0.367379	-0.964643	-0.765526	0.0135009	0.912256	-0.236518	
-1.49923	-1.01846	1.2251	1.07176	-0.126425	0.401933	-1.28117	-0.84143	2.16762	-1.37118	0.406494	-1.58898	-1.58279	-0.351606	-0.246637	1.13749	0.480353	-0.551959	-1.51282	0.0475967	
-0.818885	0.246487	-0.517653	-0.737703	0.290816	-0.979816	1.20137	1.01683	-0.535919	0.135884	-0.0353674	-0.846719	-0.246327	-2.22261	-1.24811	-0.585803	1.77551	0.981305	0.451318	1.68488	
2.25452	0.270373	-0.544561	-0.282012	0.646364	3.03961	0.403757	5.11087	0.40861	1.21447	2.35629	-0.0201414	-2.71352	-0.418629	0.0439272	-0.883748	1.30512	0.375953	-2.5038	-1.68626	
-0.605994	0.23144	-0.355058	0.28716	-1.34209	-0.230495	-0.112871	1.22069	0.667314	-0.830883	0.0084901	1.97038	1.17555	-0.549424	2.30357	-0.773683	-0.593234	-0.323112	-0.444826	0.822587	
-1.13112	-4.05309	-15.9973	10.3561	7.60719	8.80986	5.4595	-5.05626	-20.196	-6.6223	1.80651	-7.85241	-0.185051	0.280538	-15.9273	-2.80141	-7.32277	-0.269756	5.6487	12.5666	
-0.244986	-2.24816	-0.35919	0.385493	-1.79284	-0.62939	-0.896937	1.4765	0.320152	-0.720053	-0.921793	0.625848	-0.267972	-1.24906	-0.138272	-0.306319	-0.783283	-0.481972	0.385929	-0.000528248	
0.0380925	2.04882	-0.908268	-1.25193	-1.27344	0.693575	-1.18289	0.654713	-1.12094	-1.00136	0.123427	-1.0089	1.84763	-0.43786	0.291005	-1.72517	-0.390176	-1.39608	-1.70976	0.858256	
-3.84162	2.11417	2.52605	-1.0631	4.04779	4.1444	-0.655237	1.55828	-2.88418	-0.69646	-1.07817	-1.56428	0.0385862	2.5441	-8.46897	-1.72513	-6.89885	-1.32218	3.80326	5.04258	
-0.700218	-1.68662	-0.0883887	0.338131	0.434118	0.0293575	0.243711	-2.12336	1.31776	0.15945	0.373787	-0.502356	-0.0207295	0.235296	-0.235167	1.53281	0.320251	1.28172	-1.14981	1.33404	
-0.240861	-0.498524	-0.951068	0.282886	-0.530164	-0.629524	0.122591	-0.655194	1.10304	1.52831	0.111137	0.735391	1.03286	1.26011	0.144015	0.289663	-0.236177	-0.484976	-0.0223666	1.69644	
-1.54412	0.844004	0.160463	1.62417	-1.02829	-0.301194	0.0666387	1.99696	-1.53269	-2.82675	0.273016	-0.417881	-1.4303	-0.0676708	-0.160947	0.991477	1.50735	1.38246	0.452595	0.461079	
0.536824	-0.65194	1.56011	1.13473	-0.965044	-0.78332	1.94208	-0.717113	0.959329	0.51877	-0.515593	-0.566885	-0.270143	-0.880632	0.916188	-0.341317	-0.31225	-0.831274	-0.843126	0.635048	
9.49511	-5.32274	-7.47284	2.40372	-8.75753	-11.8453	0.683324	-2.98062	8.46572	3.61149	4.91549	0.217257	-2.61221	-1.68322	18.4571	3.63904	14.0312	-1.01513	-9.66565	-9.44633	
-0.6275	-0.440226	0.804043	0.332016	-0.0741471	0.442745	-0.562429	-0.712936	-1.01307	0.495173	0.272343	0.304788	-1.06039	0.145488	0.616513	-0.303458	-0.525658	-1.18654	0.516459	-0.0380421	
1.09805	-1.55598	-7.16508	3.33411	5.63957	3.89272	4.80036	-1.1876	-7.40913	-2.59595	1.556	-3.57211	-1.20875	0.193357	-5.7637	-0.496031	-2.65941	2.37892	0.783374	7.09146	
-2.81113	-0.180326	0.386234	0.626497	-0.477935	-0.728264	0.106298	0.269161	0.142529	0.962911	0.159478	0.356762	0.568007	-0.00800077	0.560293	0.691478	0.159653	-1.83226	-0.578172	-1.04767	
1.27515	-0.594412	-0.295913	-0.119849	1.33372	0.710637	0.774261	-0.99424	-1.40227	1.31769	-0.870068	-1.21469	-0.308146	1.18129	0.533537	-0.804901	-1.10556	0.771554	-0.184383	-0.293978	
2.08345	-0.237638	2.9333	-1.32036	0.121422	4.16419	-1.39822	4.58628	2.03777	0.538655	2.90448	2.32375	-2.39826	-0.0224104	0.96288	0.995563	0.418324	1.94321	-3.58226	-1.16738	
-0.578116	0.822677	-1.64771	1.99488	0.402126	0.702324	0.952186	0.0535249	1.76364	-0.0794359	1.29242	-1.15432	-1.05366	-0.473564	2.47703	0.721916	0.017824	1.36014	-0.0261862	1.10681	
-0.133588	0.641645	0.214407	1.03543	0.584868	0.593995	-0.565862	-0.443181	1.40921	0.900551	-0.592662	-1.3523	0.923126	-0.975932	0.974188	0.891023	-0.100516	0.29087	-0.263776	0.56669	
-1.25043	-0.918184	0.507467	0.790161	-0.395158	-0.0618323	1.22826	-0.642802	-1.25393	1.72187	-0.151784	0.435299	0.178496	1.81057	0.314765	-0.739971	-1.76038	-0.493736	-3.29454	-0.590049	
-0.128068	-1.01184	1.85119	0.465587	-0.106218	0.464557	0.460365	-0.252535	-0.414105	-0.470605	1.55681	2.12968	0.0859694	0.31307	-2.26591	1.83153	-0.837013	3.70107	-1.27561	2.07407	
-0.500591	-2.7703	-9.96598	5.4994	3.37993	5.98731	3.05251	-3.18155	-9.63022	-3.60177	-0.149007	-4.00971	-1.62402	-0.871618	-6.04203	-0.398699	-4.05968	1.32962	0.938683	5.00674	
-2.28281	0.275877	-0.905549	1.48083	-0.527652	0.0656715	-0.390726	0.361266	-2.05639	-2.86456	-0.469095	1.69484	-0.685148	0.15879	-0.714615	-1.23997	1.78687	0.817352	1.57712	-0.398547	
2.16239	1.60032	-1.2688	-0.0211836	0.856423	1.1378	-0.245188	0.73392	-1.93812	-0.659626	1.25887	-2.46527	-0.437791	0.827436	-0.214487	-1.80783	0.874711	-1.23022	1.08194	1.33773	
-0.20542	0.545986	-1.35812	1.11462	1.47824	-1.21194	-0.462649	-0.834754	-1.61228	0.148442	-0.482696	1.0835	-0.493691	0.284971	0.0391732	0.663904	-0.22055	-0.710561	1.65581	-0.249604	
0.329541	3.79962	-3.55769	-7.71035	-0.267106	3.55412	-3.38851	-2.45126	0.603759	2.16054	-6.86391	1.2377	0.251255	-0.142642	5.11605	0.329257	4.08941	-7.25355	0.712892	-0.368919	
-1.06006	-0.33635	-0.6462	0.413768	0.43295	-1.076	-0.704123	-0.658288	-0.706545	-0.306791	0.327916	2.04095	-0.506134	-0.0546826	-0.331652	-0.380384	0.302951	-0.653702	-1.18452	0.956472	
0.430156	-1.24557	-0.576926	1.9027	0.284999	0.0388021	-1.31603	-0.837723	0.0787986	-0.173167	-0.295981	-1.55106	-0.852344	1.65464	0.514088	0.219379	1.03134	-0.205034	1.40842	-0.84123	
3.97327	-2.42117	-1.92043	-0.389531	-3.55137	-5.87335	-0.286186	-1.55967	3.27681	3.72228	2.56376	-0.592895	-0.28137	-0.529889	9.61643	0.529057	4.41177	-1.29573	-6.05785	-5.66752	
6.04923	3.04765	0.57933	-5.026	2.34818	7.6661	0.943676	10.8078	-0.719296	4.62986	5.09183	0.237938	-3.99175	1.36335	0.721071	0.995923	-0.936403	3.09146	-4.82028	-1.7528	
14.8421	-12.5984	-14.2881	2.68963	-12.2792	-13.7972	1.9882	-4.16172	7.67377	3.02648	4.77637	-0.256126	-5.02992	-6.48246	25.372	4.62261	19.6123	-3.03713	-16.6178	-10.3033	
0.0312641	-1.73204	-0.961849	-0.151808	0.446724	0.15108	0.881353	0.742714	-0.0687237	-0.776322	0.0868922	0.355851	0.317507	0.573212	-0.586043	0.962617	0.186331	1.07086	-0.437771	-0.878836	
-0.811929	0.287583	0.204249	-0.268469	0.979185	-1.25871	0.635436	0.82599	0.693914	0.66961	0.00366958	-0.5795	2.26863	-0.465921	1.91426	-0.121132	0.175301	-0.82445	1.07064	1.1933	
0.786192	0.664619	-1.00805	-0.225842	0.902609	0.225699	-0.488172	-0.632157	-0.0979788	1.04536	-0.132019	-2.00437	0.0142244	-0.325389	-0.116417	-1.89178	-0.820308	-1.19269	-0.347171	-1.60044	
0.226118	-0.173904	0.632755	0.864469	0.911894	0.516919	1.40282	-0.404433	-0.902166	-0.555007	3.03268	0.26131	-0.336306	-0.701916	-0.0647113	-0.730177	-1.19073	-0.649859	0.909023	-1.35611	
0.493096	-1.51317	-0.423496	0.581994	-0.0179771	-1.04617	-1.54431	-0.679428	-0.563029	0.345366	1.19299	-0.483666	0.332194	0.796072	-0.165621	0.0120377	0.161996	-0.356933	-1.10446	0.660719	
-1.95038	-1.1042	0.103087	1.18006	0.358042	0.670971	-1.20964	0.862608	1.34105	-0.910848	-1.16553	-0.652498	-0.730911	0.288896	-0.726437	-0.448559	0.423278	-0.0510929	1.6359	0.702272	
-1.33049	0.429431	-0.603905	-0.0988963	0.894716	1.57065	-0.00627767	1.1916	1.6502	-0.901145	-0.49568	0.020427	0.0430085	1.61804	0.517286	-0.511581	0.775002	2.01658	0.406689	1.74727	
-2.84955	-7.6319	7.08003	11.2902	0.355079	-5.81086	3.03614	6.47066	-0.41419	-7.22703	10.2471	-0.860754	-3.73513	-3.61835	-12.3974	5.37524	-10.1192	12.092	0.843828	-1.26276	
-0.50135	-5.53947	2.76275	-2.8748	3.26051	15.7285	0.945076	12.9306	2.33979	2.3515	1.35662	0.558833	-5.58666	5.2379	2.01968	-7.31551	5.83264	-11.7996	-5.07381	-2.35479	
0.0135644	0.638182	1.44282	-1.60152	0.775185	-0.565557	-0.318925	2.2595	1.393	1.96937	-0.224356	1.01959	0.229333	0.256955	1.81168	-0.62579	-0.932143	1.53139	-1.06696	0.256102	
1.16897	0.776212	-0.0897609	0.167889	0.0247739	0.520041	0.349221	-2.52287	-0.0317359	-0.724652	0.0161917	0.27441	2.90344	1.09728	0.349901	-2.57862	2.06317	1.76424	0.0165129	1.36862	
2.83495	-2.18555	-1.67877	-0.761478	-0.217395	-2.06119	0.576026	-0.441134	0.637944	2.20303	0.375071	1.30901	-1.66355	-0.621119	5.30748	0.278177	3.56866	0.0294617	-4.65919	-0.224321	
-0.301305	1.37544	0.885178	-0.0364436	0.31784	-0.147557	0.266274	-0.435644	1.40017	-0.0294554	-0.692202	0.50624	-0.286465	0.381068	-0.767023	0.0396318	1.5219	0.59263	-1.5474	-0.0272966	
-0.819919	-0.738748	-0.563536	0.534085	-0.680687	0.299981	1.03228	-1.10251	-0.88497	-0.164438	0.318177	-0.462527	-0.13174	0.059748	0.991864	0.843007	-1.36371	0.973385	1.45509	0.0288815	
0.148324	-1.58157	0.427594	-0.251572	1.84096	-0.18813	0.0990752	-0.0368685	0.535594	-0.65459	0.631592	-1.27219	-1.36006	0.438478	0.850565	1.67111	1.41457	1.60608	0.393965	-0.5865	
-0.525531	-3.99381	-0.675665	-0.875849	-0.108732	6.96314	-1.72136	5.20015	0.992831	2.34837	2.00129	1.03452	-2.3854	1.71425	0.401161	-3.21121	3.58872	-4.65235	-1.35164	-2.37411	
-0.497559	-0.0591589	1.02895	-1.37829	1.43312	-0.518114	0.219115	0.712316	0.165751	-1.91691	1.44504	-0.663206	2.30171	0.446203	-1.73893	1.46601	5.50613e-05	2.48907	0.511668	-0.0345083	
-0.879868	0.0170169	0.397143	-0.0643149	-2.20314	0.943801	0.659455	1.05486	0.263052	1.59239	-0.501347	-0.55689	0.00023667	-0.61599	-1.08467	-0.477412	2.20103	1.78276	-1.56933	-0.796283	
-2.09686	0.94986	1.16504	-0.315302	0.599496	0.418293	-1.08011	-0.571323	-1.48873	1.35163	-0.164488	1.85277	-0.202916	0.124962	-0.804472	0.19186	0.976819	-0.0552722	-1.57886	0.240262	
1.32257	0.691904	1.92058	0.969523	-2.05322	-1.74938	1.60075	1.18234	1.00741	-0.127734	-1.33143	-0.0464887	0.760231	0.792627	-1.76646	-0.376318	-1.28071	-1.56935	-0.366929	0.103327	
-1.01732	0.691759	-2.22455	1.5503	-1.88551	-2.42246	-0.560939	-3.06106	-0.0886842	0.115166	-0.217873	-0.631858	2.53045	-0.810412	-0.59157	-0.0264356	-0.701651	1.37482	-0.135336	0.805693	
-5.35597	3.76085	4.80272	-1.40779	6.72483	6.83503	-1.49094	2.34067	-5.06495	-3.26412	-2.56721	-1.02404	1.12484	3.47519	-11.604	-2.62778	-9.82081	-1.0098	7.25453	6.96837	
0.244512	-1.5646	-1.26287	-0.0249387	-0.207207	0.428329	-2.01113	-1.24027	0.091261	-0.0372412	1.01341	-1.51544	-0.499372	0.165263	0.540686	-0.45017	0.978832	0.264358	0.863761	-0.392069	
-1.13371	0.619753	-0.411421	-0.324129	-0.726515	0.635779	-1.44472	-0.729412	0.800417	1.61957	0.980596	0.0789459	-0.0681171	-0.975672	1.50372	-1.48899	0.0441043	-0.633549	-1.1724	0.293163	
1.64893	0.0453877	-0.338791	-1.19372	-1.41789	0.0879292	0.65238	-1.2156	-1.37721	-0.630658	1.03017	0.0783298	0.0704309	-0.0247684	0.152403	0.365206	0.545299	2.02613	0.588535	1.22852	
-2.80828	0.297566	-0.50032	-0.976934	-0.735793	2.31979	-1.09059	0.83345	1.59074	0.546341	1.25136	-0.791906	-0.940794	0.208574	-0.455736	-0.269909	-0.906788	3.28525	-0.240417	0.548433	
0.0507271	-0.620534	0.739629	-0.527805	1.28864	-0.690299	0.262485	-0.382669	-0.680143	1.00472	-0.096469	-0.35685	0.455691	-1.01047	-1.43438	-0.660358	-0.908243	-1.19835	0.394647	-0.413958	
-0.651922	0.319064	-0.445825	-1.14653	0.820315	-0.157477	-0.823784	-0.257426	0.750083	-0.742469	0.457986	-0.088405	-1.30394	0.983104	-0.488717	-0.261362	-0.286739	0.560395	0.390152	1.3309	
-1.23966	-3.58403	1.62325	-1.55357	1.67622	12.8755	0.32265	8.27892	0.545703	2.93639	2.43301	0.51795	-6.05773	2.18845	2.7952	-7.87104	3.60276	-7.94368	-4.27757	-3.88279	
-0.724322	-0.870244	-1.04125	0.0434371	-0.192593	-0.419169	1.28805	0.855738	0.960517	-0.18942	0.204704	0.0016493	-0.0770702	1.46557	0.0473767	-0.578494	0.570963	-0.98367	-0.656772	1.18695	
-2.37853	-0.798353	-1.04548	-0.998556	-1.10306	-0.683079	0.774617	0.240651	2.40039	-0.114434	0.453345	0.388613	-0.911186	0.358906	1.9506	-1.18931	0.50285	-2.03828	0.160352	-0.535756	
-0.841727	0.378488	-0.114336	0.0190327	-0.76302	0.75411	-0.0395789	-0.496859	-0.513645	2.05312	0.211201	-0.46841	0.299067	-0.318468	0.783976	1.50435	-0.402419	0.525375	0.258688	-0.434794	
0.321179	1.01235	-1.09298	1.17985	0.827417	-0.848392	-0.703815	0.243108	0.997144	-0.589686	1.83541	-0.953448	0.504391	1.39714	1.07503	0.703176	0.198753	0.334525	1.12064	0.190277	
1.51576	1.20291	-0.16573	-0.54374	-0.0724201	-0.243906	-0.374601	-0.218718	-0.146955	0.255209	-0.105956	1.14998	-0.848213	-0.0185369	0.444291	-2.13926	0.041007	0.11572	-0.28322	-1.73781	
0.580732	1.48492	-2.24585	-0.429775	1.0182	1.80638	-0.470415	1.23681	-1.2701	-0.420436	-0.60041	-0.556879	-0.81102	-0.90778	0.0181835	1.48898	-0.738923	0.0630804	1.11678	-2.9829	
-0.616961	3.37321	-3.38737	-0.213216	-2.16941	-10.6869	1.10899	-6.53069	-0.939276	-3.10714	-1.38412	-0.510918	3.4582	-3.23019	-1.22183	6.67271	-3.38627	5.68086	2.59724	4.43118	
-0.619486	0.767548	-1.57131	-1.74882	0.487368	0.99345	-0.365914	-0.207849	0.606493	-1.92487	0.0799216	-0.110351	0.598161	-0.351614	-0.0845803	1.51851	-1.00213	-0.0271084	0.195264	-0.34216	
-0.538732	1.97823	-0.155255	-0.32324	0.138991	0.165888	-0.456356	-0.524042	0.82237	1.08637	0.937778	-1.01853	-0.915327	1.42341	0.730526	-0.515384	0.165839	0.957072	-0.24071	-2.25625	
-0.614036	0.358911	1.62424	1.05242	-0.482865	0.364569	0.466037	-0.861208	-0.22749	-0.411724	-0.34248	-0.554247	2.49621	0.544426	0.780651	-0.120189	1.26323	0.0532071	1.0435	-0.0680671	
0.896345	0.63396	0.103726	0.650705	-0.371903	-0.98674	0.644948	-1.77968	-0.278672	0.244412	1.05972	-1.21868	1.168	0.827187	-0.182658	1.61782	0.773894	0.546397	-0.476628	-1.89284	
0.801627	0.787388	0.304661	1.86686	-0.638782	0.0645917	1.21478	1.88724	0.257241	0.684466	-0.33397	-0.0473306	0.186101	-0.28554	0.64878	0.0483072	-0.127104	2.18031	-0.513155	0.266524	
-1.16254	1.5988	1.32065	-0.0107938	1.82022	1.77199	-1.92354	-1.02156	1.20622	-0.409059	-1.61992	-1.28322	1.85021	-0.0307195	-2.38597	-2.1446	-3.10725	0.235334	0.197972	1.68668	
0.138606	1.65105	-0.413036	1.48335	0.0489573	0.659497	0.463636	1.54471	0.670154	-2.15929	0.987477	0.3897	0.50894	0.62143	-0.0987088	0.566223	0.448986	0.344572	-1.16965	-0.571411	
-1.08276	0.0696613	-0.860852	2.63427	1.01207	2.37491	1.76081	-0.57941	0.525327	-0.224551	-1.11062	-0.705005	1.43162	0.587164	1.47063	-1.74783	0.430044	1.65811	-0.0156351	-2.14509	
-0.236588	1.19658	-0.732522	1.12855	0.889825	0.122418	2.07847	0.431095	0.581218	0.236439	0.822663	1.64412	0.58237	-1.31265	1.78394	-1.8752	0.69987	1.08793	-1.46908	0.708053	
-0.379321	-0.280241	0.519826	0.0258313	0.659189	-0.756937	-0.159429	1.06643	0.165482	-0.410801	-0.714621	0.379909	-0.0490685	-0.857762	0.937731	-1.30488	1.22568	0.743416	0.433119	-0.367884	
-0.407263	-0.663562	-0.244675	0.42603	-0.725629	-1.24633	0.0618833	0.306977	1.59649	-1.42645	0.476729	0.538226	-0.0415675	-1.1679	0.808877	0.100736	-0.278149	-1.12279	1.05941	-0.58607	
2.69906	9.55286	-7.29274	3.20976	-8.43386	-25.6653	3.60437	-19.3106	0.617675	-3.78841	-1.84361	0.72557	10.2152	-6.66517	0.371708	11.6944	-8.21976	15.7354	5.74582	4.57908	
-0.986436	-1.43922	1.03457	-1.86011	0.256004	-1.01796	-0.93675	1.15987	-1.62819	0.764542	-0.750043	-2.62661	0.127718	0.173262	1.44421	-0.3515	-0.243064	-0.59301	-1.11249	-0.449395	
0.550816	1.33854	-0.928723	-1.62423	0.4424	2.66842	-2.08687	1.36286	0.314658	0.636946	-0.0806429	0.155566	-2.23226	0.208786	1.92693	0.259876	0.46964	-2.18603	0.808881	0.169679	
1.50518	2.02075	-0.926449	0.0219587	-1.59799	-0.682192	0.994599	0.932563	0.493628	-0.60764	0.679771	0.304431	0.0951081	0.835977	0.362319	0.496169	-0.963547	-0.560927	-2.50655	0.535416	
-0.537588	1.08565	1.25695	1.76611	-1.02044	0.959829	0.373288	0.377732	-0.185891	0.37844	-1.54896	-0.0905527	0.547375	2.0283	-0.736463	1.21099	-0.572804	-0.527625	0.586715	-0.913709	
0.235843	-0.140815	-0.91793	1.46055	0.148556	0.2558	0.193824	1.05119	2.06834	-0.314475	0.86987	1.38296	0.123388	0.394369	2.42455	0.695064	0.243781	1.6384	-0.229549	0.451176	
-0.638576	-1.11494	-0.565204	-0.777472	0.572697	2.07729	1.55899	0.404057	-2.29474	0.672521	0.679179	-0.0322616	0.293596	-0.0865563	-0.0335238	0.0202465	0.67594	-1.08908	0.675213	0.168753	
-0.445176	-1.00252	-0.92541	-0.259671	0.391476	-1.02491	-1.05785	0.100187	-0.746871	1.79929	-0.109815	0.371012	-0.948577	-0.76253	0.446917	-0.521454	-1.04625	1.45854	1.05768	-1.09392	
-0.637889	-1.34141	-0.466951	0.0209088	0.441695	-0.470582	0.787777	-0.0055894	1.12381	0.908148	-0.34522	1.3911	-2.29308	1.04843	0.216058	0.0922104	-0.121694	-0.951503	1.00859	-1.53315	
1.11153	0.735889	-1.34088	-0.290261	0.639183	-0.315375	-0.868055	-0.172441	-1.32769	0.615863	0.640657	-1.5227	0.216628	1.82568	0.0401706	-0.624767	-1.09659	0.630293	1.86061	0.254241	
0.765917	-0.0943062	-1.33794	1.38306	-1.28335	-1.13321	0.0376973	-0.445258	-1.21104	0.599486	1.25233	0.862852	1.00381	-0.351566	0.872916	0.601574	0.844163	-1.23647	0.321366	2.42165	
-0.761835	-4.1466	3.27187	5.40796	0.37024	-3.44352	0.450536	4.214	1.00812	-1.48517	3.62051	0.38709	-2.28521	-2.05077	-1.82989	2.21349	-2.81332	3.45099	-0.803758	-0.927317	
0.887889	0.300028	0.719614	0.877041	0.792688	-2.04766	0.890472	-0.313789	1.53847	0.422412	-1.12125	0.396121	-1.3536	-0.669553	0.810383	-0.650916	1.48328	0.567129	-0.0688409	0.0764558	
-0.604599	-0.284461	-0.00882509	-0.773484	-1.00697	0.0469224	-0.874689	1.46168	-1.66669	0.830928	-0.948466	0.0820053	0.451588	-0.876852	-2.24904	-1.03944	-0.561492	0.519222	-1.41579	0.145286	
-1.7549	0.655048	-1.64954	0.24569	0.229117	-0.714952	-1.45859	-0.920451	-0.243297	0.243055	-1.23913	-0.0589272	0.564665	1.27056	1.15895	0.883736	0.733225	-1.28287	1.07816	-0.770838	
0.481965	0.580565	1.0195	0.407699	0.990335	-0.210634	1.35219	-0.584463	-1.38695	0.0113923	2.39608	0.518888	-2.21579	-0.124445	1.67544	-0.141836	-1.51988	0.697369	-0.384364	-1.15456	
0.397668	0.273418	-0.775866	0.623572	0.461987	-0.0568075	-0.659775	1.91029	1.81524	-0.0428056	0.78025	-0.186285	0.564199	1.65127	-0.554738	-1.90833	-0.268666	-0.302081	-1.55794	-1.20944	
-0.0901418	-2.79527	1.27203	6.26098	1.70504	-3.52339	0.667981	2.6451	-0.596416	-2.61631	4.9544	-0.787838	-0.058603	-2.9278	-4.31633	1.72383	-3.96408	4.41504	0.195906	1.15606	
0.211199	1.11155	0.332323	-0.158364	-1.69627	0.888137	1.22237	-0.263682	-0.646514	-0.815457	-1.26592	0.574835	0.332806	-0.978663	1.36446	-0.772925	1.63041	-0.237793	0.71393	-0.92793	
0.611716	0.994382	-0.477741	-0.65001	2.13832	-0.0768118	0.168469	0.152678	1.38108	0.697658	-0.325163	0.307459	-1.78081	0.0757346	1.70693	0.932562	-2.08337	-0.909802	-1.12504	-0.442276	
-0.0967601	-0.0421882	-2.31028	-1.4736	0.481679	-0.183192	-0.914861	1.45577	-0.297795	-1.04541	0.795923	0.749901	-0.33724	-2.23395	-0.1298	-2.20735	-1.34751	0.833862	-0.697735	0.622583	
-0.450801	-1.0067	0.438199	-1.42954	0.682775	-2.55074	0.416637	-2.13935	0.392339	0.28158	-0.265963	0.0531056	0.75496	0.1996	0.305643	-0.8469	0.408655	-0.0573366	0.93969	-0.980249	
-0.757106	-0.395981	0.374611	-0.632952	1.45412	-0.469656	-0.784698	0.715979	1.4661	-0.0257051	0.805068	0.133251	-0.158021	0.318153	1.23385	-1.03848	-0.690308	-0.154921	0.159675	-0.227862	
-1.79157	1.82509	0.286172	-0.728536	0.528325	-0.0946662	0.323578	0.954771	0.330269	-0.512128	-1.86284	0.763405	-0.358201	-1.28715	-1.08267	0.8557	-1.59395	-0.987026	0.757555	-1.01654	
-1.08147	-1.65831	-1.56364	-0.0372667	1.15696	-0.766924	-0.0643804	-0.80154	0.295751	0.830409	-0.341397	-1.27676	-1.34878	-0.145216	1.72713	0.444211	0.780178	1.30665	0.356418	-1.15295	
-0.344625	0.294937	-0.855342	0.453867	1.57308	0.448446	-0.719221	-1.01216	0.149667	-0.481217	-1.08527	-0.264043	-1.50342	-2.9287	0.973968	-0.780321	-0.777973	-1.32955	-1.1834	-0.995044	
-0.898148	0.0768679	-0.762832	0.154469	-0.578843	-0.697753	0.307331	1.13401	-1.79216	0.567557	1.55578	-1.0925	0.174608	-1.25652	-0.695678	0.383391	-1.17768	-0.332406	0.516077	-0.61684	
-0.494852	-2.62972	0.101529	-0.923212	-1.25132	-0.237963	0.75676	0.427324	-0.260795	1.63574	-0.495748	0.174099	-0.403369	0.157442	-1.23721	-0.325089	-1.35315	1.14221	0.75121	-1.74852	
0.667647	-0.240954	-0.911356	1.15246	-1.04305	-1.16558	-0.0710189	-0.221376	0.625258	0.996764	0.388798	-1.00643	0.566441	-1.02225	0.223898	0.207355	-0.132038	0.332608	-1.04103	0.381643	
1.73112	-1.73824	1.73155	2.16297	1.48369	1.76655	0.0327615	-0.576245	0.278185	-1.10991	1.67403	-0.261535	-0.474001	-0.703844	-0.120133	-1.45929	1.546	-1.8438	-0.392979	0.107515	
-0.248571	0.242745	-1.24154	0.677421	-0.448328	1.75926	0.61267	-0.27113	-1.0828	-0.96075	0.0763929	0.560568	0.411943	-1.15614	-1.46071	0.173298	-2.02927	1.38081	-0.475041	-0.434261	
0.151998	-0.36215	1.11919	-0.795751	1.3252	1.28751	-0.343722	0.881943	1.13051	0.0296506	4.42394	0.806792	-0.465778	1.23601	-1.20204	-1.12689	-1.15289	0.932617	0.532462	-0.429368	
3.00979	0.514702	-0.571942	-0.953357	0.0572012	0.397162	0.963964	1.35311	-0.278201	0.266756	-0.387904	-0.39815	-0.116037	-0.645521	1.0088	-1.7569	0.339667	0.596902	1.07574	0.962519	
-2.14895	-1.61846	1.41263	-1.27313	-0.125055	-1.43506	-0.0230325	0.737218	1.2725	-0.907359	1.84537	-0.781368	0.759024	1.0592	-1.06028	-1.13039	-2.21631	-0.170306	-1.43867	-0.06659	
1.58361	1.80111	-1.45743	1.10603	1.25137	-0.422405	0.308164	0.520469	-1.21412	1.77631	-0.225112	1.6134	0.267908	-0.208489	-0.747535	-0.949521	1.3309	-0.499614	-0.699501	0.526702	
0.150327	0.943242	1.01616	-0.591387	1.22453	-0.918867	2.26418	-0.560059	-0.565981	-0.0525145	-0.390924	-1.28975	0.148386	-1.51421	-0.998605	0.0964713	-0.784442	0.611071	-1.40287	-1.20602	
0.366098	-2.00772	0.261067	1.13791	0.276427	-0.352347	-1.17646	-0.851384	0.520522	2.18281	-0.649869	0.0510655	-1.56082	1.39784	-0.636036	0.296219	2.0416	-0.10763	-0.301889	-0.902671	
-0.598483	0.574657	0.760974	0.843836	0.218344	-0.336068	0.155789	0.497082	1.3141	0.533065	0.180067	-1.21363	0.935834	-0.648382	0.670672	0.331447	0.216123	-0.143245	0.92703	0.534013	
0.835702	0.453706	-0.986323	-0.26802	0.34922	1.48998	-0.557721	0.0719655	1.27895	0.819896	0.0223883	-1.02917	2.59356	-2.15504	0.0531884	1.15771	2.03289	0.0908452	-1.80844	0.187118	
-0.525952	0.115722	-0.406852	-0.978154	-1.12761	0.372938	-0.0484116	-1.51003	-0.497632	-0.167126	-1.06142	-1.27175	-2.41167	1.20365	0.549179	1.47717	0.200407	0.367961	-0.122544	0.519412	
-0.0438899	-0.414582	-1.25013	0.718298	0.0839186	-2.34024	0.276157	-2.12644	-0.104464	-0.859039	0.548727	-0.0247739	-0.0578987	-0.436132	-0.0427237	-0.764122	-2.08781	-1.26504	-1.15914	-0.116991	
-1.70406	-1.77548	-0.484727	0.00292346	0.692966	-0.394348	-0.508573	0.661747	0.862975	-0.729167	0.163231	-0.929811	0.162318	1.2668	1.41589	0.928394	-1.32991	0.379468	-0.529311	1.28081	
-1.45341	-4.06121	2.18045	-0.482478	2.3612	11.7707	-0.861298	8.69829	0.329021	2.0424	1.26859	-0.431135	-3.88236	4.15124	2.08742	-4.91169	3.1263	-7.02502	-3.16015	-2.97255	
-0.0514465	1.83529	-0.476103	0.559917	0.0209965	1.33565	-1.83599	1.11668	1.43174	-0.46669	-0.273861	0.729376	-0.96074	0.666562	-0.323206	0.247933	0.390779	0.141455	-0.120876	0.185465	
0.809752	0.000892681	-0.321698	-1.70762	1.72186	0.145524	-1.19105	0.646178	0.371648	-1.28335	0.954763	0.841764	0.761436	-2.4347	1.05201	0.236397	-0.829754	-0.0448636	-0.602112	1.62312	
-0.0124003	0.57612	0.860388	0.627388	-0.351726	1.11183	-0.666685	0.747411	-0.470153	0.398239	1.23769	0.344325	-0.721263	-0.0118403	1.64797	-0.614802	-2.96318	0.952891	1.01027	-0.310035	
-0.306776	-0.774643	0.32312	-1.1584	-0.887988	1.26041	0.358804	-0.663732	0.386569	0.0760225	0.883437	-0.650999	2.14191	-0.731198	2.065	0.117939	0.0113808	-0.0747615	0.0273315	0.181541	
8.02095	-5.64321	-6.30893	0.656617	-7.85442	-7.33027	-0.585717	-1.4095	7.76817	1.91513	4.36903	1.77554	-2.69641	-2.53797	15.1141	1.67892	15.0262	0.788292	-9.95076	-8.83179	
-0.997558	-2.1978	1.84924	0.402795	-1.04215	4.17168	-3.38236	4.21487	-0.455979	1.21734	1.0519	-0.498312	-1.27652	1.09226	0.658539	-2.526	2.66417	-2.21261	-0.217792	0.150522	
0.0511239	1.76658	0.836337	0.549251	-0.979553	-0.0535184	0.745198	0.0609013	0.921038	-1.04101	0.327905	-0.423433	0.286348	1.00458	0.88767	0.779359	-0.968707	-0.806483	1.5409	0.354601	
0.569942	0.104216	-0.0272231	0.326344	-1.44052	-1.17513	-0.467632	2.14424	1.24156	0.924804	-1.18805	-1.57122	0.97585	0.786607	0.646797	0.242868	0.502006	-0.707155	-0.75395	0.101836	
-1.10757	1.27854	-1.13888	-0.292741	-1.16919	-2.24762	0.889423	-1.26932	-0.937428	1.25851	-0.89866	-0.695105	1.39418	-0.262574	0.740072	-1.68442	0.632929	1.04813	1.30052	0.662187	
1.17616	1.02736	-1.28205	-0.880826	-0.258631	-0.74733	-0.221621	0.122928	-0.966863	0.0609987	-0.418169	1.87309	-0.472901	0.237043	-2.23814	-0.98364	-0.149039	-0.687745	0.445714	0.278658	
-0.420156	1.27476	-1.28745	1.06162	0.555614	-0.31586	-0.515181	1.88525	0.127432	1.1509	-0.678341	1.03626	0.403944	0.42716	-2.47891	0.487779	-0.0818288	-0.930783	-2.38543	-0.664523	
-1.60516	-0.998011	0.0186364	0.369276	-0.581119	-0.516837	1.10482	-0.412515	-1.27474	-1.43922	-0.811449	1.22779	0.36156	0.501466	1.33975	-0.921133	0.679881	-0.420804	-1.28638	-0.270538	
-1.51514	0.792021	0.456731	0.529418	-1.81798	0.290783	0.806069	0.406812	-0.132879	0.807636	-1.33453	-0.0890167	0.826566	-1.31467	-0.336199	-0.894476	1.84935	0.441764	0.135778	-0.714575	
-1.62845	-1.88894	-0.181713	-1.3477	-0.865707	-0.0706825	-0.415161	-0.935733	-1.24668	0.0494683	1.16355	-2.11573	3.05833	-0.272627	0.598064	-0.144993	0.6396	-0.160161	-0.571969	-0.389334	
-0.635346	0.325317	0.269863	-0.783686	-1.88144	0.872855	0.738015	0.507295	-0.465856	0.203844	-0.336005	0.329057	0.582463	1.2053	-0.185984	-0.890118	-0.927875	1.41132	0.850292	-0.197835	
-2.10351	1.12713	-1.20328	1.02733	0.155813	1.30217	0.800387	0.761348	-0.446612	2.41166	1.12387	-0.160622	1.28139	1.35934	0.406585	-0.0651228	0.996343	-0.48701	-0.631404	-0.283815	
0.105877	-0.316156	0.704678	0.450878	-1.87874	1.85775	-0.458437	-0.257745	0.960125	0.586514	0.298764	-1.60649	0.857014	1.33492	-1.17148	-2.1769	-0.0879775	-0.357356	0.480416	-0.069356	
0.401067	-0.534473	1.40576	-0.325053	1.79519	-0.0811958	-0.27879	-0.902376	-0.0353642	0.847532	0.515619	-1.82009	-1.71126	0.162573	0.0372565	-0.128992	0.642846	-0.55502	-1.33708	-0.295209	
-1.40582	0.893903	-1.20277	-0.105686	0.0448734	-0.334172	1.65627	-1.15766	-0.0893256	-1.62385	-0.00883808	-0.95852	0.316545	0.594762	0.87618	0.466621	1.13004	0.84757	3.11239	0.0104617	
0.0168014	0.421301	1.23542	0.148316	-1.05528	0.410917	-0.539521	-0.251999	-0.695528	-0.353249	-0.7256	0.93764	0.808949	-0.802777	-1.23473	-1.74043	0.407825	0.159927	-1.35882	1.6273	
0.0532574	-0.894191	1.60115	0.132205	-3.16689	-1.00729	2.05583	0.762236	-1.55149	1.87167	1.60897	-0.461164	-0.14894	-1.60498	-1.06684	0.490096	0.593619	-2.14736	-0.189585	-0.515351	
2.69901	-1.80953	-4.37441	0.368569	-1.93824	-4.22505	-0.149277	-0.720013	2.07378	1.75786	1.10038	-0.211897	-0.428267	-1.13019	4.64568	1.26027	4.4292	1.08085	-2.57753	-2.88253	
0.514313	0.464387	-0.536759	-2.09532	0.765114	-0.123341	0.736576	2.28514	0.281087	1.83487	-1.07901	1.44344	0.10426	-0.106092	0.76434	0.575151	1.73334	-0.0387225	0.379049	0.229068	
-0.809733	-2.03598	0.87838	-0.29227	-1.09456	0.199971	0.447549	0.531698	-0.164476	0.0662922	0.328859	2.00864	-0.177861	1.88871	0.901483	0.606143	0.539795	-0.239608	0.598473	-1.06906	
0.536515	1.29788	2.37197	1.36195	0.82093	0.599857	-0.250771	0.838621	0.139855	-0.485837	0.666746	1.63714	1.45463	0.932438	0.372619	-0.436038	2.06429	0.0760718	-0.844978	0.156796	
-0.0615329	0.379327	0.471966	-0.305964	-0.188193	-0.507247	-0.177612	-0.0344301	0.99094	0.361364	-1.41676	-0.554797	-1.49308	0.796336	1.82944	-0.72505	-0.489332	-1.0696	-1.11298	1.26294	
-1.98376	-1.47424	0.757529	0.619463	-1.31551	-0.0749889	-0.551778	-0.822321	1.53346	-0.416575	2.28447	-0.536695	2.01828	-1.48035	-1.06711	-0.281396	-1.41028	-1.19835	0.726782	-0.810974	
-1.48834	-0.83437	-0.507637	0.250085	-0.296124	0.148003	-1.15241	-0.018453	0.281857	0.194794	0.139593	1.27676	0.00318921	-1.49169	-0.5697	-1.12008	0.943262	-1.01922	-0.162416	1.61595	
-0.82518	-0.536169	0.75597	0.0160989	-0.66613	-1.69528	0.244353	-0.263755	-0.224439	-0.0911515	-0.479484	-0.211001	1.2662	0.917269	-1.04548	-0.930386	-0.434948	-0.449692	0.191339	-1.70391	
1.09145	0.540701	-1.49304	1.98835	0.430524	0.138765	-0.0521738	1.4575	-1.03096	-0.133959	0.717672	-1.19071	0.00226107	-1.42086	2.10219	-1.53177	0.497656	-0.746312	-0.881356	0.0646989	
-0.474093	-0.903265	1.11567	-0.20927	0.267748	-0.890117	0.0971955	-0.023581	-0.896326	0.389086	0.419791	-0.220733	0.455449	1.30468	0.988522	0.620392	-0.584189	1.51302	-1.11603	0.696654	
-0.359162	0.964537	0.875499	0.312851	-0.615576	-0.411751	-0.24879	0.50559	1.26971	0.318792	-0.786513	-0.545636	0.294298	2.22753	0.0205189	-0.331568	2.472	-0.432301	-0.310321	0.325232	
-0.565366	0.711629	-0.453768	-0.526743	-0.555203	-1.28246	-0.955881	-0.356501	-1.42294	1.35273	-0.358852	0.261025	-0.418284	0.844007	-0.282041	0.745151	0.692134	-0.291349	1.29776	-0.336268	
-1.6279	-1.39837	0.325218	0.435286	1.2154	0.085585	-0.455803	-0.719545	1.19694	0.225137	1.64032	-1.01744	1.01346	-0.33644	-0.87022	1.05512	-1.73726	-1.45703	0.699574	1.15325	
0.106815	-0.369948	0.841951	-1.54189	0.29423	-1.20851	0.480992	-0.709487	-0.616222	0.237318	0.44034	0.0347649	1.47983	1.2671	-1.72092	0.0838397	-0.658205	1.86665	1.4064	0.345523	
-0.33382	-0.142108	-1.41044	-1.60107	-1.41601	0.660827	-0.729963	-0.668735	0.589107	-1.36429	-2.66365	-1.61923	-0.418184	1.74612	0.440363	1.60093	0.986582	0.996606	-0.0784813	1.48571	
-0.464529	0.783366	-0.358829	-0.681669	2.1565	-0.109955	-1.08573	0.630312	-0.41872	-0.322903	-0.547331	-1.45103	0.511723	-1.311	0.0831872	0.980682	1.24377	0.201747	-1.09416	2.0759	
1.45417	-1.1519	-0.253425	-1.03728	-0.512547	-1.11745	-0.495591	0.654029	1.4155	1.41929	0.579203	-0.201109	0.768635	0.180622	-1.66981	0.566572	-0.560117	-0.690597	-0.597553	0.302289	
0.0832031	0.947541	-0.589604	1.24774	0.92939	-1.03535	-0.178626	1.04838	0.0854979	0.434681	-0.0305915	-1.09203	0.923414	1.12767	-0.899907	-1.40864	1.24009	-0.0376811	-0.104612	1.36079	
0.930171	-0.220032	0.0876648	-0.467917	-1.7233	-0.112291	0.64289	-2.63799	1.88077	-1.35598	-1.8881	-0.774676	-0.386792	1.27015	0.622996	0.98515	-0.317903	-1.37821	-0.681686	-0.681457	
0.377238	-0.795625	-1.52725	0.12157	-1.03446	0.039821	-0.217953	-0.859991	0.244517	1.55377	0.493867	-0.844533	0.538106	-1.4071	0.715332	-0.543031	0.633964	-0.677988	-0.817195	-0.208085	
1.65283	0.484766	-0.814192	-0.838735	0.717441	0.225439	0.669563	-0.359103	-0.885758	-1.5472	-0.480952	-0.518617	0.563464	0.502017	0.00809317	-1.13133	0.891987	1.02156	-0.507666	0.374049	
1.09222	0.6349	-0.247454	0.296417	-0.720272	0.157789	0.843089	-0.269102	-0.0231235	-0.717953	0.99316	0.0938294	-1.86674	-1.11537	0.872097	0.105322	0.780758	0.372158	0.914291	-0.795355	
-0.447737	-1.54501	-0.758306	-0.0355193	0.923668	0.653035	1.16808	0.87709	-0.213092	-0.789134	-0.697035	-0.965014	0.363193	1.3716	-0.0466313	-0.205328	0.0760951	0.0802757	1.18495	-2.29599	
1.50202	3.10502	0.922427	-0.524087	-0.974268	1.71501	1.61587	0.221227	2.10842	-0.267708	1.11058	0.813182	1.08697	-0.134467	0.110405	1.53947	0.0883286	-1.05883	-1.63165	0.0116105	
-0.182613	-0.000573045	0.0383956	0.600598	-0.664091	-0.863637	0.919206	1.80242	-0.369463	0.089883	0.134119	0.249898	-1.18085	-0.439679	0.0275881	0.372504	0.951952	0.0996169	0.281426	0.415483	
0.390203	-0.0364236	-1.20947	-0.290714	-1.60717	1.41891	1.20279	0.648277	2.59188	0.0028544	0.190519	0.917092	-1.71928	0.770363	-0.375515	-0.604398	0.697083	-1.54114	0.318466	-1.09794	
0.272096	1.80168	0.447387	-0.0960813	1.22433	-0.843507	1.12801	0.441931	0.758429	0.639088	0.656871	-0.327025	-0.0998924	1.30321	0.194771	1.41099	-0.12311	-0.318472	0.776309	-2.02109	
0.0658103	1.05783	-0.45115	-1.16383	-1.10173	-0.612701	0.67721	-0.230699	1.477	0.966276	-0.264162	-0.0456318	-0.445576	0.0364086	-1.88132	2.00563	1.81282	1.09477	0.265527	2.33457	
0.563412	-0.308495	2.16853	0.0814215	0.336941	-1.02993	-0.0374794	-0.328736	-0.23322	-1.45312	-2.41786	0.815605	-1.26165	0.0100176	0.807972	0.510137	-0.716007	0.0410731	0.705253	1.59576	
0.623196	-1.86186	-1.41909	-0.447105	0.0984854	-0.445394	-0.0515063	-0.357672	-2.02006	0.799015	-1.49115	0.482639	-1.63179	0.0764273	0.27442	-0.230912	-0.564661	0.947492	1.16394	0.94111	
-1.36412	0.14105	0.847718	-0.210576	-0.189512	-2.236	-0.418797	-1.97838	0.461432	0.275484	-0.384607	0.889764	1.09807	0.609267	0.531179	-0.248476	1.93099	0.667629	0.172503	0.117123	
-2.75081	1.69945	0.600697	-0.564534	1.72089	0.465326	0.199105	0.778674	-0.587312	-2.64855	1.06877	0.207184	-0.046834	1.42565	0.345582	1.2693	0.801288	-0.97053	-0.922142	-0.0584519	
1.03191	-1.65489	0.246335	1.16012	-0.845325	-0.400717	-0.700112	-3.26401	1.55947	0.681865	1.01496	0.545805	-1.10405	-0.0616123	-0.0904027	-0.509774	-2.57932	1.00521	1.84026	-1.00451	
-0.782813	1.06764	1.21678	0.287857	-0.303399	0.796801	1.59449	-0.856525	1.03343	-1.04228	-1.29102	-2.11264	-1.55247	-0.431946	-1.00116	0.434579	-0.189154	-0.733215	0.168253	0.101538	
0.631968	2.01725	0.253814	-0.784986	-0.506259	-0.635268	-0.617317	1.15938	2.06113	0.285934	1.77121	0.148899	1.84354	-1.56423	-0.954628	0.755586	-1.28599	-0.442384	-0.256717	-0.0145554	
-1.00697	0.415372	-1.63802	-1.32348	0.599044	0.270498	0.394098	1.61423	-1.32196	-0.524736	-0.765299	0.703495	1.13042	-0.957704	0.271125	0.155589	-0.396913	-0.968229	-0.277332	1.31292	
0.470551	-0.370479	-0.62261	-1.23778	1.18636	0.757445	-1.10281	0.846816	-0.287849	0.6682	-0.525843	-1.4518	0.713571	0.312912	1.17994	0.348489	1.1883	0.593114	0.565244	1.17247	
0.0640206	-1.73641	1.48833	-0.955573	-3.56524	0.596739	-0.0905722	0.482493	-0.767629	1.13083	0.236651	-0.521101	1.56897	-0.906665	-0.504034	0.20919	2.30068	1.25605	-0.217747	0.909228	
0.461081	-0.887357	0.562701	-1.47881	0.18695	-0.500726	-0.233254	0.550107	-1.01584	0.0919136	0.81141	-0.0302641	-0.144333	-1.01365	0.471247	0.265843	1.76376	1.89267	-0.150109	-0.198364	
-0.504206	-1.59615	1.71274	-1.00423	0.106443	0.0323845	-0.542543	0.316288	0.07826	-0.39402	-0.37287	-1.69044	1.16435	-1.16093	0.310339	-1.23249	-1.13481	-1.47733	2.18289	1.69042	
1.30973	0.539165	-1.33283	-1.12484	0.220362	1.12405	0.63226	0.682389	1.33541	1.57239	1.74283	1.00014	-0.596971	-0.629052	-0.395847	-0.114916	-0.821212	0.544398	0.289661	1.06753	
0.0329434	1.18408	-0.433474	-0.332865	-0.45148	0.891622	-1.21079	-0.276245	-0.454825	1.24457	1.0894	-0.353364	-1.81203	0.617114	-0.806194	1.37578	0.885528	-0.115289	0.519056	0.502653	
-0.444161	-0.155673	1.42633	0.692749	-0.595167	-0.459302	-0.461352	-1.61903	-0.908403	0.125822	0.712639	0.519246	-0.521139	1.29951	-0.841217	0.00952177	0.538351	0.400763	-2.66808	-3.37244	
1.56554	-0.915181	0.473826	0.584691	0.174125	-0.246075	2.38355	0.88978	1.10997	-0.40732	1.88862	-0.868223	1.13946	-0.0340448	0.449685	0.910729	-0.91126	-0.648425	-0.845049	-0.733575	
1.52911	-0.0703341	-0.843293	0.102712	1.36523	1.31759	-1.09032	-0.526023	2.71087	-0.244496	-0.595225	0.86418	-0.366601	0.309544	-0.663232	1.31765	0.250027	0.322618	-0.143189	0.281159	
7.21299	-2.50744	-1.45263	2.49003	-4.98772	-5.82494	2.80378	-3.81333	4.92541	2.11674	2.29967	-0.128401	-3.14916	-1.716	12.5446	3.09277	8.12584	-0.661827	-6.60162	-7.31428	
0.0395132	1.54855	-0.611637	0.951146	0.431152	0.338963	2.18981	-0.255546	-0.380922	-1.10976	0.463428	-0.358857	1.38449	-0.376409	0.166698	-1.2393	1.15501	-2.46245	1.43267	-1.03513	
0.159419	-1.19946	0.375145	-0.384645	0.6694	0.536818	0.333554	1.31621	1.94379	-0.506058	0.630151	0.178217	0.117469	-0.838966	2.06008	0.796591	0.82974	0.21178	0.974925	1.30552	
1.83	-0.359347	-0.835968	-0.0359817	-0.119077	-1.03967	-0.215017	2.08758	2.00319	0.397133	0.111556	0.887813	0.178596	0.991021	-0.0556435	0.808753	1.05642	-0.262743	-1.17625	-0.237262	
-0.964431	0.638345	-1.12643	-0.759255	-0.602453	0.050626	1.25297	0.736738	-1.49071	0.359564	-1.44985	-0.145233	-1.10456	-0.0374307	-1.04215	0.991648	1.04072	-0.25249	-0.724768	1.03823	
0.361973	0.0566953	-1.05739	0.0147627	1.51073	0.374925	-0.765059	-0.360916	-0.554197	0.388884	0.197474	1.41227	2.26128	0.966354	-0.780425	1.93108	-0.734903	1.71539	-0.138889	-0.0179498	
-0.867451	-0.238477	-0.421228	-0.336334	0.656203	0.100402	1.08132	-1.01844	-2.66573	-1.0444	0.423452	-0.420902	-0.988257	-0.275539	-0.0491554	-0.768791	-0.0696473	0.0653555	-1.04792	0.216592	
-0.597783	0.0215904	0.578331	0.704115	-0.420222	0.539204	2.88512	0.575728	0.471297	1.21083	-0.0536164	0.920843	-0.878343	0.986314	-0.236024	1.30918	0.622853	-0.240331	0.325894	0.802305	
-0.470978	-0.616537	0.318632	-0.225517	-1.23799	-0.794285	-0.799906	-1.70866	0.640345	-1.47074	-1.10828	-0.274303	0.848547	-1.09297	-0.344428	0.848062	1.35557	-0.776576	2.2884	-1.66144	
-0.175308	1.56553	-1.43104	-0.0676359	0.252288	-0.397884	-0.823318	1.70237	0.0555146	0.562239	0.362344	-0.114395	-0.368567	-0.572582	-0.800541	1.08573	0.714294	-0.0368342	-0.698044	-1.21067	
-4.95282	4.74383	5.52529	0.627232	4.84723	6.1091	-0.937684	2.07794	-4.48514	-1.09184	-2.28499	-1.31572	0.245245	2.23843	-11.8294	-0.714693	-8.29693	-0.0837859	5.81714	6.47276	
-0.480606	1.45683	0.0353892	-0.498619	0.316738	0.0962444	0.0402891	-1.65967	-0.965907	0.407454	0.0427971	-0.136394	0.0619723	1.00708	-0.89941	1.15233	-0.177222	0.597868	0.703141	-0.0123605	
-0.83239	1.02814	-0.18258	0.260734	1.10332	1.61883	0.947828	0.122567	-0.543912	-2.03467	-1.07451	-0.722802	-0.650375	0.57438	-0.941426	-0.94874	-1.16456	-2.9756	0.758937	2.97985	
0.675168	0.313304	-0.215406	0.656341	1.33213	-1.38312	0.545901	-1.13887	1.39778	-0.29552	0.840725	1.47302	0.00729288	-1.29153	0.401751	0.207756	-0.417144	-0.704116	0.4589	0.448458	
-0.992051	-0.413456	0.504635	-0.00845305	-0.336388	1.83885	1.43528	-0.190427	0.560556	-0.232502	1.32757	-0.167744	-0.790171	-1.90037	-0.0257492	0.442941	-1.68393	0.331066	-0.387428	0.676171	
-1.52989	0.460568	1.41131	-0.944909	-0.163995	0.748122	-1.77063	-0.112906	1.7032	-0.680326	0.287378	1.74238	0.423982	0.488275	-0.955355	-0.901621	-1.87538	0.188703	-1.37938	0.502104	
-0.341948	0.150419	0.00107192	1.68159	-0.334864	-2.15639	0.986277	0.573516	1.27047	1.26249	0.663334	-0.216659	-0.137702	0.404391	-1.74118	0.280638	-0.15907	1.08434	-0.0895037	-0.45363	
-0.314623	2.20832	-0.217863	-0.467132	2.02774	0.650992	-0.538148	-0.187752	-0.857665	1.08229	0.41249	1.54876	0.221585	-1.31329	1.6337	0.275154	0.191773	-0.398708	1.07132	-2.5532	
0.845708	0.732452	-2.10691	-1.23733	-0.966545	-2.51314	-0.542999	0.939234	0.757853	1.26943	-0.883717	0.334602	-0.0642367	-1.33907	-1.4333	0.527721	0.685791	0.809332	1.53499	0.878867	
0.254552	0.12651	0.064511	-1.51286	1.26125	-0.438458	-0.456847	1.69392	-0.741699	-0.350444	0.937871	0.712763	-0.890301	1.83432	0.0679131	-1.23377	-1.51387	-0.527331	0.678974	0.438814	
-0.398607	1.58695	-0.721842	1.68649	1.76756	1.9355	1.15465	2.14973	-0.410822	0.147568	1.26526	1.59765	1.26748	0.201353	-0.0202427	0.965143	-0.136574	1.45519	0.529183	0.693144	
0.648557	-0.990693	0.173824	0.54981	-0.719616	-0.994915	1.63805	-1.25927	-1.26664	-0.591338	-0.99548	0.799888	1.03116	-0.322903	0.6653	-0.293961	0.00477816	1.14843	0.517585	-1.34076	
-1.15414	0.957128	-0.40279	1.71956	0.763339	0.574012	0.67829	-0.656371	-0.879014	2.5797	0.44733	0.17805	0.488845	-0.385127	-0.707399	-0.0308937	1.61943	1.08505	-0.131273	1.02406	
1.26474	-0.56945	-0.267403	-1.24434	0.349909	0.964328	0.61044	-1.80072	0.835386	-0.0730051	-1.88735	0.287611	1.34274	1.58177	0.401205	-0.105355	-1.49348	-0.143867	-0.379802	-0.779278	
-1.6685	-0.0464497	-0.790032	0.454207	-0.248205	-0.17057	1.37308	-1.07055	-0.486035	1.04424	-0.6481	1.07288	1.24451	0.517666	0.269021	-2.16007	-0.490581	0.216527	-0.185326	-0.737033	
-1.62673	-0.788657	1.02529	-1.53786	-0.512985	-1.87862	-0.657744	-2.05617	0.335739	-0.3457	0.721817	1.53099	-2.39504	-1.46803	0.296584	0.49753	0.779233	-1.79129	-2.17696	0.00207353	
0.521327	-1.14629	2.22783	-1.39143	-1.74558	-1.21573	0.769016	-1.8896	-0.445029	1.80433	-0.365086	-0.0109486	-0.871646	-0.124056	1.96523	0.282604	0.7537	2.64539	1.83431	1.04186	
-0.122149	0.0343546	-0.321865	-1.63214	1.14998	1.5777	-0.235737	-0.561137	1.53349	0.913078	0.290988	-0.646829	1.80466	0.643859	-0.0232955	-0.300173	0.274548	0.859349	-0.690215	0.294289	
-1.30024	0.507682	0.182574	0.588584	0.63167	2.31531	-0.260185	-0.119717	0.434676	1.75805	-1.9959	0.277207	-1.25272	-0.00667566	-0.318694	1.15627	0.56248	-0.461263	-0.256601	0.744066	
-0.45988	1.56444	-0.539937	0.320475	0.330628	-0.118182	-1.42963	-2.71657	-0.555117	-2.10555	-1.03214	0.845348	-1.74959	1.99319	0.418225	-0.161897	-0.327692	0.217417	-0.933769	0.848885	
-1.61127	2.17787	0.290054	-2.89702	-0.630104	0.141119	-0.0880899	0.859498	-0.131223	-0.0594663	-0.123826	0.923514	-1.0612	0.625252	-0.724652	-0.451796	0.453554	0.356631	1.2681	-0.501082	
0.573801	-1.6087	-0.880233	0.668321	0.975304	0.0560155	-0.0276903	0.469455	0.395704	-0.996854	-1.42695	0.389576	-1.21005	0.440198	-0.112295	0.319158	1.32383	-0.799511	1.55811	-1.69522	
-0.220802	0.142581	0.441429	0.0129451	0.159961	-0.318412	-1.14767	-0.181908	0.549931	1.78762	-0.407799	-0.110174	1.90145	1.81731	-1.2354	0.385566	-1.06624	0.402015	0.920516	1.21405	
0.0665753	-0.0292244	-0.574316	0.18472	-0.0172658	-0.241056	-0.734639	-0.225818	-1.92552	1.49871	-1.83531	0.775281	-0.156147	-0.048259	0.482756	0.143911	-0.109005	-2.02361	-0.969412	-0.776266	
0.216724	-0.457923	0.53251	-0.625663	-0.477695	-0.0823375	0.342953	0.959653	-0.708876	-0.861413	0.0296383	-0.0164091	0.613598	-1.50253	-0.971186	0.825431	1.70294	1.043	-1.99508	-0.523553	
-0.58986	-0.763857	-1.93049	-0.216021	-1.43648	0.406667	0.0732361	0.454302	0.384132	0.801773	0.328146	-0.155863	1.76219	-1.04071	2.53647	1.74831	1.08427	-0.556938	-1.81549	-1.02411	
-0.461297	-1.20293	-0.33752	-0.161533	-0.636427	-1.30787	-1.07019	-0.887675	0.663504	-0.134494	-0.0582727	-1.2477	0.744994	1.33524	1.51722	0.0417507	-1.75671	-1.79475	-0.104519	-0.417734	
1.23479	-0.603214	-1.0295	0.207294	1.06767	-0.239787	-0.022211	-0.90038	1.43944	0.783572	0.532431	1.20242	0.240618	-1.09201	0.936566	0.583366	-0.936604	2.0248	0.739804	0.489969	
1.51882	-0.736089	1.1483	1.14495	-0.236342	0.915695	-0.269204	-0.186692	1.54985	-0.035893	-0.976006	1.15034	-0.344911	0.523152	0.978974	-1.04878	0.50305	-0.835777	0.418385	-0.398118	
0.277548	2.08362	-0.0113271	-1.0728	0.365002	-0.217202	-0.70964	0.530373	0.0412936	-0.202258	-0.443324	-0.326032	2.3986	-0.420026	-1.24563	-0.213352	-1.6339	0.352871	0.19782	0.157544	
-1.42622	0.168854	-0.486603	0.0965495	-0.181411	-1.02551	-0.0861519	0.127645	0.574042	2.08625	-0.586874	-1.10132	-0.839709	1.61698	-0.576193	-0.00259347	-0.235397	0.602321	1.56899	0.609714	
7.44896	-7.16348	-5.94855	1.20855	-6.3824	-9.35618	1.29434	-3.22633	6.13126	1.67793	5.02726	-0.193153	-2.31324	-4.95503	15.9004	3.06258	13.1688	-3.27846	-9.54958	-7.69884	
1.04913	-0.517787	-0.713412	-0.310917	0.631978	-0.0952668	-1.53901	0.501492	-0.846366	0.776232	-1.90944	-0.124449	0.0136769	-1.41762	0.767098	-1.35578	0.539956	-2.04249	1.4975	1.20357	
-0.165289	-1.46609	1.25104	-0.376942	1.99825	0.0217129	-1.47874	0.413144	-0.639225	-1.09719	0.183585	-0.810194	-0.704436	0.337535	1.75806	0.63906	1.04377	0.713685	0.473354	-0.297392	
0.706655	0.134757	1.93522	-1.48545	-1.70887	0.490683	0.504333	0.867426	1.34629	-0.265392	-0.282622	2.19635	0.440807	-2.0609	-0.534771	0.023479	-0.895657	-1.07537	0.110328	-1.71537	
0.313717	-0.158341	-1.08624	0.24654	1.44059	-0.742011	-1.45487	0.679283	1.46722	-0.439185	-0.191872	1.58879	-0.313118	0.940938	0.509873	-0.719736	-0.587356	2.46741	0.398175	1.17088	
