-0.574487	1.26435	-0.18253	-0.977891	-2.7698	-1.99305	-1.88928	0.544792	0.189282	0.139324	-0.265083	-1.25252	2.02611	1.95606	0.923514	1.72631	1.39761	2.38898	5.11151	-1.76642	
-4.01379	-0.197777	-0.0985699	-0.620924	-2.57635	1.20144	-0.85282	-2.88334	-0.44273	2.47487	-1.19205	-1.78361	2.4763	2.84903	2.64307	1.64564	2.83867	3.0512	5.09322	-1.77984	
-1.89841	0.144399	-0.581692	-1.45366	-3.47374	1.21798	-2.15941	-3.32761	-0.561684	-0.494331	-0.808101	-0.65033	1.79284	-0.763277	3.53106	1.93263	2.34226	1.5284	6.56865	-1.93121	
3.66583	0.800491	1.15014	2.47835	5.05161	0.323085	1.24982	1.99935	-1.01138	-1.09696	-0.0414445	3.96605	-0.274985	-2.08702	-1.41174	-2.09574	-2.55286	-4.51106	-8.65284	0.527018	
6.29667	-1.36362	2.15278	2.29536	11.2385	0.121276	5.17328	8.11129	-1.06263	-3.09294	-0.769689	4.28889	-4.72397	-0.598061	-7.30432	-5.41903	-7.27479	-9.42703	-17.9924	4.3846	
2.32795	0.265657	1.72962	1.12657	5.43047	-0.427792	0.922383	4.38613	0.955319	-2.54236	0.47406	0.683523	-1.78425	0.0815062	-0.678832	-1.54676	-1.05631	-1.27806	-5.74482	1.07879	
4.75979	0.573286	1.11843	1.40176	4.92852	-0.678648	0.370044	5.27622	-1.02901	-2.22055	0.62794	4.37081	-1.56965	-2.62267	-3.00985	-3.53484	-4.89923	-4.79121	-8.98875	0.324627	
1.91381	-0.362893	2.48374	-6.6685	0.464845	-0.656951	1.62758	-4.71694	4.20454	2.40757	-0.655015	-6.08589	-1.94166	-1.54495	-0.72503	0.929688	2.29315	3.20463	9.49987	0.22995	
-5.53607	0.234204	0.259517	-2.12447	-8.42402	0.836115	-0.272888	-5.54485	-0.319988	2.53881	-0.189325	-5.39361	2.8478	2.25005	5.42057	3.43984	5.98576	6.0988	14.3473	-1.5919	
6.83215	-3.27078	0.364065	2.69906	8.40404	-0.765995	3.01973	4.95591	-1.39676	-2.93061	1.06821	4.85566	-2.37643	-2.32847	-3.69379	-4.46596	-5.86335	-6.27311	-12.5756	1.27294	
5.65631	-1.99382	0.0310253	1.46364	7.4138	1.48955	2.12941	3.32903	-0.595568	-2.43941	-1.85326	3.83152	-3.22723	-1.30896	-3.60745	-3.81549	-4.7906	-6.75591	-12.5249	2.64998	
-3.36724	0.192478	0.215169	-0.699043	-2.40736	0.247846	-0.594347	-0.42324	0.605578	0.74708	-0.447464	-0.0742203	0.423042	-1.19453	0.415414	1.62653	1.86586	1.00737	4.76981	-1.31012	
-6.8494	0.921956	-1.29242	-1.10728	-6.31094	-0.438823	-2.89834	-4.27533	2.41081	-1.53386	-1.17832	-4.0438	2.76103	1.67059	1.94607	3.97213	4.64133	6.77014	11.899	-2.17137	
4.23765	-2.34518	1.38642	6.5	5.48028	-1.02883	0.517676	5.62067	-2.56073	-2.61751	1.03927	6.43391	-0.678917	-2.06992	-4.09967	-3.57248	-5.2163	-8.25398	-15.6037	3.18154	
-2.01425	-0.500461	-1.77825	-1.36898	-2.86825	0.833735	0.137821	-2.52251	0.233475	1.14681	-0.14866	0.71674	0.0414712	1.95448	2.90185	2.9243	4.11993	2.83259	4.38967	1.11292	
-10.9745	2.93269	-2.815	-1.674	-14.8181	2.58541	-3.54004	-8.79515	2.93231	4.0833	0.284511	-9.96991	4.41098	2.40292	7.81307	8.42735	9.72981	12.4872	26.6563	-3.33409	
-4.24083	1.17072	-1.90893	0.452731	-3.21784	0.726225	-1.09555	-2.64501	1.01752	1.74428	0.837247	-1.67629	1.67789	0.400761	3.5955	1.64464	3.46561	2.02169	5.57627	-1.98151	
3.34986	-0.213798	-0.567142	0.219501	3.09574	1.37403	2.04928	5.89301	-0.966575	-1.16474	1.49521	4.50689	-1.16779	-1.17361	-3.85795	-1.28576	-3.7821	-5.05578	-8.10893	2.23293	
5.46652	-2.31532	-1.3786	0.693205	6.04552	1.15495	2.47555	3.42163	0.448741	-1.36368	-0.356448	4.71995	-0.235275	0.219339	-2.24193	-4.52831	-5.39173	-2.85618	-11.7245	2.90577	
-3.29633	0.608909	-2.39278	-0.183518	-4.1371	1.78845	-1.49234	-3.50739	0.0700374	2.12286	1.48955	-3.30921	2.95832	0.895478	4.39926	4.3191	3.85563	4.53411	10.5269	-0.192884	
-5.67296	0.962616	-1.74236	-1.87825	-5.76714	0.664654	-1.17047	-5.28295	0.0837057	2.15086	0.256157	-4.08871	-0.566179	0.799136	2.48578	4.13021	3.84119	4.45665	11.0014	-1.7213	
-0.978596	2.32841	-1.93632	-2.40083	-1.43694	-0.493221	-0.126559	1.11802	-0.425318	-2.05998	-1.31354	-2.73146	1.9815	0.302424	0.989985	1.10375	1.46974	-0.167638	2.14079	0.867203	
-0.639285	0.32255	-0.535998	-1.56997	-1.96194	-0.914053	-0.466059	-0.362919	-0.41543	-0.0326832	-0.0895956	-0.111304	0.993092	0.413856	1.18805	1.15307	3.25079	1.30595	3.56872	1.28535	
-3.89704	1.36356	-0.888549	-2.36933	-4.98072	0.633797	-0.843335	-3.13118	0.417213	0.268717	0.370292	-3.56027	3.16279	0.123221	4.99171	5.18484	3.63613	6.31166	10.7705	-2.74285	
-4.7617	0.14227	-1.99155	-2.25984	-3.76089	0.671938	-1.54418	-4.88179	-0.578682	2.12541	0.0506986	-5.42388	1.19486	1.33234	2.85132	3.52059	2.90406	2.96021	9.87319	-2.99318	
4.29613	-2.69462	0.845102	0.8503	5.31531	0.646366	2.72434	2.06345	0.178066	-1.7741	0.721408	3.70922	-0.383641	0.103722	-3.92514	-2.77444	-3.91856	-4.35666	-11.0898	1.27678	
0.272562	0.0398618	-0.845741	0.00134577	-0.254767	0.355819	1.01572	1.01517	-0.134869	-1.63064	-1.0008	-0.165721	2.05992	-0.0890555	-0.733076	-0.297454	0.944393	-0.370347	0.71046	0.711986	
0.591034	-0.484506	1.94795	1.01062	1.39319	-0.318821	0.508457	0.96429	1.52676	-2.5263	0.688343	0.238727	0.0188649	0.430003	-3.09545	-1.46489	-0.593764	-1.44875	-2.44206	0.889849	
-6.56621	-1.52304	-7.07671	23.6478	-3.03528	-3.51944	-6.25075	9.51842	-11.4621	-1.11124	-1.10671	9.54492	6.51995	1.99343	0.355035	0.777889	-7.29855	-8.85211	-24.8677	-0.938239	
5.24973	-0.462512	1.32594	2.4001	5.53839	-0.533265	2.68075	3.84174	0.97958	-0.614978	0.141909	4.20039	-1.29258	0.383985	-3.29449	-2.78846	-3.00952	-4.05102	-10.6316	1.62757	
-2.03041	0.185698	-0.402212	1.66563	-0.234802	1.83147	-0.682422	0.555788	1.34407	1.12213	0.538001	-0.0162198	0.71515	0.0251743	1.54431	0.97114	0.777856	1.57455	2.61174	-0.99333	
-0.621908	-0.978661	1.45602	-0.321503	-0.547417	0.272901	-0.646559	-1.20921	-0.81545	0.342902	-0.159198	-0.604624	0.491012	-0.114956	1.14161	0.640945	0.869318	0.122424	3.19899	0.235318	
-5.33214	2.16335	-2.55459	-0.502193	-7.36918	1.28107	-0.573654	-4.86382	-1.39809	-0.660369	0.311249	-3.97407	2.1231	1.49053	5.41841	3.94199	4.79509	5.78682	12.862	-1.39176	
-1.28906	-0.387158	-2.90397	0.18127	-1.44776	1.65913	-1.22557	-1.6021	-0.448355	0.826462	-0.0934782	-1.523	-1.25115	-0.440072	-0.447057	0.221602	-0.179239	-1.14869	1.04407	1.02423	
-1.34624	0.719434	-1.12368	-2.1531	-2.81399	-0.966816	-1.17278	-2.8526	0.663356	1.31897	-0.50894	-1.67294	-0.478233	1.40558	2.65575	4.50707	4.68051	2.21723	8.26144	-2.49874	
6.07247	0.537657	2.91421	-11.433	6.27661	0.300525	3.60313	-2.25492	5.85071	-1.78545	0.215854	-0.485478	-5.69571	-1.56313	-5.00982	-2.61216	-0.188501	0.581641	3.37645	2.59102	
2.76545	-0.507576	-0.37615	0.447025	3.29378	0.918939	1.24874	1.7679	0.350139	-0.922497	0.22176	2.1582	-1.88723	-0.911314	-0.604039	-1.85903	-2.73748	-4.13023	-6.32454	1.17108	
1.98688	-0.0839169	-0.350395	-0.386477	1.86237	-2.02702	3.14514	2.11113	0.230605	0.498585	0.723516	1.23827	-0.827971	0.816887	-2.82865	-2.04727	-1.43347	0.213931	-1.97851	1.17027	
0.133847	1.1698	1.94565	-1.27418	-0.475459	-0.929425	1.49603	0.48923	-0.753299	-0.93825	-0.462788	0.0482495	1.96668	0.202414	-1.26737	-0.888563	-1.10551	1.10406	-1.71684	0.20302	
4.81034	-2.11638	2.20274	0.544059	7.00821	0.375164	1.44174	3.85988	-0.799841	-1.34403	1.0083	4.56208	-1.39088	0.611951	-5.68703	-3.09229	-3.68751	-5.21353	-10.1506	2.06988	
1.79539	0.321569	1.07052	-0.817957	2.88302	0.504564	2.46773	1.0219	-0.0788798	0.0842977	-1.30378	1.2168	-1.82118	-1.22453	-1.76029	-1.50794	-2.05734	-1.09332	-5.84447	1.43187	
-1.78589	0.0867775	0.366686	-1.4502	-2.50572	-0.806816	-0.175097	-0.940293	1.46101	0.0279066	2.08075	-0.194062	-0.509235	-0.631855	-2.18027	0.105879	0.911602	0.649916	4.01696	-1.00604	
-1.14009	2.16467	-0.177608	-1.79081	-1.3938	0.103192	-1.08548	-1.09629	-1.29824	1.35916	-0.144399	-2.73622	1.18583	0.713017	1.67519	0.731032	1.20897	-0.247278	1.92887	0.75612	
2.82963	-0.138468	-0.411345	1.31854	3.23235	-0.265143	0.394742	1.17069	0.593674	-2.1528	-0.0430546	2.10069	-2.12022	-2.48864	-2.35542	-1.75537	-1.95132	-1.20934	-5.96031	-0.655837	
4.54883	-0.661749	0.623717	0.684401	6.98573	0.550644	2.09411	1.29979	-0.307693	-1.92739	1.29166	4.40256	-2.71585	0.175276	-2.11988	-4.18048	-2.42778	-4.63711	-8.6172	2.52637	
6.7667	-2.47241	-0.376604	0.392287	7.91178	0.645958	2.22633	5.85903	0.519332	-4.58563	-0.533208	4.08985	-1.70196	-1.22529	-4.42181	-6.89602	-5.9455	-5.88996	-13.6618	1.99268	
6.00462	-1.23379	1.93152	3.91518	8.43746	-1.35401	4.10661	5.52177	-2.94725	-3.64725	-0.609923	4.76669	-4.08303	0.111144	-5.3161	-4.75427	-7.0145	-6.35124	-16.6117	2.38919	
3.71133	-1.87093	0.934923	0.837881	5.32524	-0.201612	1.99387	1.78517	1.15524	-1.40935	1.46137	1.77251	-2.31017	-0.0148096	-4.10198	-2.57816	-3.53848	-2.96664	-9.46216	0.53008	
8.18609	-3.05892	1.39498	3.80182	11.6638	0.198593	3.62701	8.40799	-1.15643	-3.547	-0.351671	7.98479	-1.42714	-2.17075	-6.92243	-7.74877	-6.96598	-8.10445	-18.2253	2.39338	
-1.2413	-1.12742	0.376991	0.0405123	-1.65484	-0.239862	0.00736393	-1.88536	-1.38325	0.917318	-0.181279	-0.69782	0.469125	-0.288334	2.03912	1.46072	-0.958791	0.444126	-0.425419	-1.36625	
1.88637	-1.02199	1.07457	-0.450168	3.28076	-0.111606	-0.278459	1.46454	1.15144	-1.37994	1.01197	2.29999	-2.18383	-0.24964	-1.58554	-1.99684	-1.66076	-1.74762	-4.61242	1.047	
-3.79049	3.14755	1.30529	-11.7345	-7.06001	0.778317	-0.360488	-9.12106	3.93035	1.70936	0.901599	-8.86107	-0.535742	-0.238227	2.09388	3.55293	7.15248	8.85865	24.685	-1.6606	
3.30579	-0.31898	0.354618	1.83344	5.01829	1.43382	2.39917	2.58313	-1.14152	-1.48784	0.953358	1.37773	-0.270403	-1.48585	-1.57288	-2.27491	-3.39475	-4.25619	-4.97899	0.32588	
-7.50759	3.28951	-0.438005	-2.47244	-10.3554	-0.970187	-3.14879	-5.47243	2.12099	3.14704	0.961899	-7.54585	2.20965	2.26027	6.13313	6.27538	6.48746	8.05391	17.2368	-1.99616	
-6.30643	0.891456	-2.23391	-0.194081	-7.38956	0.931028	-4.12928	-2.79496	-0.989603	0.189757	-1.68729	-3.50013	3.61591	1.36341	5.89182	5.06295	4.29181	5.25392	7.57557	-4.10904	
-0.480585	-0.350224	1.69143	1.24502	0.880773	-0.0885186	0.794172	1.721	0.473219	-0.491654	-0.120525	0.393997	-0.647416	0.186012	-2.60068	-2.69966	-0.057935	-2.56146	-5.25083	0.586286	
-2.04149	0.377281	1.6114	-1.18312	-0.817887	0.520519	-0.0331489	0.0354753	0.532109	1.30567	-1.3386	0.0884012	-0.0817321	0.197133	-2.02223	-0.864225	-1.63262	-0.722051	-0.292988	-0.831257	
2.57167	1.49385	2.61245	-1.11918	1.82516	-1.55057	0.525799	-0.510565	0.352706	-1.15533	1.45314	0.842207	-0.0589366	-0.662917	-1.27381	-1.27648	0.14851	0.610292	-5.3547	-0.00660517	
4.39659	4.05972	6.86267	-26.8909	0.213998	3.62979	5.97563	-15.8189	15.0737	4.15318	3.32183	-15.6243	-8.29849	-0.490004	1.32638	4.19547	13.8912	12.7598	41.2675	0.0574043	
7.94648	-2.04614	1.27176	1.95313	9.5189	-0.873534	3.59661	7.11403	-1.209	-2.72958	1.69514	7.77336	-4.62297	-2.41559	-4.82182	-5.09381	-6.99003	-9.97698	-19.2218	3.16892	
-1.22097	0.151067	0.0435284	0.192191	0.142048	0.940369	0.216082	-0.890529	-0.293553	1.49639	-1.16991	-0.204922	0.340567	1.59456	1.62121	0.796517	-0.266653	2.14368	3.00773	-2.11476	
5.73453	-1.11787	1.50857	2.0943	7.72736	-1.5311	4.39009	5.88558	0.517169	-2.24522	0.489987	6.62786	-2.1994	-0.634498	-3.60239	-5.7408	-5.81793	-8.30546	-14.5781	2.33871	
6.04774	-0.405411	4.30861	-0.594398	7.77475	-1.48289	2.49869	3.72571	0.201287	-3.60776	0.203537	5.39567	-1.8666	-2.0793	-4.42503	-4.43223	-5.20859	-4.59495	-15.2089	2.80354	
4.50132	4.05188	6.57867	-21.5933	2.59146	2.94848	5.28696	-11.8633	11.9998	1.00685	1.61169	-11.6012	-7.93063	-1.19946	0.18976	0.86685	7.13827	10.1343	26.9342	2.17209	
-8.05139	2.72086	-0.338338	-2.69352	-10.1533	-0.280565	-2.24704	-7.10103	-0.0843972	2.86224	-0.480442	-7.56638	3.07011	0.920401	6.71127	5.22774	6.65335	8.18307	17.5742	-4.05283	
2.92873	-2.40317	2.28208	1.74625	3.97631	-0.766383	1.89999	2.02868	-1.12968	-1.13733	-1.93755	2.98397	-1.04396	0.273429	-0.918435	-1.84679	-3.78063	-6.30002	-9.55746	3.76458	
-4.11735	2.59495	-0.388844	-0.620745	-4.06498	-0.674838	-2.43417	-3.1201	-0.590717	0.448931	-1.20293	-2.80168	3.1342	0.423685	3.82583	4.05608	3.75487	2.58135	9.52767	-1.91185	
-5.29077	-0.531623	-2.84109	11.0785	-5.90372	-1.31378	-4.35483	4.74306	-7.49679	-1.29962	-2.11164	3.40728	6.46806	2.85945	1.71275	1.86519	-1.22164	-1.2854	-5.3121	-2.57885	
-0.623732	1.48068	-0.351121	0.858452	-0.959582	0.390455	-0.327144	1.06429	-0.483207	1.86459	0.886282	-2.27528	-1.37051	-2.04919	-0.449307	-0.245407	1.11548	0.400924	1.54069	-0.604513	
-10.6962	2.39048	-1.98885	-3.7597	-10.6719	2.2252	-5.07354	-8.17951	-0.56889	4.48672	0.716111	-9.24511	4.04217	1.93478	5.87624	8.359	7.1741	10.6923	21.9122	-3.20767	
-5.33022	0.611761	-1.25302	-2.42872	-6.95333	0.646326	-1.64187	-6.31401	2.06631	2.65927	-1.14448	-5.15936	1.62429	-0.364055	4.5191	6.25777	5.0442	5.27491	13.3417	-1.555	
0.93506	0.416062	-0.528776	1.31156	-1.22847	1.72056	-1.16789	-1.12133	1.64211	0.87507	0.616471	-1.2191	1.75463	0.726987	0.979491	0.0523593	0.759038	0.158051	2.39444	-0.113682	
2.62672	-2.71581	-0.658457	2.63519	3.03806	-0.197869	1.51524	3.62264	-1.9709	0.360446	-1.58204	2.86357	-0.749833	-0.754925	-2.65389	-2.40795	-2.81159	-6.99846	-11.2932	1.46033	
3.04043	-1.19919	1.8839	0.314779	3.70723	1.07947	1.23792	0.236951	-0.333458	-0.020534	-0.600635	1.66348	0.157085	0.541466	-3.00211	-2.07397	-1.94869	-2.48504	-5.31784	0.950432	
-6.63595	2.41999	-1.58933	-1.35643	-8.43594	-0.194261	-2.87193	-3.74296	-0.20726	0.857763	-0.616518	-5.79265	2.16166	1.79807	5.88277	6.40091	6.23012	7.60794	12.9383	-3.23673	
5.79624	-0.500525	0.0237919	0.776015	8.96045	1.48607	1.55493	4.46971	-1.68407	-3.11986	1.3278	6.44822	-0.733758	-1.58087	-3.56115	-4.37845	-4.0119	-6.80652	-13.942	0.871763	
1.40658	0.291097	1.08232	0.451964	3.55783	0.940415	0.720773	1.29161	0.753342	-0.0879577	-1.33925	0.040646	-2.19847	-0.767708	-1.99092	-1.99486	-1.1938	-0.900117	-5.38088	1.30528	
-3.21325	1.01524	-0.330827	-2.6214	-5.23312	1.50965	-3.01682	-2.77261	-0.516062	1.33825	-0.9931	-2.47493	2.27949	1.6163	3.90771	2.83119	1.78391	6.75618	8.28516	-0.242675	
0.987145	-1.60127	-0.251073	0.941581	-0.261707	-2.13822	-1.16208	-1.07674	0.724935	-1.60275	1.11369	0.0744153	-0.801624	-0.0296253	-0.0898704	1.13005	-1.34977	0.926789	1.58846	-1.2036	
3.6463	-1.51766	0.184676	1.02936	5.88632	-1.98191	0.958324	3.59037	-0.458196	-1.0917	-1.56254	1.84841	-0.231178	-1.36105	-1.26292	-2.93252	-3.14827	-3.99599	-10.5841	2.28557	
-7.56336	1.12114	-2.43276	-2.62768	-9.74403	0.082062	-3.9032	-7.84517	-0.0782175	3.31017	0.948681	-5.98984	2.59447	2.44212	5.52121	5.95069	7.79716	9.35273	20.755	-2.99747	
-5.49716	2.17237	-2.40209	-1.02366	-10.063	0.19485	-3.08424	-5.76836	0.643904	1.78648	0.0152471	-4.88098	1.79186	1.39559	5.00829	4.36792	6.36712	7.26406	13.7294	-2.03161	
-3.93485	1.08629	-2.01941	-0.451711	-3.32204	0.428733	-1.66732	-3.43921	1.46498	1.26526	-0.393509	-5.66475	1.41068	1.49989	2.30951	2.294	3.63052	3.4819	8.85774	-3.09375	
8.88671	-0.0603752	3.01647	-7.9396	9.31484	-0.280682	5.6421	2.25347	3.98132	-0.81195	1.22616	2.46203	-4.80515	-3.37022	-5.74065	-5.13148	-2.50937	-3.72752	-3.60749	2.62075	
-3.81463	1.14316	-0.431737	1.74838	-3.39342	-0.86164	-0.887812	-2.49914	-0.667773	-0.158603	0.0201829	-4.68487	-0.0566281	0.467553	2.25875	2.56953	2.87191	2.03922	6.4613	0.0430688	
7.72349	-1.98077	1.51117	2.64546	10.6335	-0.0692686	3.11805	8.62289	0.289005	-2.17804	-1.25003	5.49745	-1.85251	-2.2424	-5.05665	-6.37106	-6.71681	-10.276	-20.9112	3.46793	
-1.17331	0.810651	0.449354	1.85302	-3.21344	-0.266989	-0.354244	-3.37627	0.405559	-0.66334	-0.481196	-1.49213	0.500004	1.18916	0.352275	1.42746	1.12742	1.37581	5.77765	-2.9879	
5.67974	-2.08923	1.4131	1.6487	5.89417	1.97443	1.52983	3.39082	-0.692803	-1.64802	0.227206	2.41337	-2.31296	-1.66891	-2.68086	-2.44398	-4.11681	-4.01879	-13.2841	5.22865	
-1.77268	-2.03696	-0.220375	1.85019	-1.76597	-0.394585	0.376182	0.839581	0.907888	-0.160226	0.985235	-1.35388	-1.15463	1.13292	1.0199	-0.582273	0.199768	2.08919	3.42894	-1.09389	
-0.188208	-0.116899	-0.790869	-0.448354	-0.993534	-1.33786	-0.480869	-1.02654	-2.20017	1.08858	1.13793	-0.43637	1.78742	-0.180404	0.379434	-0.7717	0.616124	2.30778	3.77294	0.833602	
0.0571785	0.662207	1.52892	-0.349742	0.0140654	-0.592381	2.19443	-0.140658	-0.770519	-1.09615	0.569137	1.37427	0.637095	0.40013	0.687171	-0.0626532	-0.277749	-0.464643	0.816357	-0.427445	
0.724092	-1.31811	-0.650947	0.345419	2.31546	-1.62066	-1.09661	-0.652979	-0.399464	-2.38905	1.54148	0.100071	-0.979408	-0.220627	0.32171	-0.481474	-1.78134	-0.469915	-2.44697	0.663775	
-0.936479	0.732032	0.444452	-1.32021	-1.2718	-0.731283	-1.47548	1.08124	-1.61303	-1.2245	-0.364073	1.02883	1.14029	1.41964	1.05606	-0.331143	0.601535	0.0931264	0.628221	-1.00542	
-1.6624	1.66274	-1.46946	-0.504071	-3.69569	1.3969	0.307748	-1.72711	-1.24808	1.78693	1.82962	0.158181	2.41709	0.581604	2.07292	1.06512	1.88471	1.89469	5.65594	-0.4732	
1.15171	0.915407	-0.0934517	1.46972	-1.98473	-0.331987	-1.85835	-0.0139359	0.624881	-0.158761	0.705647	-1.43209	0.408884	0.0580637	2.36489	1.04753	1.72623	3.86319	1.80235	0.0215583	
-0.582621	-0.270267	1.42983	5.65397	-0.145742	-1.43282	-2.59866	3.5675	-2.66745	-0.800364	-0.952038	3.25557	2.31664	0.149208	-0.925257	-0.297794	-2.27235	-2.9275	-6.98863	-0.671742	
2.42738	-0.989578	-0.518119	0.248894	3.42522	-0.624857	1.5856	1.56259	-1.0724	-2.4586	0.437518	2.17212	-0.936647	-0.878536	-2.56095	-4.36169	-3.23948	-1.75395	-9.27592	0.651664	
8.00031	-3.31671	3.69402	3.15754	12.7736	-1.26682	4.93823	8.44975	-1.96755	-4.18294	-0.0716929	7.41525	-3.75457	-1.12009	-7.55846	-7.87481	-5.75964	-11.2779	-22.09	2.56145	
2.03751	0.830172	-1.65142	-0.504163	0.00700261	-0.640683	0.050905	-0.141683	0.986581	0.676125	-0.258514	1.3355	-0.652101	-0.407167	-0.180896	0.236692	-0.0057901	0.372919	-1.37931	0.487504	
7.16603	-1.13099	2.04102	2.16912	11.5365	0.267849	3.48618	8.02261	-1.07446	-2.85542	2.09623	4.57106	-2.64154	-1.22347	-6.95266	-5.98491	-8.18056	-9.52708	-17.9669	3.29989	
-0.293172	-5.11211	7.70959	0.338548	-1.9764	1.85136	0.321047	-2.86282	4.36861	-1.94935	-1.13591	-2.30111	0.804561	0.551748	0.525934	1.99492	0.760433	-3.74796	-4.40903	10.6496	
-1.55672	-8.75621	6.77465	-2.17386	-0.442964	0.702925	0.57934	-3.711	7.19573	-0.106011	-0.781681	-2.90308	4.89971	-1.0905	1.40148	0.562426	-0.986687	-5.25553	-7.13018	11.9393	
-1.00972	7.53073	-10.3015	-1.3174	2.52221	-2.49616	0.216182	3.55474	-7.11203	2.02762	1.68897	3.16194	-5.08446	0.382832	-2.94235	-2.66824	0.985722	6.5162	7.76692	-13.746	
1.60619	-2.72376	3.16955	-0.96074	0.214866	0.17124	1.05229	-1.55427	1.31209	-1.55113	-0.913999	-0.155784	0.175504	0.392816	1.72761	-1.36073	-0.348971	-2.65778	-3.45723	4.7819	
1.76268	-9.90725	10.6004	-0.656463	-2.59883	4.31916	1.50762	-3.21178	9.58051	-4.94501	-1.09732	-2.62583	5.00143	-1.42833	3.21458	-0.781676	-1.66588	-7.20217	-7.87714	18.5481	
-0.951813	3.60214	-7.00511	0.70122	0.408935	-0.527201	0.740353	0.906878	-5.60423	2.62518	1.26327	1.62866	-2.15768	1.54276	-1.44345	-0.0417288	2.01632	4.5549	4.40007	-8.38358	
-0.458531	2.20706	-2.05485	-0.379131	1.15541	-0.655623	1.19584	1.16757	-2.36595	0.368104	1.04694	0.103035	0.0673964	0.106913	-0.991185	-1.67589	1.08464	2.02478	0.799073	-2.92458	
-0.840456	1.36808	-1.41766	-0.182158	-0.43554	0.988921	-0.0122307	0.675944	-1.91486	1.12034	1.1045	0.228411	0.00390072	0.464987	0.123642	1.69155	-0.180467	0.502399	0.309954	-2.64531	
1.93336	-3.15572	2.68814	-0.971019	-3.83989	2.03135	-0.325193	-1.14032	3.94154	-0.810623	-1.82249	-1.62776	2.04593	1.30882	0.428356	-0.383304	0.138833	-1.49181	-1.7199	4.04318	
1.10105	-1.50892	2.99792	0.0212898	-2.69127	1.14592	0.28822	-1.79378	0.779557	-1.26905	0.482378	0.79381	1.57545	-2.03775	-0.0195406	0.539649	-0.712121	-1.42579	-2.71872	2.88559	
-0.82751	-10.736	12.9129	-0.41009	-3.41021	1.74439	-0.254805	-3.56414	10.1788	-1.97289	-1.29221	-2.32874	5.7863	-0.97063	3.84598	1.05819	-2.66715	-7.56846	-8.25232	18.347	
0.00667587	2.79675	-2.44569	-0.711755	-1.12353	0.864502	0.211647	0.618974	-0.32506	1.02655	-1.79167	-0.285525	0.632371	0.338651	-0.238671	0.640586	0.474685	2.43997	-0.380096	-2.89799	
1.93638	-3.41171	2.95533	1.04749	1.12798	0.959419	1.02314	0.566148	1.42084	-0.542163	-1.39707	-1.66909	0.305364	0.0328499	0.559323	0.893375	1.08478	-0.404931	-2.59172	2.75143	
-0.318965	7.7475	-10.2151	-0.53061	-0.741107	-2.78279	0.254792	3.23601	-6.50489	1.96007	0.544818	3.28526	-4.53465	1.25935	-1.60882	0.906935	1.34049	5.87694	7.20307	-11.7642	
0.33405	10.9495	-12.2993	-0.219118	2.76454	-2.81785	-1.68592	5.10312	-9.7339	1.99143	1.23123	1.3432	-5.28012	0.614129	-4.63695	-0.195387	0.910762	8.43992	9.66332	-16.6811	
2.92505	-0.553136	0.337302	0.979502	-0.505649	0.730327	1.53967	1.46903	-1.79157	1.50544	-1.16085	-0.119247	-2.16608	0.61856	-1.40704	0.0788104	-0.222024	-0.612571	0.91473	-1.02256	
-1.27503	-1.36143	3.54244	0.706914	-0.0642611	-0.0283138	-0.426122	-1.72421	1.37951	-1.16308	0.309791	0.265908	2.20465	-1.21611	-0.34284	0.796948	-1.1601	0.147057	-0.3732	2.21616	
-0.667003	0.41791	-3.01795	0.288519	-0.913881	-0.629407	-0.0468445	1.38395	-1.08204	1.54713	-0.430344	0.433011	-1.96959	0.398842	-0.478652	-0.709378	0.499683	1.59669	2.53364	-2.55381	
0.5995	-0.83071	0.0420245	-0.122938	-1.32891	1.05804	-0.0255725	-1.50779	1.45601	0.44447	0.686908	0.151094	-0.220865	0.295419	-0.0905164	-0.561084	-1.87876	0.438075	-0.540786	-0.910247	
0.202435	-9.31817	13.1535	-0.73591	-2.05991	4.38751	-0.0387674	-5.62922	10.3553	-3.77389	-0.885816	-2.73635	4.47263	-2.8169	3.17981	-0.449544	-1.12556	-9.1762	-9.49816	17.1435	
1.36022	1.28567	-1.54404	-2.09856	0.0459465	-0.769981	0.0493405	0.76732	-1.72242	2.10158	-0.0270717	0.854721	-1.83836	1.12178	-0.575216	-0.143448	0.868863	1.23007	3.43043	-1.8408	
-0.845433	3.99726	-3.98627	0.531108	0.443843	0.48845	0.0378247	2.2379	-3.3459	1.37052	-0.425634	0.958703	-2.39494	1.02761	-2.52644	0.306819	-0.458544	4.03228	2.35123	-5.56715	
0.84376	-8.45414	9.83403	1.40189	-1.09002	2.70819	0.180902	-3.50911	10.3058	-1.07212	-1.53792	-1.6041	5.21974	-2.17433	2.23776	0.944717	-1.16857	-6.05099	-6.87502	13.062	
1.23431	4.20553	-4.67118	0.941878	2.19554	-2.28208	-0.248301	1.54855	-2.77741	-0.842593	0.0126464	-0.4466	-2.95807	1.45306	-0.270609	-0.258754	0.295557	2.99238	2.99595	-8.48178	
-0.454973	9.14675	-11.189	1.11881	1.75334	-3.10965	-0.966581	5.156	-9.83582	2.77618	0.0665629	4.39233	-6.8229	1.03054	-3.61988	0.961522	0.322901	8.18182	8.67234	-18.2957	
2.26946	-3.34377	3.69687	3.52858	3.1973	1.96788	-0.355525	0.761389	8.75763	-2.03455	2.5758	-6.82298	0.124759	-2.51162	-3.67437	4.43055	1.79031	-6.67901	-8.67482	12.7868	
-0.182793	3.13953	-3.06641	-0.623222	-1.8078	-0.768665	-0.953518	-0.149564	-0.772137	0.947971	-0.298389	0.605863	-0.199578	0.832005	0.10599	1.6141	0.587573	0.338922	0.744233	1.15384	
0.276774	-1.16137	-0.295274	-0.275859	-1.70295	2.13373	1.1986	-0.183192	2.95469	-0.531166	-0.807369	-1.05133	-1.01333	-0.847978	-2.05458	0.229757	1.69092	-0.753724	-2.50768	3.14244	
1.40604	9.47531	-10.7095	1.37725	1.6347	-3.37183	-0.646048	3.16484	-7.29733	3.14666	1.90394	0.714848	-6.49102	-0.879695	-0.38224	-2.68691	1.11432	8.89403	6.92713	-17.222	
-1.8864	3.21738	-1.40907	0.826568	-1.65654	0.0737866	1.503	2.05469	-2.56698	0.468839	0.394613	2.89731	-1.44089	1.1017	-1.11791	-1.25227	-0.220483	1.35363	2.99184	-3.10037	
-0.894269	-3.16721	4.222	-1.04312	0.00143889	1.02319	1.17963	0.235907	1.30378	-1.70477	0.106871	-0.279682	0.496532	-1.25714	0.284867	1.9172	-0.322007	-1.70808	-4.76948	5.40584	
-0.412027	1.89684	-3.73403	-0.0508172	0.819157	1.15117	-1.14259	0.387675	-4.72435	0.918631	2.10961	0.748622	-2.53942	1.51678	-2.60879	0.0467377	-0.33585	4.11891	3.49135	-5.93402	
-1.09787	10.1812	-14.3726	0.722875	2.7714	-4.96242	0.302402	4.83335	-9.89058	4.02187	2.35816	2.81668	-4.89799	-0.233286	-1.6878	-1.62129	1.85909	10.1015	9.38983	-20.3945	
0.275513	-0.253089	-2.11072	1.35032	2.22575	0.321857	-0.87195	-0.203846	-2.68262	0.949795	1.0544	2.2867	-3.44993	-0.324985	-1.13127	1.04662	0.770134	1.64764	2.37229	-3.09589	
-1.23615	6.3432	-12.1927	2.69271	1.94089	-2.83553	0.0336487	4.83084	-7.09017	2.66957	-0.678275	3.15431	-4.91139	0.28842	-2.58414	-0.160622	2.62039	3.45496	7.43405	-14.6182	
0.646618	-4.91218	6.65502	0.73002	-2.01066	-0.0241214	0.0930027	-2.33897	5.69049	-1.64371	-1.08726	-2.58114	2.89838	-0.20386	1.54434	0.335524	-0.688785	-2.61166	-4.47012	7.9378	
2.10085	-9.04224	10.9833	-1.74647	-0.781373	3.13526	0.0173827	-5.22587	8.0624	-3.83956	-1.11539	-4.21634	6.69875	-1.23522	2.66832	0.757225	-1.62423	-7.11618	-9.31673	15.9666	
2.01917	-7.08802	3.7631	2.69033	-0.10267	1.07589	-1.37991	0.0524026	14.8185	-8.56415	2.29657	-7.4383	0.426815	-3.70642	-4.38392	5.14814	4.54279	-7.84812	-15.7659	17.4676	
0.0606489	7.58642	-7.53551	0.573968	1.53273	-3.84493	-0.270306	1.94307	-5.21321	3.73673	1.42619	3.64406	-3.31267	1.66668	-0.73318	-0.223257	3.36686	5.06085	7.61135	-12.9746	
-1.9627	2.89556	-8.67154	-0.102457	-0.059922	0.790271	0.542336	1.74883	-2.75035	2.0308	0.334697	0.35948	-2.39488	-0.569108	-1.83893	-0.829792	0.585017	3.89903	3.10037	-9.29954	
0.605621	-11.6578	15.7202	-0.650893	-3.93801	4.71171	0.998598	-4.47588	10.2152	-2.31721	-0.359008	-4.53619	3.71857	-2.05669	3.43912	1.55173	-1.52587	-10.4683	-10.9391	23.5373	
-1.19029	1.77795	-4.21088	0.687209	0.870278	-0.937134	-2.53521	-0.308025	-1.36523	1.21729	-0.721235	-1.73165	-3.03089	0.30953	-1.38334	0.311802	1.63374	2.35684	2.16063	-5.37572	
-1.53002	6.03771	-8.75413	-1.27036	0.933923	-3.7894	0.341523	3.6341	-8.67418	3.02557	-0.0704366	1.06996	-4.22381	1.43686	-2.59978	-2.09471	0.245702	6.27879	8.67209	-13.7582	
0.416835	2.53538	-2.99792	-0.778568	-1.01819	-0.194501	0.577588	0.79156	-3.43044	0.00957443	-0.0626188	0.20951	-2.83815	1.42544	-1.71231	-1.23576	0.309158	1.40648	3.58526	-3.22646	
2.21634	17.1722	-22.7445	-1.00628	6.05615	-6.18614	-0.274992	10.8741	-10.5816	1.58671	2.10043	3.24394	-10.5772	-1.18074	-8.50918	2.44086	4.99367	10.9226	9.72458	-28.2737	
-2.55495	-0.499452	0.601446	6.26139	-0.411134	3.11906	-2.62076	0.527032	-4.43596	-4.42176	0.99671	-4.92775	6.83972	-5.37479	-4.20315	-0.511447	4.3139	-1.6028	6.25739	2.99642	
1.45742	5.56364	-7.28989	-2.75632	1.48338	-0.0279066	1.01202	2.98307	-7.16681	-0.706318	1.22671	1.24175	-3.51871	-0.276138	-1.35293	-0.0553711	0.870916	4.34538	4.46819	-9.59867	
-1.97365	4.7856	-7.26062	1.24388	0.0245261	-2.37082	-0.985205	2.86295	-6.67453	2.80651	0.96374	-0.354091	-4.85748	1.25895	-1.13107	1.25813	1.60569	4.13671	5.70743	-10.4011	
1.23001	-0.367991	-0.537432	1.39608	-2.93384	-0.874636	-2.22476	1.33695	-0.878116	1.22199	0.418466	-0.0916385	-0.451897	-1.29062	0.204116	-0.42645	0.791898	0.231762	0.333637	-2.36398	
-2.73048	-4.70318	7.95667	4.02701	-0.841845	3.08869	-3.78427	-2.46022	0.284824	-3.37019	0.364472	-4.78677	9.52473	-5.78983	-3.14935	0.857245	2.72499	-5.29499	1.94365	11.2823	
-0.612103	0.563014	2.15925	-0.618024	1.16578	-1.35891	1.54879	0.853748	1.20009	1.18199	0.241004	-0.909122	2.24437	-1.49048	-0.604544	0.568378	-0.375762	0.0511977	0.207443	0.290065	
-1.72606	3.46295	-4.29887	0.726068	-0.21006	-1.27749	-0.588692	2.82226	-5.64283	1.18595	0.378108	1.01463	-0.352138	-0.415431	-2.24945	-3.11996	1.01875	4.60488	3.00445	-7.09919	
1.3511	-8.05151	11.9036	-0.944378	0.169507	2.50492	-0.330166	-4.36388	8.33009	-2.77357	-0.0372428	-3.97426	4.01494	-1.89274	-0.211309	-0.0774917	-1.45361	-8.30813	-7.60089	15.8729	
-0.728836	-2.79007	1.28127	0.371561	-0.170525	0.529346	0.145025	-3.17606	3.28573	-1.18561	0.732565	-2.299	1.48936	-0.510781	0.997685	-1.38264	-0.961345	-3.11288	-0.765799	4.03393	
0.265798	0.475628	-0.183456	0.684775	2.00929	-2.95776	-0.984228	0.0673335	0.519788	0.533853	-0.109995	0.556796	-1.52144	-0.253589	-0.0475511	0.430962	-0.404302	1.35067	1.29885	-1.29231	
0.386337	-2.45265	3.78589	0.233933	-1.10054	0.19862	-0.808532	-1.26693	2.35504	-0.606977	-0.599745	0.906005	1.48908	0.169078	0.338052	1.46927	-1.0261	-2.51887	-1.8085	4.01643	
-2.07822	-5.39	5.03995	0.253488	-2.11676	3.58625	-0.0147476	-2.74556	3.15743	-0.0307867	0.810606	0.00108385	2.62253	-1.29663	2.01823	0.190063	-0.142247	-2.96135	-3.07607	6.43639	
0.368086	-7.58049	9.12973	-1.34616	-0.982434	0.0231747	1.74934	-1.60873	5.11391	-1.63285	1.86917	-1.82942	2.97938	-0.150317	-0.563224	0.690663	-1.23484	-4.88981	-3.6021	9.0265	
0.867433	-0.0351423	4.4044	0.512604	-0.0806997	1.91476	0.690107	-0.493316	0.866	0.691037	-1.67723	-1.27798	1.20804	-2.12904	0.95063	-0.345256	-0.194345	-1.9126	-0.952011	3.6628	
0.57776	-9.84324	12.8625	0.380063	-1.87317	3.1136	0.0267282	-4.62173	9.49646	-1.798	-0.88951	-2.84356	6.77026	-0.692792	0.382794	-1.11448	-1.11106	-9.08433	-8.84267	17.5363	
-2.50862	7.33067	-10.1997	4.76347	0.889463	-1.55897	-1.61689	3.00228	-9.19981	-2.13199	1.02882	-1.53327	1.83241	-4.18228	-7.0256	1.16395	4.78764	5.18662	15.9713	-13.3574	
-0.288185	6.83825	-11.5636	1.76298	2.40446	-2.5137	-2.49701	5.33077	-8.3839	1.84241	1.1121	0.857152	-3.93565	1.84266	-1.03795	0.673922	3.62321	5.42084	6.80642	-11.8249	
0.321303	9.98487	-13.2369	0.839462	1.82334	-4.38238	-1.10173	5.4785	-9.56342	1.5137	-1.38369	3.35753	-6.5543	3.08473	-3.5427	0.972806	2.46262	8.179	8.60339	-19.9992	
-0.826402	-4.64469	6.09319	0.851232	1.20181	2.98092	0.8835	-2.15866	2.79673	-2.03334	-1.10522	-0.236626	3.10539	-2.31138	-0.18082	-0.828419	0.331274	-3.55098	-2.55249	8.89361	
-0.160509	4.24144	-2.97618	-1.54748	1.37761	-1.92969	0.0834032	3.3162	-2.38978	1.39529	0.947997	-0.152989	0.406859	0.221576	-0.59396	-1.22091	0.993412	2.75621	3.31336	-4.16793	
0.414154	6.47572	-8.34137	1.20929	1.53183	-0.526789	0.156507	3.26809	-4.98566	1.94061	0.329139	1.84976	-1.93015	2.71668	-1.92722	-1.80785	1.30615	3.55294	6.42574	-11.0272	
0.559296	-8.8133	8.15344	0.663492	-3.01507	1.30664	1.13859	-4.9088	8.36566	-3.63055	0.384825	-0.721434	4.37423	-1.01216	3.87554	1.29373	-1.74802	-5.50968	-5.15902	13.1704	
-1.71659	13.009	-17.627	-0.151729	2.42781	-3.38893	-1.41884	6.24455	-12.2281	4.01706	1.50026	4.14771	-7.47244	1.66496	-3.34535	0.679042	1.71917	9.84737	12.027	-22.4611	
2.02197	-0.843181	-1.69925	-6.11417	1.11362	-2.80686	1.65065	1.43795	1.02284	6.74993	-0.633202	4.0612	-8.95488	5.2628	5.20327	-0.892794	-4.79227	3.87987	-7.58912	-4.85381	
0.243393	-11.8821	13.2308	-0.866952	-3.15199	2.96414	-0.276116	-4.21129	10.2373	-2.9652	-0.699296	-1.65682	7.0768	-0.697709	2.7232	0.963691	-1.73993	-7.63204	-9.45743	20.6699	
0.650872	-1.12914	0.970085	0.126033	-0.198589	-0.440939	-1.30276	0.706634	2.96475	-2.62181	1.229	-0.988908	0.170951	-2.23897	0.295509	1.32824	-0.479549	-2.4055	-3.74049	6.78352	
-1.77937	2.50199	-1.45596	1.15725	0.256026	-0.184391	-1.07466	0.0457645	-4.04261	-2.41492	0.705957	-0.848993	1.98392	-3.27412	-2.44713	0.738543	3.43196	0.566581	4.96569	-2.66602	
-1.68899	7.77139	-15.2234	1.19266	1.18573	-1.02833	0.341688	4.88484	-8.05907	2.08957	0.254725	1.97194	-3.2829	0.686375	-4.13447	-0.347936	2.09801	6.91773	6.83444	-13.917	
-1.45692	9.3097	-14.1393	0.912473	1.65336	-1.13869	-2.04238	4.5248	-8.68387	2.77303	0.703644	2.03775	-6.26605	1.59845	-2.79937	-2.98759	1.38693	9.42493	9.28465	-19.6357	
-0.320054	2.37925	-3.14096	-0.0465561	0.76689	-3.10612	0.59729	2.94193	-2.02281	0.187887	0.934286	0.731653	-0.482189	-1.39797	-0.951235	-2.34516	1.35915	3.53755	2.35386	-3.47954	
0.657959	-0.167367	1.1635	-0.497116	-1.43645	0.576745	-0.136145	-1.79747	0.952759	0.361589	-0.737478	-0.0897128	1.09287	0.0726511	0.419278	-1.6944	-0.137618	1.33733	-0.623237	-0.0377048	
0.193583	-13.7873	17.5162	-0.503232	-3.35664	4.65501	0.438415	-6.05102	14.8491	-3.68617	-0.293451	-6.08953	8.77135	-1.98921	2.64055	1.84036	-3.39122	-13.7662	-12.7798	26.3822	
0.7953	1.53241	-2.30408	-1.57553	1.80971	-0.96109	-0.108671	1.01779	-1.18051	-0.309044	0.13872	-0.757628	-1.24911	2.78131	-1.10923	-1.98018	1.2789	1.6039	4.1103	-5.85954	
-1.21796	-3.06043	4.06828	-0.578796	-1.89874	1.51471	-0.426744	-2.87494	0.886291	4.30296	-0.857171	0.89135	3.85731	-1.23013	2.84791	-0.136066	-1.59651	-1.21562	0.813302	3.36459	
-0.106398	3.00093	-2.42426	0.322558	1.06147	-2.82329	-1.7185	1.9274	-3.73124	1.63447	0.759428	0.643586	-2.94409	-1.22189	-1.17071	0.220029	0.343513	2.13494	2.02358	-7.29346	
1.31825	-7.12585	8.06342	-1.0108	-0.259778	1.56026	0.431471	-3.14545	5.38145	-1.83554	0.36444	-2.24168	3.29823	-1.59379	0.671252	0.392714	0.321755	-5.93621	-7.22566	13.9078	
-0.773078	-0.609245	1.12534	-0.179131	-0.183648	0.754275	2.1249	0.891082	-0.630006	1.79495	2.41244	-0.749832	-0.563384	-0.645905	0.750993	1.11679	0.533006	-1.62068	-1.58769	0.394103	
0.759513	-8.36449	12.4868	-0.219856	-2.2422	4.67955	0.114076	-4.87828	7.44245	-2.55057	-0.713442	-2.83238	3.6274	0.694962	1.68196	1.14152	0.187467	-6.91186	-8.40687	16.5697	
-0.669317	10.6718	-13.0728	-1.99927	1.90788	-2.83858	-0.655651	4.30862	-10.7584	3.27676	0.728311	3.70076	-4.90795	2.61229	-2.38171	-0.244379	2.94315	6.86966	7.84095	-18.746	
0.324831	1.23603	-0.304931	0.906894	-0.933639	-0.429176	-1.03568	1.7972	-0.0204369	0.513183	0.403028	-0.588742	1.06242	1.31868	0.250029	0.763218	-0.126631	0.928682	0.482388	-1.06213	
-0.121256	-6.77392	7.76649	-0.300028	-0.492054	3.63021	-1.38786	-2.77213	7.37943	-1.77002	-1.61646	-0.672796	2.29753	-0.486358	3.28861	-1.13877	-1.50733	-6.43426	-6.84805	11.5319	
-0.313506	-10.1925	13.0605	-1.90239	-3.75024	3.66188	0.559857	-5.92788	9.18142	-4.22631	-0.603073	-3.92362	4.29484	-2.56318	3.57211	-0.773555	-0.210599	-8.7636	-11.133	21.7207	
-1.07575	2.31476	-2.57106	0.542203	0.605945	0.448238	0.657044	1.94798	-1.13803	2.17951	0.540853	1.19531	-1.78951	-0.429708	-0.7267	0.773401	1.46162	0.234999	2.30748	-1.83333	
0.823331	0.981877	0.47169	-0.488983	0.864769	1.20407	-1.34846	-0.545635	0.329566	-1.22298	0.498833	0.0611871	0.291838	0.238144	-2.41461	-0.00275173	-2.02747	-0.734375	-2.18639	0.321996	
-1.89388	4.08749	-4.90359	0.438926	0.988222	-3.17267	0.593587	1.80906	-1.6241	0.554708	0.885735	0.00272191	-2.74362	-0.898641	-0.448238	0.620875	0.82382	3.50417	5.52775	-7.9378	
-2.96074	8.01634	-8.6662	-1.4195	-0.415758	-3.88441	1.5048	1.16249	-13.2337	7.92619	-0.755358	6.41562	-2.22265	4.08695	1.71762	-2.4285	-2.69722	10.1857	15.309	-20.747	
-0.263215	-0.361951	1.25182	0.608066	-1.77478	0.619568	0.789102	0.78112	1.55321	0.0995915	0.180445	-1.1884	0.541126	-0.756678	-0.0940745	2.75666	0.694992	1.13734	-3.58768	1.14058	
-1.83665	16.869	-17.7753	1.88134	4.25512	-5.70407	-2.17187	7.35454	-16.7227	2.10361	2.23695	3.02901	-7.2597	-1.04229	-7.55395	-0.320218	6.74977	11.0269	19.3396	-28.9329	
0.0504589	-20.4693	24.534	-0.423656	-3.47753	5.47841	-0.0245952	-9.10158	18.7049	-5.62645	-2.00183	-6.14618	9.75299	-2.10628	5.96074	1.40359	-4.52913	-17.6018	-17.2104	36.8213	
-1.46435	1.45375	-2.57783	0.930191	-0.834174	-0.053655	-1.4118	2.04893	-1.32732	0.293526	0.0951078	-2.85488	-0.278601	0.975079	-0.19261	0.646144	-0.0189351	-1.48671	1.39521	-1.9278	
0.131075	-5.62288	5.12987	1.10428	-2.41952	1.03563	0.455762	-1.80907	3.05163	-0.490402	-1.03322	-1.8807	2.8484	-0.493913	1.98864	-1.07331	-1.1173	-1.58732	-1.47936	4.63567	
-0.772094	-0.5284	2.60826	1.06154	-0.583811	1.12173	-1.21454	-0.840631	-0.252113	0.301603	-0.733008	0.94437	1.04822	0.780785	-2.34769	0.373164	-0.788983	-1.21032	-0.976024	-0.558243	
-0.784178	10.7529	-10.9734	-0.641755	2.10923	-2.32101	-0.542415	4.66806	-9.77253	2.88422	-1.08024	3.46375	-5.2587	1.33175	-3.5848	-1.39291	-0.487161	10.5628	10.1919	-17.6684	
-1.08699	2.9982	-1.98071	1.50021	0.0139689	-1.94495	-0.768559	2.96675	-2.20528	0.617031	0.626331	0.78556	-0.325591	-1.3051	-2.27889	0.770786	0.972591	2.84486	2.81076	-4.90939	
-0.867823	-5.27426	8.59298	-1.11127	-1.17118	0.869362	1.92102	-3.35212	5.387	-2.25248	0.299022	-3.00347	4.82288	0.626007	3.31938	-1.32277	-0.734726	-5.48149	-6.09778	12.6068	
1.3305	-3.17759	-2.82831	-4.8502	-0.854943	-2.06486	-0.14264	-2.59069	-4.40684	-4.18828	2.9385	0.853181	-2.61587	-3.4482	-5.7719	4.9416	5.8254	-1.68301	0.042665	-4.46303	
-0.426277	-0.22893	0.364794	-0.398074	-0.365178	1.53502	0.208322	0.498955	0.181827	0.53909	-1.08367	0.725712	0.133332	0.268125	1.45193	0.24873	-0.204109	1.43318	-0.0305483	1.67374	
0.309356	-4.27406	-5.22867	-2.79961	2.32343	-3.63738	-0.61913	-4.3491	-4.92245	-4.17257	2.99205	0.488707	-1.11841	-5.42825	-8.96889	4.40822	5.57189	-0.0823421	0.623302	-3.57749	
0.879395	-1.57071	-1.89373	-3.25075	-0.110649	0.0777334	-1.20841	-0.298408	-2.85882	-2.82997	1.78296	-1.87487	-2.26479	-1.57519	-3.28164	2.18916	2.26971	-1.2651	-0.933867	-0.857156	
0.419122	1.00171	0.981105	1.45233	-0.484214	2.03489	-0.294078	2.20782	1.13332	1.30836	-1.36518	0.440248	0.185415	0.880032	1.35514	-0.819417	-2.35123	2.24309	0.151162	0.622781	
0.043317	0.823586	0.462044	3.68322	-2.39527	1.86813	0.296095	0.908939	3.31688	1.07998	-3.15744	-0.216638	0.0500912	3.81402	4.6774	-1.13963	-4.50649	1.94249	-0.960294	0.318969	
-1.0827	-0.757981	-3.0536	-1.51752	0.549635	-0.865833	0.101536	-1.88248	-4.142	-1.38257	0.182455	-0.657043	-0.525302	-2.76788	-3.41674	-0.142999	1.77304	-2.87501	-2.35096	-0.943509	
-0.835916	-0.83409	-0.442442	-0.471719	0.718157	0.722322	-0.631334	-1.22875	-0.224531	-1.18747	1.67959	-0.102519	-0.213656	-0.488664	-1.45221	0.152755	-0.443124	0.736512	0.361937	-0.343347	
1.14344	6.24069	4.35392	8.14942	-0.953784	7.78744	1.72138	7.15887	12.3224	6.55868	-7.80169	0.633697	4.43344	6.75373	14.5837	-10.4367	-12.9407	4.92665	-0.33842	6.44077	
-1.24094	-6.08891	-0.76586	-6.89314	-0.185716	-3.70022	-0.513988	-5.45797	-6.90663	-3.58149	4.93375	-1.24311	-1.93492	-5.79306	-8.38387	4.9929	6.07282	-4.35366	1.54166	-4.28898	
0.260895	0.952996	0.0183099	0.983255	0.122071	0.465281	-1.16146	-0.714847	0.967353	1.06569	0.299986	-0.438134	0.954073	0.923227	3.35843	-1.48993	-1.88938	0.778546	-1.51386	-0.0290697	
-2.45921	1.77827	0.321461	3.53175	-2.00287	2.09637	2.59685	1.62941	5.37385	3.72075	-1.26922	-0.19546	0.970871	3.30492	8.49263	-2.55698	-6.06835	2.88333	1.57027	1.39388	
-0.772917	4.44934	0.866645	3.74513	-2.86841	2.37821	1.41641	3.88362	5.2567	4.56878	-3.78457	-0.0317981	3.02902	2.08231	6.93346	-3.18347	-5.55871	2.38339	-0.838505	4.56892	
1.21577	0.173154	0.305201	-0.250622	-0.182251	-0.124183	0.0137715	-1.26771	-0.244509	-1.47855	-0.0462944	0.908211	1.14149	-0.392052	-1.47864	0.417011	0.247364	-0.36293	-1.08181	-0.299557	
-1.09509	2.59382	3.78368	5.10073	0.0644767	4.3012	1.91301	3.44777	5.47124	5.36709	-3.69146	0.924583	1.21436	3.87919	8.33181	-4.7263	-6.04976	3.58776	1.2571	2.17654	
0.700901	-0.858884	-0.0942081	-2.00964	-0.0618133	-0.424654	-1.79187	-1.05622	-3.79149	-2.52527	1.43519	-0.380477	-0.37157	0.307681	-4.03572	1.95817	4.40475	-2.00463	1.86055	-0.22929	
-1.53107	-2.66244	-2.22282	-4.45053	2.25553	-3.26759	-0.178093	-2.65188	-4.20769	-2.52864	3.62497	0.804851	-0.512498	-2.23693	-3.88646	3.83589	4.23923	-1.64673	-0.187856	-2.57536	
0.265697	1.82074	2.68449	1.85797	-0.0486438	1.3763	-0.359984	2.95072	6.4655	3.33353	-2.63351	0.876141	1.82221	3.25652	3.37703	-3.45213	-4.4256	2.7299	0.386839	1.79381	
0.907091	7.51183	-5.09508	5.04184	3.21618	2.2714	0.614496	8.88532	11.6661	-0.919165	0.100781	-1.52467	-3.32989	-0.150372	0.23846	0.193788	3.2154	4.25531	-6.99857	2.77786	
-0.716837	-3.63557	-3.92036	-5.66564	0.712071	-4.31173	-1.64884	-4.93133	-7.12596	-5.10859	5.88054	0.261598	-3.5277	-5.61917	-8.23757	6.75277	6.93359	-3.58016	-0.645944	-3.92681	
0.388173	-3.90014	-1.39342	-4.0307	1.60783	-2.93542	-1.6686	-2.02845	-6.105	-4.05515	2.81866	-0.363818	-1.19315	-3.62636	-7.86005	4.81966	6.77189	-3.2192	1.53432	-2.16293	
-0.569922	5.77228	4.1008	9.62896	-1.21482	6.01356	2.03622	6.43892	10.604	9.71432	-7.46041	-0.39712	4.10071	10.8865	15.6084	-6.97817	-11.844	5.49576	0.414105	5.22383	
0.519827	3.94185	2.33934	3.48059	0.71644	1.23575	0.871072	1.30748	2.66156	3.58991	-3.06821	-0.180215	0.322515	3.95346	3.15813	-4.01493	-5.91344	1.34061	-0.286972	2.99747	
-1.79563	-1.19988	-1.30602	-2.66649	-0.245233	0.496978	-0.282796	-1.23101	-2.47899	-1.88694	2.43111	-2.3953	-0.798867	-3.54843	-1.46983	0.684832	2.67804	-2.38409	1.02748	-0.864776	
-1.08896	1.81163	2.71433	5.16622	-0.94134	3.44256	1.95739	2.55326	4.49505	4.21053	-3.35522	1.60606	1.75347	3.97641	7.74566	-3.6185	-5.64147	2.90387	0.105892	3.45769	
0.489	1.24051	3.21989	3.0188	-0.696589	0.0996107	-0.00481669	4.88613	3.83644	4.24718	-1.83043	0.656309	2.86263	3.6907	6.23428	-3.68811	-4.46983	2.13489	-0.926252	4.46831	
0.412322	3.49488	1.81606	4.67274	-0.695027	2.91998	1.69233	4.76785	6.74156	2.99198	-3.49702	-0.077093	3.84247	3.1079	7.70235	-1.55216	-2.4349	3.06474	-2.72055	4.45365	
0.601778	3.12969	1.13685	5.76804	-1.40949	3.64304	4.37399	3.51259	7.0392	4.26534	-1.80841	0.086391	3.67782	3.62318	8.12933	-5.3943	-5.61832	2.36261	-0.771108	2.27791	
0.293517	6.13676	4.65108	4.78009	1.11234	2.98082	2.12023	6.29125	9.76414	6.15795	-6.58517	0.361554	1.77702	5.52527	9.04548	-7.09778	-7.78257	3.10304	1.36859	4.13811	
0.844283	1.684	1.70252	0.612255	-0.0358925	2.75587	1.98484	-1.56326	1.2408	0.153946	1.09622	0.589491	-0.545247	1.40469	0.295158	-1.64619	-0.492936	-1.93663	-1.37115	-0.0212104	
1.18028	0.763023	0.116928	0.641924	1.5721	1.60521	0.255765	0.540191	2.43464	3.38598	-0.538221	-1.13325	0.30117	-0.27732	1.97736	-0.34714	-1.56395	0.838239	1.17681	0.590545	
0.0689345	3.17422	-3.59261	2.95284	1.44143	-1.47161	-0.947172	2.97704	3.73483	-1.35986	-0.216461	-0.645434	-0.75062	-1.26205	0.840014	2.10992	1.20788	-0.156228	-3.35481	1.22402	
0.372903	-2.40788	-3.75222	-2.72559	1.23275	-1.08758	-0.864656	-1.3612	-4.38747	-3.85495	4.10399	0.647806	-0.760333	-3.90238	-6.05778	3.53351	5.06908	-2.12387	-0.825063	-2.96838	
0.0875909	2.95239	1.45404	1.39051	-0.00186376	2.7059	1.00074	2.22718	5.57571	1.60876	-3.00637	-0.0402288	-0.0575169	2.60553	4.34257	-3.85516	-3.30342	2.24701	1.42544	2.40385	
-1.01244	-3.74594	-1.84547	-1.08867	1.21635	-0.599108	-0.584982	-0.542744	-2.61401	-1.63536	0.32496	-1.49665	-0.385154	-2.73981	-3.34847	2.57649	2.71627	-0.0231278	-2.677	-1.04501	
1.74006	-5.08607	-5.60393	0.31142	0.696805	-1.89021	1.40964	-4.94808	-7.23778	-1.2926	-6.18239	-5.05289	-3.08426	-4.08192	-2.82403	-6.95022	-15.4865	-9.22297	4.01187	0.230931	
1.44584	3.22643	2.29694	6.61078	-1.80205	3.68024	2.50942	3.60061	5.06042	4.01503	-3.88459	0.743391	3.39342	4.60455	7.15062	-5.75497	-4.80784	3.38959	0.0785055	4.61911	
0.172914	-9.44226	-5.3221	-11.3049	2.20328	-7.22225	-1.95431	-8.95064	-12.3443	-10.4548	9.35959	-0.773434	-4.02805	-11.0126	-18.1209	9.52049	15.6301	-7.01675	0.813573	-7.14218	
-3.22925	-4.03989	21.5394	-2.81252	-10.7235	7.79929	3.63017	-8.996	-9.24267	15.9041	-11.8547	11.8117	13.4172	11.1565	18.0877	-15.8438	-17.0101	-0.475694	12.9625	-0.0503244	
-0.656481	-1.41813	-0.995257	-1.93963	-0.183774	-1.77609	0.115491	-0.998651	-1.54345	-1.67161	2.76253	1.02164	-1.66025	-1.92209	-3.67859	2.26352	2.55779	-0.998323	-0.813813	0.0048388	
-1.79107	-1.05786	12.4017	-3.20254	-6.49511	4.69923	2.79247	-6.89606	-5.21723	9.04246	-6.31031	7.94971	7.11235	7.94756	12.8465	-8.8057	-10.9863	0.617866	8.53281	1.42973	
0.321456	7.62672	3.67276	8.31078	-0.722632	4.2219	0.732398	6.582	9.42637	7.24205	-7.78951	0.749467	4.48425	7.90208	13.3863	-7.13275	-12.5509	5.63216	0.219466	4.79867	
0.156057	1.03099	-0.0521042	1.3186	-1.96107	2.24384	-0.792476	0.986813	2.45074	-1.34006	-1.08857	1.08965	0.300552	1.24329	1.44502	0.520215	-0.507575	-0.689705	-0.505664	-0.259349	
0.650112	0.826601	1.87385	1.13985	0.317751	0.464462	0.215476	2.39658	1.35749	-0.442303	-0.392505	-0.806328	1.17731	-0.194184	0.629912	-2.84329	-2.72906	-1.95544	-0.820773	2.29576	
-0.79941	2.25488	0.96378	5.3226	-0.00593084	1.33388	0.99561	1.74834	5.81279	2.24669	-2.29316	0.775981	-0.273935	3.77468	4.2399	-2.04447	-4.26408	0.657333	-0.320651	1.42349	
-1.16888	2.71782	0.707933	3.77621	-0.0836772	4.10764	0.823036	3.86704	3.01562	3.18095	-3.94669	-1.4975	2.32688	3.57729	6.99227	-4.43922	-6.61273	0.99047	0.430636	2.21044	
0.788256	-4.72472	0.902678	-3.22657	1.24465	-2.09579	-1.2745	-1.79388	-3.91052	-2.39469	1.54876	-0.38789	-1.56013	-3.16492	-6.29259	2.70075	3.03348	-1.51224	0.039464	-0.772355	
5.85173	0.825141	-14.3365	0.770806	7.47348	-4.28082	-2.27155	6.87228	5.81601	-12.8382	9.09423	-8.46884	-10.7821	-9.49902	-14.7959	9.25936	13.4144	-1.28926	-11.3321	0.822687	
0.193478	-0.69519	-0.165596	-1.62263	-1.00179	-0.727732	1.02005	-0.0653836	-1.69279	-1.66787	0.51466	-0.989997	-1.94858	-1.57142	-1.62577	1.83208	1.41877	-0.824135	-0.145517	-1.78829	
-1.66289	1.64674	-1.11993	-2.0899	-0.955321	-0.225628	-0.597742	0.0923992	-1.88341	-1.72534	3.02974	1.3461	-3.36235	-0.227599	-2.19086	1.9096	3.02771	-1.21328	0.0693242	-0.0825114	
0.76906	7.3437	6.09913	5.80095	-1.32648	5.34104	3.1467	6.36454	10.7098	6.52993	-7.10733	-0.496788	3.70611	9.10551	14.5451	-6.81813	-9.91539	4.58248	0.267918	4.82625	
-0.269369	7.38201	5.20296	6.24438	-1.91432	4.4725	2.23004	5.78957	10.1464	6.41218	-8.10455	-0.153655	3.44055	7.34533	12.4737	-6.67753	-9.81341	6.39355	-0.193987	4.40222	
3.6806	-6.36696	-5.57839	0.55304	3.13554	-0.525235	1.45215	-3.94272	-8.77127	2.17138	-9.50635	-6.6413	-2.95525	-4.80762	-4.48722	-8.65781	-20.8626	-14.3206	3.39741	2.02784	
-0.418673	-3.91169	-2.17488	-4.73136	0.64459	-2.7966	0.0974348	-2.45168	-5.97164	-3.05183	2.57542	-3.43085	-1.26089	-3.75576	-6.44076	3.40341	6.16743	-3.23666	-0.480779	-4.8307	
-0.727219	0.900998	1.93524	1.80824	0.390626	2.00836	1.19186	2.5925	2.55311	-0.208677	-2.45205	1.09789	-0.329904	2.11619	0.665263	0.176663	-3.0381	1.01944	0.398313	2.33183	
0.0802406	0.622102	0.446264	0.55005	0.626178	0.793398	-0.835673	0.390821	-3.59778	-0.451201	-0.634143	-0.189829	0.676216	0.963238	0.357719	0.0809745	-1.11724	0.538593	0.750045	-0.394992	
-0.890112	-3.86166	-0.699792	-3.9569	1.0161	0.381514	-1.99034	-2.28667	-4.87621	-3.50851	3.93676	-1.90701	-3.02736	-2.81419	-4.48833	4.12381	5.20208	-2.88705	0.268618	-2.641	
0.294554	-1.90486	-0.092429	-1.53675	0.801466	-2.34637	-0.518991	0.0686551	-1.45194	-0.5097	1.04217	0.90404	-2.53485	-1.06145	-2.29069	0.125353	2.17422	-1.69108	0.291998	-0.95578	
-0.27797	2.49233	1.98972	2.59825	-0.720591	1.68035	-0.0363772	3.17821	2.88211	2.71809	-4.94862	-0.652938	1.21462	2.84598	3.95707	-4.93617	-2.06332	2.76559	-0.888345	0.0269834	
1.09339	-2.3495	-1.31297	-2.6652	-0.88486	-1.67814	-0.934432	0.381412	-2.21219	-1.31517	0.874522	-1.13417	-0.977433	-1.83573	-2.03925	0.322831	0.981584	-1.01293	0.524782	-1.74953	
-0.837296	1.71834	1.14583	1.729	-1.72804	1.04424	1.39641	0.0943817	2.38107	0.666783	-0.804102	-0.0158278	-0.423346	1.85808	2.67829	-1.42482	-2.05048	0.623731	-0.571054	1.13122	
1.74804	-10.0316	-8.7646	-6.86924	4.17259	-6.53955	-0.192144	-10.7392	-16.9091	-7.52744	-2.46312	-7.58727	-5.57502	-10.6689	-17.5134	1.8901	-5.9863	-15.0064	4.03002	-2.8699	
1.81314	6.42902	-3.46618	1.75438	3.14484	-0.924986	-2.36928	6.55843	7.36065	-7.43161	11.5143	-1.60206	-3.68426	-2.76422	-5.77799	11.0461	20.1267	7.65026	-9.39888	-0.661597	
0.154611	-0.179719	-2.13744	-0.253518	0.891334	-1.4336	0.194381	0.351306	-1.24339	-0.909031	1.58201	1.22223	-1.54021	-1.28758	-3.94592	1.58862	0.126508	-0.0594278	-0.513366	0.287114	
0.389685	-2.34026	-1.53408	-1.19639	0.74872	-2.04701	1.59724	1.09161	-1.03552	-1.39147	1.45422	-0.0384421	-3.14023	-0.578136	-1.92034	1.20346	1.18026	-0.587037	-1.53594	-1.93258	
0.000486929	-1.46044	-3.0173	-2.15473	1.37365	-1.31246	-1.06043	-2.34717	-3.61979	-2.4665	3.10389	0.703853	-1.04043	-1.65087	-4.49609	3.12576	3.91523	-0.428282	-0.649578	-2.23883	
-2.99916	0.675969	-2.00335	-1.1571	0.918966	0.409685	-0.871907	-1.13469	-0.137618	-0.108972	0.291664	1.78451	-2.06455	-0.830025	-1.48332	3.21779	1.01354	-1.20695	-1.32421	1.33888	
-0.405921	5.50475	7.40916	5.79556	-0.87897	5.08228	1.01007	4.72084	8.74257	5.47466	-6.60135	0.141356	0.149284	7.08062	14.1897	-8.63719	-10.5762	4.53592	0.505901	4.03381	
-0.190592	1.95619	1.03323	-0.100033	-0.0476561	0.199292	0.553459	1.42494	1.87149	1.36209	-0.401713	0.561048	-1.04202	1.89019	0.496994	0.747539	1.58493	0.999088	0.534429	-1.08345	
1.63512	6.52512	4.028	6.2372	-1.30859	4.9794	2.03631	5.25334	10.7169	7.10541	-6.32985	1.07732	3.55367	7.1196	13.1266	-7.99021	-10.8192	4.73641	-0.633333	5.47887	
-0.0797907	-4.13386	-1.69361	-7.05032	2.16618	-3.00738	-2.09659	-5.31745	-7.52474	-6.39234	5.4737	2.13458	-3.94741	-5.56416	-10.3387	5.15015	9.30241	-3.04501	-0.969749	-5.18597	
-0.785516	6.84025	3.42582	6.28209	-0.231892	5.33576	1.19602	6.3726	11.4939	8.06842	-5.60563	1.79866	2.92773	8.91928	14.0928	-6.42155	-9.84679	5.52154	-2.30547	5.87512	
-0.769743	-2.0318	-1.70711	-4.43168	-0.589111	-2.66043	-0.599417	-2.80362	-4.32064	-4.47991	3.69716	-1.76809	-1.95437	-4.52726	-4.44635	3.33897	2.76742	-1.57718	0.0794137	-2.57914	
-0.249203	2.35046	4.12693	3.08895	-0.684894	2.34643	0.979712	2.56126	5.04018	2.52816	-1.89319	0.367308	1.89215	4.70583	6.20743	-4.00243	-5.95228	1.97501	-2.50615	4.01021	
-1.2194	-0.538098	0.427124	-0.716091	0.416545	-1.64351	-1.57373	0.458908	-0.725775	-0.317286	0.142481	-0.737306	-1.70842	-1.66115	-1.77949	3.42308	2.8082	-1.19842	0.0724316	-0.621423	
-0.0151638	-1.60571	1.19832	-0.728176	1.18836	-0.676019	-0.238743	-3.6667	-1.6358	-0.752297	2.16681	1.18093	-1.54832	-1.90692	-0.722867	1.54706	2.06444	-0.37564	1.80125	-2.04341	
-1.16122	1.42495	1.32014	1.38327	-1.33965	2.02733	-0.0133	1.94438	1.31329	3.17134	-2.6752	0.251338	-0.698013	0.363293	3.04341	-2.98432	-1.5156	0.694005	-0.955232	2.66598	
-0.516104	5.90907	3.63184	6.81838	-0.360039	4.66916	1.54556	3.04291	6.12296	6.33902	-4.593	1.75514	3.2734	4.74899	10.6581	-6.29819	-8.91923	3.06507	0.178837	5.78087	
0.580556	1.22079	0.196142	1.36345	1.36904	-0.206511	1.01256	0.303425	2.3243	0.185176	-0.0353318	1.06346	0.52698	1.08118	3.48222	-0.100022	0.550833	0.235099	-0.015477	-0.0482145	
-0.887112	0.616142	-0.972575	-0.594612	-0.643739	0.855709	0.402621	-0.993201	0.572623	-0.0934126	0.938845	-1.14752	-1.88239	-1.84522	-0.0719024	-0.0964927	-0.99956	-0.597087	1.12149	-3.0821	
1.30792	3.53228	2.40537	4.38075	-0.151133	3.51977	0.286971	4.32181	4.72059	3.66158	-5.12453	-0.906382	1.12237	2.80623	7.54525	-5.24624	-7.99985	2.53276	-1.46367	3.08422	
0.832842	-6.12006	-3.41506	-5.43518	-0.289259	-3.72761	-0.742166	-2.80658	-7.37662	-7.24067	6.88181	-2.2712	-2.47656	-6.52759	-10.7874	7.20697	8.58088	-4.88248	-0.426184	-5.71584	
-0.98223	3.58236	-0.12822	1.34424	-0.252801	2.13013	-0.337891	-0.156527	2.46093	2.49548	-4.07554	-1.86083	0.0195697	2.87474	4.44985	-1.94649	-3.2478	1.44757	-0.820099	0.403794	
1.57513	3.68937	1.41448	4.91323	0.233347	2.27157	1.45939	3.9833	6.61312	4.10702	-4.69696	1.25046	2.56113	5.41134	7.32948	-4.78061	-7.19864	4.24746	-0.914942	3.4829	
-0.120263	2.17499	3.47458	-0.944466	-0.563195	0.653977	-1.32851	2.62027	4.51529	-0.60271	5.79078	2.98957	2.72722	3.85604	3.18373	5.36497	11.6172	6.06187	-2.74231	-1.68295	
1.90214	-6.91402	-5.45152	-3.44799	2.79425	-4.68742	3.42954	-7.02948	-9.12139	-3.22989	-5.36736	-3.06126	-4.16477	-7.65742	-10.3927	-2.14093	-9.48465	-11.7017	4.04438	-0.421132	
0.575983	-3.3429	-1.49543	-3.29703	0.419411	-1.35994	-1.02551	-2.98135	-4.43581	-1.84702	2.6313	-0.368235	-1.21747	-4.92935	-6.25971	4.48874	6.15127	-4.02293	0.00908113	-4.08665	
-0.117187	-4.01897	-2.39241	-5.64973	0.45133	-4.00345	0.67949	-4.922	-7.71651	-3.44817	4.5309	-1.65431	-0.368331	-3.55223	-9.008	5.38083	9.57237	-4.88533	-1.47524	-2.84179	
-0.505168	4.29474	3.28246	2.94339	-0.555114	2.28444	0.495323	4.22038	4.78592	5.42945	-4.28426	-0.31468	0.845872	6.50459	7.65345	-2.84156	-7.25107	2.9844	-1.29281	5.28433	
0.658648	2.93637	0.454902	1.94905	-1.49248	0.923671	0.412019	2.2095	2.79524	3.9898	-2.01704	0.85324	1.61008	2.884	6.41379	-3.36158	-5.19716	1.09002	-0.784014	3.63387	
1.24753	-1.46355	-2.96336	-2.513	-0.349967	-0.452819	-0.262022	-3.49526	-4.21629	-2.79453	2.78448	0.348806	-3.07247	-2.6282	-6.24995	4.07153	3.79725	-1.54633	0.927785	-2.72355	
-0.826085	-3.05968	-2.15874	-3.84864	0.400705	-2.87124	-0.469215	-3.06952	-4.82262	-3.52998	2.24638	1.38885	-1.3514	-1.43405	-6.46822	5.18363	4.94418	-2.88411	-1.4361	-0.754569	
0.588993	2.28822	0.15907	3.25348	-2.31999	1.8511	2.62629	3.43117	4.16553	2.4333	-2.13302	0.131151	1.53151	4.33527	7.33877	-2.64149	-5.4636	0.507775	1.05906	4.00635	
-1.27269	7.73878	3.47745	8.40422	0.28436	4.63828	2.69319	6.4289	10.1257	4.66699	-6.33456	-0.403231	3.20733	6.34819	12.8764	-8.3177	-12.3876	6.73429	1.0667	4.66814	
0.726676	-2.96221	-2.42213	-3.3088	1.05931	-1.47151	-1.62036	-3.97137	-4.50697	-5.47054	6.66987	-1.78589	-2.21172	-4.00794	-8.29969	6.79675	6.7887	-4.12307	0.874937	-4.11811	
-0.507222	-0.616346	-0.248374	-0.537408	-0.419618	-0.289549	0.5822	-0.0441207	-1.64211	-1.78641	0.296177	0.571229	-0.025349	-1.79462	-2.61184	-0.481015	0.778976	-1.83027	0.123095	-1.98784	
-1.54756	4.28588	3.79894	2.35848	-1.36816	0.164149	-0.00773527	4.2425	5.98637	1.39711	1.93929	3.1694	2.11039	6.23777	5.98545	1.07754	3.82044	8.18943	-2.99492	1.27279	
-1.15329	-3.3918	-4.20866	-4.80413	1.80731	-3.0285	-0.437706	-3.29758	-6.58068	-3.87537	5.04659	-0.267524	-2.15282	-5.67822	-7.5284	3.32018	7.37176	-0.583762	-1.6098	-3.91019	
-0.281387	-3.26194	-1.51856	-1.47799	-2.64827	-1.24813	-0.717897	-2.46873	-4.11802	-3.35741	2.94928	-0.254152	-1.74536	-4.09007	-6.63018	4.33202	3.34709	-4.43682	0.0548512	-1.47021	
0.717447	-4.17435	-2.12312	-1.8656	0.618472	-2.74121	-0.79734	-2.37772	-5.60776	-3.15342	2.54811	-0.803251	-1.17323	-2.26543	-5.1509	0.982407	4.05052	-3.0652	-0.807891	-0.974465	
-3.96559	6.39605	1.42125	2.03122	-1.36654	6.08993	-6.76923	0.238887	-1.14852	-8.35162	1.5422	2.66947	3.44608	0.415069	-5.30857	6.26215	6.22017	3.91766	0.534567	1.47274	
1.69704	-3.05382	-1.71874	-0.814984	0.583312	-5.79777	5.89566	-1.5541	0.922502	6.15919	-0.908964	-1.05091	-0.792976	-0.888211	1.86234	-5.24884	-4.26671	-1.80985	-1.44726	-1.09094	
-10.1719	10.8123	1.51095	-2.02334	-2.2681	13.4738	-13.6543	2.25612	-0.793765	-14.0713	5.45424	5.6139	3.34664	1.37917	-7.45352	9.25554	8.31291	7.07853	0.653562	4.16057	
-4.64808	5.45758	1.84174	-0.283811	-1.54046	4.31799	-4.54996	-0.338801	-0.0626537	-5.08916	1.17523	1.5076	0.736341	-1.27643	-4.51045	3.94641	3.66955	1.46637	1.53302	1.39794	
-5.51444	5.18423	0.74059	-1.73502	-2.73864	5.78008	-7.8929	0.945263	-1.64152	-6.88147	3.18979	2.45154	1.25737	0.945683	-3.37589	3.62085	1.66476	3.72944	0.77588	1.31753	
0.178738	-2.29006	-0.0742359	-0.0872217	1.22881	-3.48933	3.53921	-0.581365	-0.170878	2.5189	-0.927474	-0.381092	0.735279	1.17003	1.87453	-2.53548	-2.22194	-1.23807	-1.42878	-1.90727	
1.48219	-4.63627	-0.888606	2.15202	1.13024	-2.50548	3.80932	-1.90982	-1.71077	2.42908	-2.96472	-2.0583	-2.60954	-2.40046	0.622923	-4.84764	-5.25478	-4.18606	0.131715	0.296289	
-2.02671	-2.44429	0.313403	-0.249767	-0.343225	-1.05688	0.0416549	-0.643333	0.190983	-0.00385164	-1.14331	-0.0232685	-2.3344	-1.38242	-0.837004	-0.519439	-0.418291	0.224338	-0.119735	-0.389433	
6.73335	-9.15236	-1.70098	-0.438588	2.48033	-10.8752	11.2992	-1.06866	1.95344	12.5813	-5.00853	-5.09305	-4.01359	0.743732	4.99897	-8.01986	-7.6448	-5.98008	-0.915388	-6.97126	
-3.00569	3.23391	1.04347	-0.102361	-1.04854	3.64576	-3.74042	0.152451	0.846605	-3.78811	1.7089	1.0394	1.33897	-0.974686	-3.37661	3.33599	2.91659	2.17055	1.18108	1.50087	
-5.17476	5.96637	-0.600562	1.67545	-1.72928	5.36138	-4.3509	-0.321088	-0.626103	-6.61079	1.29657	2.41601	2.47381	1.3886	-2.66545	4.55015	3.85672	2.06932	-2.33132	0.0113071	
-2.75413	2.46921	-0.469835	0.387778	-0.353368	3.66917	-6.18471	2.20517	0.354506	-6.91109	3.0362	2.29609	1.35706	-0.904495	-1.65809	3.61062	5.01877	3.32092	0.781133	2.87539	
-3.30294	3.77196	1.07881	1.71054	-1.65659	3.72373	-5.34632	-1.1057	-0.190578	-4.67566	2.36647	1.08577	1.92491	1.36455	-2.42016	2.70408	2.07094	3.17408	0.780116	1.80496	
2.81199	-3.45365	-0.916322	0.655299	-0.28835	-3.00492	3.77299	-1.22405	0.733464	5.18653	-2.57516	-0.396704	-2.08094	0.297696	2.56432	-3.12569	-3.29036	-2.32103	-1.15906	-2.7071	
-11.4239	12.7034	0.508218	-1.13484	-2.62665	13.7741	-15.025	2.09006	-1.32202	-14.2044	6.20152	8.54785	3.03531	3.04746	-8.41589	11.8681	8.89262	9.1856	1.95887	7.07938	
2.4104	-2.03577	-0.200449	0.464248	1.47956	-3.66193	4.34435	-1.41065	1.68877	2.00053	-0.33706	-1.98948	-0.803511	-1.47295	1.36556	-2.19995	-0.352815	-0.426697	1.20041	-1.76738	
2.93697	-6.15553	1.70323	-0.358145	0.964419	-5.41035	4.95952	-0.898316	1.45874	6.44775	-3.19634	-2.95946	-2.77967	-0.912631	4.78234	-3.21672	-3.15491	-3.41386	0.45388	-3.06175	
2.81022	-2.24972	-0.922681	-0.432565	0.580036	-3.66753	2.29918	-1.2898	0.800114	2.44758	-2.922	-1.62841	-0.462042	-1.50974	-0.00777199	-2.58806	-3.27984	-1.53123	-1.24409	-1.25035	
5.1458	-5.819	0.567163	1.89282	1.21367	-5.59481	5.27644	-1.94067	0.792303	7.3209	-2.44234	-1.774	-1.31149	-1.21907	4.29772	-5.02417	-4.38124	-1.46432	-1.35494	-4.85773	
2.89317	-4.77189	0.0380828	-0.039024	1.79073	-5.60011	5.91489	-0.747747	-0.0308297	5.56582	-0.926744	-2.26227	-1.62155	-1.40902	3.02223	-4.86882	-3.41469	-3.18298	0.731674	-3.02946	
0.228912	-1.58803	0.0980861	-0.986531	-0.500856	-1.50411	0.990701	-0.0720999	0.405424	2.54849	-1.29694	-0.263904	-0.494624	-1.66892	1.21615	-0.620151	-0.580218	1.22572	0.103536	-1.47774	
4.67748	-5.91323	-2.40046	-0.504269	2.61744	-11.8331	10.066	-0.0360103	0.31902	10.4542	-5.67002	-1.88013	-1.56342	-0.2105	4.46572	-8.00241	-5.51306	-3.52414	-1.51437	-3.22406	
-0.611956	1.51321	0.821218	0.547195	-1.77963	2.78148	-3.27737	2.34198	-0.998288	-2.15039	3.31123	-0.131709	-0.845926	1.33152	-2.86674	1.72455	1.70856	2.16918	0.0654068	0.709545	
10.6989	-14.553	0.122425	-0.986926	2.73166	-14.5598	15.0539	-1.96211	1.27549	14.9683	-7.44666	-5.81356	-4.20237	-0.438758	7.94388	-10.9663	-9.8186	-7.7694	-3.61526	-8.58153	
5.31846	-7.82619	-1.24742	-0.379084	0.414803	-7.43559	9.21765	-2.12097	0.229278	11.1108	-4.95141	-5.02117	-3.67444	-0.718814	2.7816	-6.12358	-4.5603	-4.87382	-0.802829	-3.16468	
3.47166	-5.12825	-0.138621	0.0965794	1.16696	-6.20562	5.2593	-1.81995	1.74062	3.62946	-1.49102	-3.09857	-1.26801	0.0180105	2.83054	-3.58326	-1.53476	-3.34208	0.179623	-0.148951	
-3.68126	3.85925	-0.631976	-0.29815	-1.56472	4.86611	-5.82278	-0.00187736	0.738686	-6.63228	3.606	2.54764	-0.691809	0.955613	-0.563255	4.37214	3.48673	4.19221	-0.535626	1.83207	
4.25515	-6.90645	0.397144	1.26163	0.76081	-4.53438	7.2226	-3.29275	1.12619	6.54906	-2.86314	-3.73448	-0.184475	1.4886	3.7938	-4.86242	-5.58599	-3.27673	-2.31945	-2.09061	
-5.24688	8.04589	1.04199	0.793707	-1.29842	7.27996	-8.08409	1.60379	-1.11144	-8.36192	3.7011	4.53769	0.119528	1.4486	-2.28803	7.09508	4.92508	3.74391	4.01898	2.0462	
-2.05569	0.211108	-0.239566	-1.34232	-1.5618	2.02351	-2.56412	-0.452739	-1.04705	-2.40963	-0.287441	-0.549888	1.84161	0.248048	-2.03804	3.21406	-0.720827	0.563044	-0.999028	0.78949	
-0.848306	2.74624	1.65212	-0.706757	-1.62014	4.14076	-3.23566	-0.450669	0.649511	-0.754397	0.30246	2.96104	1.2173	0.961527	-1.73357	3.11684	1.15897	1.69401	-0.384837	2.55024	
5.06249	-7.64827	-1.175	0.000374623	0.534939	-7.86518	9.09637	-2.2647	1.77492	9.30524	-3.72928	-3.81003	-2.58917	-0.0916373	3.49162	-6.12705	-6.55581	-6.7297	-1.9938	-3.3959	
-9.78194	12.5553	1.41019	0.0291116	-3.42977	16.745	-15.4795	2.78856	-3.53987	-16.4483	5.32492	8.21642	3.74851	0.385413	-7.82299	12.4165	8.53139	9.98864	2.88864	9.43898	
-1.2564	4.99444	-0.070042	-1.15075	0.568395	6.0667	-5.49786	1.37372	-0.964737	-5.40536	-0.140447	2.30602	1.94102	0.206247	-2.4579	4.22075	3.57094	4.05403	1.27092	1.63946	
5.02057	-4.78151	1.95947	0.122238	1.85918	-5.74355	5.66607	-1.41702	0.751746	5.78351	-3.68782	0.0470087	-0.735719	-1.51526	4.83416	-3.06044	-4.17974	-1.8206	-1.502	-1.12291	
1.79925	-2.75765	0.0802141	1.75507	0.230681	-0.570268	2.13882	0.780419	-1.60347	1.94966	0.57849	-2.2404	-0.570329	0.208408	0.0975194	-2.78879	-3.48767	-1.48073	-0.574279	-1.01869	
6.03568	-9.00997	-2.16618	-0.180985	0.32784	-9.11515	10.3873	-2.58115	1.68517	9.03855	-4.65127	-4.08516	-1.71844	-0.991349	3.85201	-6.32007	-6.85651	-5.9983	-0.976865	-5.23327	
7.12587	-9.31832	-0.204074	-0.680949	2.16829	-9.23905	9.01175	-1.97385	0.859999	9.08002	-4.94082	-3.65866	0.0664617	-1.63777	4.37179	-8.90944	-8.14209	-5.37873	-0.67459	-6.33098	
1.32365	-1.75782	0.0454504	0.903366	0.258438	-3.44438	3.71087	-1.8749	-0.0523683	5.9676	-1.20617	-1.22895	-0.904866	-1.01486	-0.491442	-1.79674	-0.397784	-1.18765	-0.352204	-1.16994	
10.8893	-13.0799	-1.1687	0.953378	2.21199	-16.5553	16.4088	-2.66652	1.88064	17.9095	-7.33505	-6.58453	-4.03107	-0.442356	9.66831	-13.3847	-11.4782	-10.5433	-3.93401	-7.12218	
4.40846	-4.86224	-0.994675	-0.0855787	0.880523	-6.53936	6.16441	-0.209571	1.14869	8.49699	-2.3269	-3.03691	-0.590045	-0.393553	4.193	-6.55689	-5.25879	-4.84685	-0.121726	-2.93184	
0.13938	1.67855	-1.04183	0.81142	0.821167	-0.17591	-0.223197	1.25745	-0.139459	-0.806478	-0.0152801	-1.63184	0.0894973	0.0917475	1.06769	0.575971	0.403274	-1.28626	-0.0452228	1.29716	
7.21446	-6.42785	1.34435	-0.38218	0.567462	-7.81076	9.29211	-1.82843	1.50201	7.86419	-3.23911	-3.77418	-1.03047	-0.379065	3.44812	-6.70135	-5.07814	-3.08305	-1.18159	-3.31831	
-8.7993	11.622	0.289936	-1.01108	-3.12074	13.0521	-10.5313	1.68169	-0.397512	-11.5151	5.69661	4.48141	1.9867	1.26037	-6.1455	9.705	5.44191	6.99615	1.75466	5.25933	
0.136622	2.02536	0.424676	0.443588	-0.724936	-0.728171	0.391278	-0.157472	-1.13266	1.39026	-0.0961061	0.362432	-0.759358	0.304229	-0.574	-0.147202	-0.704022	1.76874	-0.384717	1.21901	
-10.1683	9.52471	0.764288	2.32282	-1.95322	10.8133	-13.8645	1.98634	-1.35163	-10.6424	5.33294	4.84771	3.37837	1.92954	-7.06303	10.2405	8.69544	8.44973	1.77291	5.52938	
-1.77682	3.28607	-0.630397	-0.509878	-0.180983	3.73336	-4.36567	-0.981927	-1.33557	-4.27912	2.18393	0.357983	-0.70444	1.50056	-2.00276	3.75828	1.5959	0.572094	1.71929	-0.0315542	
5.56767	-5.16255	-0.766921	1.19779	2.68976	-7.54745	6.50596	-0.69565	2.92263	7.9143	-2.23237	-3.40766	-2.8154	-1.56377	3.14326	-5.90994	-4.27175	-6.42565	-0.821809	-3.1274	
4.01105	-4.24314	-2.30169	-0.598636	-0.717539	-6.61864	6.53768	0.522719	-0.83181	5.80265	-2.79707	-2.59939	-1.5337	-1.84905	1.12745	-3.19884	-3.78618	-3.20704	-1.50004	-1.94374	
-5.09403	8.16141	-0.476374	-0.889381	-2.1511	8.82972	-6.5888	0.792918	-1.09894	-8.16038	3.05327	5.72049	1.68263	1.22287	-4.49499	6.08368	5.1486	4.59277	2.57276	3.19971	
-0.94318	1.10599	-0.896008	0.910499	-0.834623	1.6061	-0.695501	-0.4056	-1.84221	-2.67753	1.40262	0.532998	-1.04924	0.419546	0.542303	1.52446	-0.72586	1.65826	0.374343	0.758969	
-1.10072	5.57276	1.97287	-2.04653	1.63463	4.1445	-4.8497	1.97229	-0.754993	-4.60544	1.91811	3.7889	0.158879	2.26059	-2.15037	5.08137	5.0678	2.50123	0.823424	-0.291179	
2.99377	-3.79164	-0.709396	2.63728	1.76459	-4.88771	3.7756	-0.533273	0.674287	2.60087	-1.1569	-0.175731	-2.41118	-0.415952	2.76574	-2.79686	-1.23832	-0.961066	-0.362047	-1.48403	
-5.45431	6.14402	-1.26759	-0.62677	-2.23219	6.02618	-7.97496	0.30897	-0.466224	-5.79917	3.67465	1.32745	0.265105	-0.133957	-2.17307	3.9758	3.75835	2.44546	1.12026	1.3555	
5.68704	-8.74465	-1.55304	-0.252755	1.78101	-11.4773	12.0041	-0.256781	0.0669376	11.124	-5.7873	-4.64018	-2.33026	-1.42523	6.30397	-8.42783	-8.30807	-7.63522	-1.54375	-4.87488	
1.87972	-0.499717	0.970934	-0.805902	-0.491402	-1.28744	-0.0876007	0.511053	-0.349795	-1.20448	-0.150286	2.30668	-0.254444	1.82872	1.96692	0.966197	1.78123	0.374121	-0.0234476	-1.22225	
-1.8846	-0.393261	-0.270101	0.247377	-1.48952	-2.55192	-1.00715	0.0966366	0.166507	1.97104	-1.72424	1.42118	-0.0945156	0.432659	0.226786	1.37162	1.67381	0.0869772	-0.203831	1.12197	
1.34981	-1.59197	-3.31422	1.58201	0.438973	0.113248	-1.64499	-4.12492	-4.58898	-1.71309	-3.33204	-3.40383	-0.797803	-2.75632	-4.26209	-2.00227	-9.4519	-6.74405	3.05948	2.08791	
1.46949	-2.65817	0.790528	0.136214	2.56866	-4.04124	4.15796	-1.87429	0.738158	3.34982	0.0222445	-1.00574	-0.114901	0.284271	1.2821	-2.44566	-0.694446	-0.685932	0.689873	-2.41794	
-5.55392	7.03988	0.891028	-0.62982	-0.0685539	7.96384	-10.2378	2.33891	-0.993599	-8.13835	4.63757	3.99755	2.0847	1.13391	-3.62839	7.11913	5.46091	4.49555	0.199657	4.98741	
0.360339	-1.48218	0.961634	-0.00407963	1.4975	-0.818911	0.0132079	-1.03599	-0.567629	2.87575	1.34392	1.24268	0.812937	-1.58402	0.855735	-1.39873	-1.93073	-0.925586	-0.0668734	1.77123	
3.00212	-1.84559	-0.998264	-0.00599404	-2.88654	-2.18255	2.74407	-0.288574	0.980719	2.4047	-2.65898	-2.19684	-2.41179	0.211877	0.113184	-0.391496	-1.94056	-1.56993	-1.40826	-1.07784	
-5.12354	8.39091	0.0557678	-1.32375	-2.47242	8.02464	-10.541	-0.281003	1.18844	-10.5845	2.92588	4.14149	3.83939	3.59576	-5.01471	8.45486	7.9653	5.70913	3.22981	4.8752	
8.81521	-10.0781	-1.03325	-0.404829	2.42991	-9.4508	12.6244	-4.3696	0.26184	10.0008	-3.96873	-4.52136	-3.59828	-0.29194	5.0513	-9.5919	-7.48788	-5.17167	-1.82118	-6.09549	
3.39354	-1.8467	-1.39541	1.22245	-0.0100914	-2.80154	3.91923	-1.19444	-1.01387	4.6185	-1.81939	-1.58777	-0.620219	-0.33632	0.741934	-2.18051	-1.98805	-3.81506	-0.488316	-1.05138	
2.15214	-3.17218	-2.05858	-0.185724	1.00577	-5.29083	2.48132	0.275167	0.162165	3.94097	-1.94585	-4.47583	-1.9843	-0.474145	4.36657	-3.76201	-1.91807	-3.30341	-1.00764	-0.925159	
5.07019	-8.52967	-1.35228	0.134	0.805518	-9.004	9.22941	-0.647918	0.149939	8.45532	-3.44304	-5.08977	-1.17779	-2.87422	4.80708	-7.72587	-7.46642	-5.05429	-2.33698	-4.31571	
9.56015	-14.5563	-1.37221	3.45622	2.37241	-16.0285	17.7017	-1.21402	3.01063	18.0558	-7.204	-7.59889	-5.2837	-3.2867	9.13423	-14.2211	-11.0579	-7.00139	-3.47897	-7.31399	
4.71112	-5.39417	-1.09753	-1.33299	2.68142	-4.73775	6.92747	-1.3919	0.51387	5.80689	-0.658402	-2.67786	-1.62272	1.06652	3.77629	-3.7884	-5.57663	-2.28135	0.258106	-0.855781	
4.95293	-7.11148	-1.82195	1.89396	0.196	-7.28433	7.91741	-1.77009	1.25295	8.4063	-3.68767	-2.5927	-1.65823	-2.15547	5.17639	-6.12946	-5.1359	-4.73631	-0.882732	-4.0221	
1.56674	-1.87374	-0.340505	-0.262116	-0.520814	-2.39137	1.52271	-0.404294	0.203721	2.27517	-0.673259	-1.17519	-0.764441	1.54567	0.176446	-0.00353886	-2.0595	-0.950829	1.4729	-1.8953	
5.66345	-5.21886	0.252975	0.765344	2.12694	-6.82102	8.60956	-1.05709	-0.0378028	6.76389	-2.28606	-2.10415	-1.82607	0.704484	3.97634	-5.35199	-4.18043	-3.53807	-3.02173	-2.3413	
-0.878144	-2.51108	-5.02187	-0.123485	0.506899	0.857283	-3.03877	-3.86042	-6.43422	-0.816724	-5.52922	-4.5046	-0.956043	-3.20258	-5.33346	-4.94666	-8.04688	-9.20923	5.25442	2.29553	
-4.25815	7.9349	0.511393	0.337369	-2.03349	10.4189	-8.787	0.729293	-2.26509	-9.02195	4.20626	4.54771	2.2691	-1.23965	-5.24033	5.59539	4.5486	3.20936	2.59716	4.70782	
9.41584	-11.891	-1.02472	-1.05794	3.41879	-14.9681	14.2598	-3.3553	1.57392	14.5874	-5.86661	-8.02689	-1.14882	-2.44058	7.59119	-9.96698	-8.51657	-7.51426	-4.16932	-6.37365	
-5.91379	10.4087	1.07166	-1.06298	-2.65011	9.55924	-10.3579	2.57032	-0.662241	-9.73693	4.59428	4.48645	3.3451	0.976029	-3.80271	8.09569	6.65256	5.18769	0.355431	4.77704	
2.95884	-6.55337	-0.488117	-0.0621182	1.31381	-5.48854	6.10184	-0.6794	0.47233	5.402	-1.52186	-3.83234	-0.446588	1.22573	2.39429	-4.64806	-4.42105	-2.73515	-1.43381	-1.97832	
-0.156032	2.36177	1.20226	0.146189	1.86605	0.70969	0.237983	0.0430561	-1.98853	-1.9072	-0.00122835	0.207198	0.136399	-0.74797	-0.752488	1.09319	0.127881	-0.133498	1.22214	-1.04729	
2.21054	-3.89608	-2.86442	0.464058	1.23118	-4.2368	2.59527	-3.25447	-2.91916	1.28672	-3.83719	-3.77608	-0.372952	-3.8916	-1.39331	-3.86286	-9.42721	-5.72995	2.07558	-0.948715	
0.808228	1.37732	0.430134	0.221967	0.755286	-0.297292	1.41785	1.91816	1.33593	1.01876	-0.0227411	1.29364	2.83832	0.887874	1.89744	-1.31332	1.39774	0.0955079	1.67002	-1.02662	
-8.11069	10.2642	2.73507	-0.0920549	-2.50714	8.50629	-10.999	0.857989	0.00592148	-11.0164	5.99183	4.93881	-0.0967019	2.57234	-5.54225	9.94356	9.34891	3.59519	2.2791	5.12097	
-1.26509	-0.485068	-0.262767	1.36939	1.79737	-1.86936	0.148729	-1.74573	0.0332469	-2.3814	-1.56122	0.778119	-0.57504	0.794429	-0.576118	-0.417699	-0.333312	-0.296546	1.05347	-1.73771	
-9.15117	12.3827	2.03236	0.701345	-2.20308	14.6319	-13.8286	0.893441	-3.52659	-15.5249	7.57639	7.41711	3.77128	-0.0124289	-8.75048	10.9886	12.0305	7.42916	3.90796	7.0299	
7.67197	-7.47929	0.12894	0.0675456	2.09578	-9.64589	10.5095	-1.83482	1.30195	8.60394	-4.65575	-4.52492	-1.88475	-0.314301	5.02281	-7.68763	-6.75541	-6.78454	-2.61783	-4.67378	
-2.34619	2.15356	-0.308113	0.0521926	0.557809	1.45898	-2.84044	-0.920093	1.45996	-1.85916	0.840751	1.28257	2.62494	0.722844	0.779491	2.05906	-0.455848	0.944076	1.90012	0.17974	
-1.83462	0.269045	1.46431	-0.100576	1.47477	2.30034	-0.843162	1.02983	-2.33412	-2.87894	-0.174891	2.49405	0.456206	1.22894	-1.62447	0.501368	1.85267	1.51809	1.37788	3.31231	
-6.06459	10.1931	3.45999	-0.0935018	-1.38045	10.1174	-12.5181	2.48761	-0.765793	-11.3283	6.08585	5.00203	2.96772	0.373399	-5.86937	9.80981	6.86436	6.67897	2.0447	4.38081	
3.9651	-4.76118	-1.20098	-0.305478	0.0648351	-5.43764	5.0172	-0.6121	1.41373	5.81583	-1.49989	-2.95446	-0.697864	0.98236	2.90391	-2.25513	-3.75096	-4.97731	-1.87505	-3.34017	
1.41815	-2.3489	-0.700821	0.112745	-0.193588	-2.25078	2.43821	-1.77425	2.01082	2.07645	0.102776	-0.704202	-1.12644	-0.695661	-0.84835	-0.628008	-1.1463	-0.308505	-0.635448	-0.630769	
-0.514823	1.00004	-1.42276	-0.246582	-1.05781	1.57468	0.295887	-0.209267	-0.389175	-0.669323	0.970246	0.19594	0.394936	-0.271408	0.818528	-0.296252	0.748557	1.35615	-0.542369	1.81999	
4.27586	-3.43727	0.0066827	0.860894	1.85008	-5.65398	4.65254	-0.306455	-0.0718931	5.21981	-2.08469	-1.06032	-0.571365	0.275421	3.50941	-3.33232	-3.40628	-2.82173	-0.305174	-3.59139	
0.73419	-5.14705	-2.7435	-1.12626	2.74004	-2.57367	0.326427	-3.8499	-4.19694	-0.188066	-4.94052	-3.81069	-1.63048	-4.82723	-3.4787	-3.72917	-10.5959	-4.92402	2.62041	0.068861	
-7.85858	9.53294	1.82505	0.827955	-1.97799	10.3146	-12.7217	3.14408	-3.14003	-13.5166	5.27153	5.26894	2.26609	2.47019	-6.5734	9.65653	6.27858	7.34089	1.95404	5.37387	
-0.289476	2.42718	1.91346	1.36153	-0.58853	0.1882	-1.10072	1.86474	-1.17914	-2.2796	2.04151	0.615615	-0.0191983	0.159212	-0.967074	1.26106	0.0177197	0.383147	-0.673603	0.233214	
-1.22273	-0.0518108	0.598224	0.0804148	-0.339857	-0.268872	-1.82106	1.05087	2.01249	-2.46139	0.235991	-0.286304	0.0421907	0.637107	-0.960012	0.592327	-0.604833	1.6732	0.571366	0.272811	
3.6379	-6.26603	-1.54748	0.0400388	-0.268152	-3.92356	2.88457	-0.481123	-0.00737354	5.96666	-1.33159	-2.93541	-1.09658	-1.23549	4.29721	-5.57145	-5.2651	-3.94175	-0.49782	-1.81736	
4.42247	-1.75959	-1.66602	1.6862	1.14194	-4.46629	1.43869	1.3552	0.870386	3.48493	-1.77876	-2.73061	0.521946	0.0900485	0.876504	-3.51881	-2.21461	-1.66755	-2.16305	-2.22327	
-2.84701	3.26295	0.610952	1.16166	-0.470845	3.50922	-3.75699	0.592258	0.470981	-4.92545	1.61189	2.87442	2.74909	-1.22815	-1.46735	3.11084	2.30068	2.14087	0.772374	0.97941	
-0.040136	-1.90929	-0.856469	2.21318	-0.588573	-3.64003	2.7522	0.122055	1.13778	0.918927	-0.576651	-2.01353	-2.15207	-0.442534	2.48209	-1.56051	-1.48126	-2.01067	-0.309999	-0.266855	
-6.51675	7.56845	1.45201	-0.559231	-0.409754	8.14034	-7.13683	0.968586	-0.328367	-7.47617	4.30199	4.96261	0.90727	0.813157	-3.49291	6.39011	5.35518	4.90344	1.44815	5.85585	
