-0.283156	-0.12293	0.398878	0.888141	0.847122	-1.09936	0.57526	0.162771	0.723345	-0.0254966	0.284211	2.84186	-1.06713	0.839837	0.971017	-0.434581	-1.50563	1.02882	-1.97785	0.770454	
-1.52658	1.64024	0.0311145	-1.27355	-1.66379	0.323722	-0.570336	-1.01742	-2.00888	-1.0477	-0.665522	0.176316	0.302638	-0.40438	0.277614	0.813588	1.00755	-1.42032	1.36271	-0.0492541	
-0.833283	-1.84984	0.852126	-2.64065	6.80511	-0.536845	-1.13435	2.41145	4.49832	-0.466617	-1.88266	3.9144	3.09784	1.1558	2.92435	-5.51707	2.37733	5.09299	-0.0664255	2.97198	
0.991788	3.72169	1.45923	4.18555	-7.14447	-0.327201	2.14674	-3.73373	-6.81658	0.468743	0.326188	-5.26248	-2.79299	-0.87666	-1.34279	7.04582	-0.616237	-5.59298	0.687868	-0.933332	
0.57481	6.84963	-2.03943	8.31057	-14.559	-1.13691	2.83621	-8.16607	-14.7345	3.44413	0.633625	-10.5857	-7.94774	-3.04139	-4.86601	13.2388	-0.934845	-11.7511	1.06226	-4.8068	
0.666103	1.5878	-1.32888	1.53816	-0.138885	-0.589289	0.819693	-2.4605	-1.22094	0.473903	0.673882	-1.32828	-0.987837	-0.906738	-0.929757	0.513497	0.842244	-0.434139	-1.65591	-1.76189	
-0.830487	-4.89482	-0.460534	-2.7084	6.18034	1.40229	-0.824866	4.40714	5.83801	-1.48127	-0.0322153	6.16992	3.89635	-0.793014	1.34215	-6.33892	-0.408768	5.61502	-0.681275	0.768089	
-0.635885	-8.09654	-1.20813	-8.3146	16.4764	2.51782	-5.47961	11.0645	14.2962	-5.84892	-0.611289	12.4527	6.51899	3.10311	4.49103	-15.2545	0.0870635	14.5035	-1.22091	5.32475	
2.23313	8.57443	-0.895422	8.46599	-15.7676	-0.0244082	2.87594	-7.23879	-12.3894	2.57789	-0.627046	-9.37363	-6.11953	-2.91575	-3.09936	13.7562	-0.623719	-13.0328	1.3035	-3.7597	
-2.1904	-8.49923	-1.10592	-6.70721	15.4288	2.86068	-5.81146	7.61834	14.7005	-3.97852	-2.04284	10.2464	8.79184	2.92649	4.95386	-14.354	-1.08644	11.3146	-1.58136	4.30357	
0.132802	3.17993	-0.767528	3.2746	-4.93003	0.214506	1.63892	-4.15989	-4.35259	2.1725	1.29216	-4.17794	-3.34689	-1.21141	-1.18454	5.47023	1.17963	-7.10465	0.632372	-0.427276	
-1.33505	-4.34484	-0.895789	-2.81457	7.16779	-0.165618	-5.18431	3.57464	7.08664	-2.9299	-0.0887852	4.61995	4.40958	0.606673	1.88703	-6.3235	-0.575744	6.00928	-1.01875	0.773628	
0.169296	-9.56561	5.64267	-11.5414	9.10179	7.65578	-0.884884	0.92948	8.37569	-6.76486	2.92421	13.9301	6.15029	3.78958	0.855975	-8.24911	-9.76199	1.98715	2.61336	-7.73086	
-0.148076	-3.33824	-0.141705	-5.7124	10.0204	1.27241	-3.07704	4.73764	8.35824	-1.70373	0.027017	8.50786	3.28137	1.78183	4.06604	-7.94413	-0.883255	9.04838	-2.14902	1.75105	
-0.297122	-5.78562	1.03965	-4.94089	8.99546	0.568403	-3.1554	3.75083	9.46825	-2.06052	-0.634463	6.50307	3.85837	1.45123	2.80424	-8.52215	-0.421123	8.23853	-2.10285	2.10851	
-1.42005	-7.53255	-0.283958	-5.63761	12.8377	0.527787	-2.95061	5.77572	10.1091	-2.43887	1.40103	8.39034	6.82111	1.81273	3.37466	-8.8299	0.861711	8.87309	-2.52749	2.12523	
-1.97242	-9.63383	-0.626075	-7.79536	15.9007	0.40421	-4.80174	8.32033	14.6627	-6.24959	-0.161656	8.68807	8.34051	2.07191	5.95618	-15.8344	-0.29628	12.1195	-1.78106	3.2005	
-1.03676	-0.0429452	-0.819588	-1.26341	1.83596	-0.256535	-2.80294	-0.0138059	2.25766	-0.801326	-0.924969	1.93256	0.223063	-0.0192609	0.0295652	-4.34508	1.70505	2.51617	-0.309952	2.21308	
-0.473383	-0.995535	-0.236952	1.1642	-0.278174	0.362085	0.0149978	0.828263	-1.1666	0.562453	0.0435315	0.424242	-0.715057	-0.0610123	-0.364254	0.613958	0.153452	-0.741484	-0.618644	0.746715	
0.43439	2.45543	-0.573678	1.69959	-7.60705	-0.424194	2.63551	-4.97091	-5.17198	0.143032	-0.010191	-6.50579	-1.34473	-1.13311	-2.41788	6.13166	1.27929	-4.89034	-2.11204	-2.27569	
2.81762	11.6661	-0.395115	8.42534	-22.4912	-3.20545	8.08917	-12.5714	-19.4226	4.92859	2.14277	-15.7642	-7.93192	-4.67936	-7.35617	19.5727	-0.0747425	-17.034	3.95853	-6.11433	
-1.54803	0.852163	0.401736	-1.73979	-0.470621	-0.114305	-0.154367	0.834644	0.1414	0.817099	0.776051	-1.82743	1.79155	0.46835	0.931586	0.55954	0.460425	-1.49015	-0.642108	0.594813	
-1.08957	-2.85923	1.59757	-2.89236	1.43992	0.695775	-2.24892	0.550885	3.23261	-0.96778	-0.457338	2.72254	1.20597	-2.06121	-0.475324	-2.21547	-0.725865	2.09794	-0.137701	0.771218	
-3.02014	-10.9161	-1.34216	-9.20283	18.7267	1.68311	-6.67005	11.2034	17.3784	-5.04202	-0.0981277	13.0233	10.0654	5.73012	6.10523	-19.2561	1.40771	16.5144	-3.40685	2.62406	
0.662871	0.685101	-0.716006	3.45753	-1.01648	0.719007	-0.134944	-0.970035	-3.93645	1.57225	1.16946	-0.203516	-0.0810192	-0.150979	-2.75462	3.10851	-0.995599	-1.74404	-0.614288	-1.18225	
-2.06686	-7.23577	0.236798	-7.48149	13.89	0.194533	-3.90927	8.83492	14.1642	-4.1489	0.884479	11.9121	8.37598	3.44861	4.93456	-14.1916	-0.499791	12.232	-2.3015	4.39517	
2.57189	-0.364683	0.157897	0.467871	0.757613	-0.284086	2.29694	-0.30068	-1.63206	-1.82525	-1.71104	0.23659	-1.1119	0.251671	-1.46251	3.96324	-1.61487	-1.04749	0.983644	-1.81531	
0.592658	5.03601	0.643038	4.95453	-11.8829	-0.189475	2.76905	-5.28425	-8.45172	2.60283	0.07506	-9.14499	-5.48772	-3.14664	-3.21298	9.47408	-1.08425	-10.5728	3.01603	-3.27691	
0.905155	7.07429	1.56191	4.76853	-11.4507	-1.32455	3.25461	-6.73401	-12.3956	3.75908	1.75824	-10.0183	-5.77496	-1.17771	-3.28632	10.6934	-1.70421	-8.21213	1.17565	-4.14638	
0.845085	-1.15365	1.49917	-2.44547	3.08884	-0.768214	-0.380544	2.89275	3.50949	-0.195062	-1.40668	2.89219	1.04717	0.711827	1.61733	-3.79526	-1.38183	2.53705	-1.51676	0.0882779	
1.76131	5.93528	-4.70929	7.66874	-8.37629	-5.72027	1.57629	-1.02677	-5.00389	5.62985	-0.364041	-9.67681	-6.73905	-2.42923	-0.723087	8.01757	8.11927	-1.65432	-0.397554	4.1599	
0.0930035	2.91333	0.25663	2.8046	-6.57515	-2.22445	2.82509	-3.61676	-3.54103	0.0605023	1.70513	-4.31686	-1.32315	-0.449256	-1.57508	6.73651	0.260941	-6.73787	1.0266	-0.125573	
-1.57442	-3.39003	-0.303197	-1.05986	7.1702	0.950669	-0.62558	0.820569	5.75537	0.46165	-2.44928	1.90682	3.05023	0.290648	0.805319	-4.83076	0.136255	5.28272	-0.893169	1.30932	
0.67484	-0.194577	0.25092	0.248347	0.471048	-0.0612878	0.0647826	-0.258188	0.334915	1.37028	-0.626135	0.857247	-0.17596	-0.176055	2.11802	-0.587592	0.333887	1.44781	-1.58621	0.0383777	
0.384431	1.21615	0.0978816	1.15694	-2.00315	-1.62633	0.506704	-2.07326	-1.06913	-0.0225285	-0.76729	-0.592329	-1.69709	-0.121645	-0.51663	3.34342	1.61191	-2.83243	-0.227806	-0.251495	
-2.34581	-10.9156	0.269606	-7.71706	18.332	-1.02765	-4.67127	11.7365	19.0956	-5.94086	0.592749	14.7565	10.0754	4.17156	4.99964	-16.6097	-0.92912	16.7426	-2.08236	5.36872	
0.0804363	7.02054	-6.02432	8.37814	-4.83355	-10.2097	1.77887	3.46598	1.00398	4.57083	-3.28305	-9.668	-5.53378	-3.73514	2.39381	2.05872	13.9372	5.10108	-3.23254	11.0958	
-0.140924	-0.35328	-1.7368	-1.18023	2.77555	1.72503	-1.12749	0.759367	3.48646	-0.0355229	-0.72648	1.36302	0.577996	0.872089	-0.28319	-2.61492	-0.889846	0.0489078	-0.91941	0.228688	
-1.39789	1.56991	-2.21575	2.44066	-4.5101	1.41585	-0.00288151	-2.97883	-5.59161	1.0501	-0.201391	-2.26249	-1.49284	-1.259	-2.76125	2.81134	0.611596	-2.63348	-0.967579	-1.04771	
-0.247971	-1.28256	-0.693951	-0.804934	0.828195	-1.06081	0.351418	0.295069	0.288874	-0.847425	-0.109614	-1.08201	1.34961	2.1524	1.18991	-1.22639	-2.05016	4.42813	-1.967	0.901067	
-1.37946	-2.94407	3.43937	-6.47525	2.11831	6.73178	-1.24502	-3.85648	-0.404206	-3.90892	2.41711	4.70588	4.15913	4.3342	-2.13589	0.626487	-8.66494	-6.44699	1.94977	-5.52081	
-0.866768	-5.20813	2.35358	-5.59861	9.94601	3.48797	-1.13466	2.7638	6.92747	-1.49364	1.24032	6.94874	5.41359	3.75416	1.57249	-8.14159	-2.84985	2.11335	-1.32504	-3.0751	
1.12686	4.60182	0.418866	-0.569397	-5.76497	-0.0805074	1.3769	-1.2004	-2.63729	0.587991	-0.990317	-2.74409	-1.99153	-2.06108	-1.97933	6.02924	-0.861672	-2.04496	2.21306	-2.57787	
-1.16217	-8.04731	-0.239685	-3.88911	9.68162	0.7201	-1.80836	4.80268	8.58964	-2.43927	0.0705821	5.5525	4.71067	1.1073	4.56493	-7.75848	0.213489	7.6182	-0.691413	1.43052	
2.1126	1.83732	-0.127758	1.18277	-2.54726	-0.68247	1.6795	-1.77028	-3.16094	0.616069	0.669625	-0.682264	-1.20243	-0.0100274	-0.988673	2.44825	0.771438	-0.646362	-0.994625	-1.37166	
-2.11401	-8.07475	0.263384	-5.76556	11.838	-1.67255	-3.23699	8.66514	11.7924	-1.90241	0.463791	8.72886	5.20271	0.968087	4.43413	-11.0284	1.62845	8.8233	-1.91956	1.04877	
-0.578066	-3.16221	0.376016	-2.00777	4.60217	0.349211	-1.16931	3.73279	3.82857	-0.226001	1.44589	2.86981	2.79767	0.69642	1.97945	-4.85771	0.898775	5.86292	-2.63561	0.959174	
-0.194006	-0.0508566	1.11595	-0.222715	1.03651	0.603769	1.41252	0.236213	1.08333	-1.79565	-2.86401	-0.295696	-0.338659	0.931832	-0.70587	-0.733431	1.50704	2.87554	0.813369	-0.450587	
-0.236426	-5.08215	1.84618	-4.30996	8.93153	0.256775	-3.50694	6.68788	11.3364	-2.97282	1.37839	8.04547	5.0241	0.270534	2.07599	-7.83748	-0.836151	7.21737	-4.20617	3.97716	
-0.598196	2.99986	-0.85775	3.11809	-5.36752	0.878683	2.93351	-3.45398	-5.79035	-0.696619	0.130056	-1.95336	-3.16153	-2.11366	-2.35896	6.88092	-0.629294	-4.34553	0.834982	-1.98019	
-0.776846	-1.52263	0.197124	-1.90702	3.81291	1.4344	-2.43193	2.47329	4.20907	-0.217955	-1.78555	2.35112	2.0495	1.26043	1.65316	-5.08912	2.84403	4.79245	-0.393463	-0.837779	
-3.11066	-9.15207	0.574658	-7.07618	16.1202	1.27469	-3.47201	7.5988	16.1996	-4.87239	-1.53435	13.0128	8.42549	2.58175	4.09326	-13.5742	-1.16769	14.0482	-4.04342	5.72876	
0.258039	3.99244	0.716869	2.53317	-4.75677	-1.56947	0.671403	-2.26903	-4.80917	2.04294	-2.68747	-4.83019	-2.89873	0.741651	-2.6036	3.32119	-0.572099	-6.01471	1.09613	-3.04995	
-0.9214	1.84219	0.0905583	1.40286	-3.32305	1.69775	1.80824	-4.62971	-2.76754	2.55229	-0.521704	-1.60513	-1.49519	-0.970121	-1.12519	2.10294	-0.317447	-3.23725	1.75407	-1.59353	
0.0155233	-0.0709998	2.15864	0.641945	-3.77283	-2.80244	1.14149	-2.1592	-3.71028	2.35691	-0.405516	-3.84723	-1.37979	0.493101	-0.928824	1.86785	-0.263344	-3.98791	0.515601	-1.68178	
0.231685	-2.71416	0.996273	-2.20462	6.27687	0.121115	0.601987	3.53541	7.19556	-0.0716256	-0.206419	5.41579	3.58519	0.760605	3.30846	-7.82794	-0.147468	6.03523	-2.05368	1.74838	
1.27542	10.491	-3.59571	11.9546	-16.8684	-7.35334	3.65549	-4.52018	-9.89245	8.58456	-3.60028	-14.4617	-8.23711	-4.87572	-2.37204	14.3786	6.53056	-5.27849	-1.6254	5.63733	
-1.97525	-2.57089	-0.410089	-3.13185	3.56768	0.0500589	-0.726979	1.35264	3.01109	-0.36571	1.75891	1.32961	2.05351	-1.3288	0.547567	-0.759823	1.72713	3.99648	0.453953	0.611247	
0.238942	4.95992	0.0629086	3.83324	-11.4614	0.768787	2.23235	-4.76563	-11.7797	3.06196	-0.557351	-8.32641	-5.53446	-2.17285	-4.98212	9.51912	0.213532	-10.388	2.00837	-1.63939	
0.213214	0.420365	-0.949209	0.645714	-1.70629	1.07339	-0.752825	0.221902	-2.45104	2.41793	0.380706	-1.48617	-1.92972	-1.11601	-2.35038	0.101319	-0.574018	-1.48713	0.0923518	0.751857	
0.998461	6.80823	0.492863	5.44219	-13.8683	-0.397068	5.13642	-7.37048	-11.1158	3.28738	0.615968	-7.29589	-5.21383	-1.50056	-3.60886	9.81687	-1.5898	-10.3793	2.1114	-2.23578	
-0.806934	-3.21546	-0.509504	-5.72946	7.38965	0.324618	-3.12547	4.25777	10.7599	-3.18568	1.12438	6.55797	4.18423	1.09531	2.15643	-6.38056	0.0686212	7.43357	0.342614	3.23649	
1.20557	3.03221	1.47831	2.0399	-5.1908	-2.43916	1.36891	-2.99203	-1.44331	0.777184	0.160009	-2.53324	-2.90354	-2.0511	-0.614562	6.57616	-1.13579	-2.88836	2.36585	-2.67952	
0.13619	1.92821	-0.769631	0.44416	-2.78292	1.41139	0.762258	-2.04152	-2.0589	1.45096	0.827276	0.0407526	-1.82261	1.04625	0.180099	2.23901	0.673447	-3.15712	0.0994702	-0.908916	
0.0816365	-2.04865	1.07043	-0.744984	2.96883	1.35918	-1.29941	2.75492	0.960017	0.922329	-2.17208	1.2588	0.821579	0.0520174	1.28635	-3.35889	0.101319	3.43112	-0.53318	1.08861	
0.274846	-3.88417	-0.459871	-4.59986	7.53052	2.35472	-1.51316	4.92787	7.01754	-0.582516	0.543636	4.69811	3.71478	0.443581	2.09295	-7.78157	-1.52399	5.54285	-0.505623	4.45364	
-1.64865	4.57241	-0.590724	2.81853	-7.45894	-2.81047	1.90462	-3.38266	-4.60527	0.236033	-0.0326901	-4.03785	-1.79898	-1.02429	-3.18186	5.67788	0.769129	-6.19107	1.40063	-2.79683	
-1.30262	-3.30806	0.0108149	-2.82332	7.69184	1.72848	-0.849701	3.15909	5.80827	-2.01019	-0.726264	5.71465	2.69338	0.465351	0.303203	-6.66829	-0.363818	5.35618	-1.47893	2.26452	
-1.07256	-2.83976	-1.41102	-0.498013	0.897931	0.21543	-1.3398	3.35283	2.44631	-1.44722	0.502543	0.820594	1.70485	-0.0075003	-0.00345124	-1.673	-2.03619	1.68294	0.461576	-0.69946	
0.54767	2.03267	0.783004	-0.0364524	-0.74717	-0.489901	0.909987	-0.330662	-0.272979	-0.603224	1.06634	-1.90668	-1.5925	0.627096	-1.87478	0.758019	-0.25293	-0.269213	-0.920926	-0.160954	
1.15374	1.32997	1.43879	1.39867	-4.70779	-2.61157	0.633339	-3.98677	-1.46734	0.893847	-0.356187	-1.20092	-1.00256	-1.53	-0.157686	5.01098	-1.17326	-3.99604	2.00243	-1.36567	
1.2175	4.19306	-1.79758	3.88253	-8.22762	-2.20493	2.49802	-4.46545	-8.82268	0.226066	0.194655	-3.1995	-2.70819	-0.934255	-3.30442	6.76363	0.468509	-6.25174	1.40996	-1.13491	
1.393	-1.69569	-1.05768	-0.584633	3.90173	3.17493	-1.25676	2.97301	5.91188	-1.94295	-0.14268	4.20213	1.24293	-0.148213	0.615476	-3.68541	-1.07195	2.28399	-0.00915963	0.472138	
-2.8526	-6.33944	-0.886535	-5.44841	14.3805	0.350985	-4.38817	7.83148	13.0698	-1.08502	0.894781	8.3834	5.02844	2.45652	4.14526	-12.1061	1.05996	10.2511	-1.88342	3.60183	
-0.614015	-1.89452	-2.28653	0.90807	-0.943601	0.776617	-0.237693	-0.833384	0.0894879	1.08415	0.768938	1.42517	1.18688	1.67318	-2.04217	-0.579468	1.29919	-0.927499	-0.985975	1.36731	
-0.236818	2.1211	-0.266871	0.493438	-3.03983	1.28576	0.782147	-1.00282	-1.10989	0.347	0.972618	-1.22006	-0.633425	-1.93972	-1.14138	0.703871	1.15946	-2.3402	-0.257233	-2.25892	
-2.35059	-6.64914	-1.10349	-3.85203	11.2008	1.90485	-4.16483	6.01244	11.0009	-1.32449	-1.45423	7.26035	5.93439	3.77444	3.42834	-9.64868	-0.501356	8.15737	-2.84113	4.91802	
-1.48225	-6.48986	-1.92454	-6.11736	11.921	0.786075	-4.80976	6.69465	12.6748	-1.91537	-0.560982	8.77903	5.83474	2.5189	5.19993	-12.0062	0.333245	10.314	-2.05674	2.18065	
-1.29327	-2.70468	0.847276	-3.63522	4.00234	4.64586	-0.492161	2.46022	3.55695	-1.86697	0.339623	6.56801	1.78219	0.478429	-0.242917	-4.53323	-1.91625	1.66363	-0.327145	-2.70281	
-1.29753	-0.605926	-1.87809	-2.84971	5.308	0.761805	-0.46854	1.54495	5.46145	-0.850274	-0.519077	2.63443	1.94717	0.0987698	0.952487	-5.58244	0.475742	5.72642	-1.69051	1.67013	
-0.348632	0.973983	4.18898	-1.98336	-4.82956	2.61102	3.04993	-6.71805	-7.48013	-1.18028	1.40779	0.838525	-1.79487	0.432742	-3.11074	4.96315	-7.07358	-9.15066	1.04298	-8.36252	
-1.30032	-5.52806	0.21919	-3.51895	8.69839	-1.43236	-3.54214	4.00166	6.44273	-2.339	-0.643993	6.41946	4.0402	1.67621	2.14368	-8.2654	-0.783269	7.6345	-2.18976	2.51777	
-0.495502	6.60748	1.33159	4.87082	-10.8954	0.103919	2.12236	-5.17289	-10.4118	4.19002	-0.350414	-6.76541	-6.39493	-2.15394	-4.88101	9.18123	0.73824	-8.55797	1.88373	-2.25176	
0.321186	6.72927	-1.64588	5.51581	-9.284	-1.44775	5.47116	-7.50318	-9.71218	3.08851	0.371993	-5.40698	-3.47859	-2.79195	-3.56105	8.97691	0.492233	-6.57685	2.0696	-1.3824	
0.192648	5.54879	-0.685163	4.34187	-7.9031	0.997589	3.86308	-5.74597	-7.4576	1.68918	0.43266	-5.60169	-3.88841	-1.07467	-1.75258	8.091	-0.818063	-7.8852	2.08766	-2.21544	
1.92734	5.83739	1.78375	5.61942	-11.9308	-1.43298	2.49226	-5.87971	-11.1521	1.08931	0.228367	-8.35013	-3.8587	-1.65057	-3.11527	10.9315	0.286966	-9.20046	0.377598	-2.37562	
-1.13454	0.17633	0.00868669	-2.09263	3.16814	0.78942	-1.61104	1.78384	2.08662	0.364089	-1.70234	-0.289433	1.52599	0.926056	1.08675	-1.56984	-0.0896053	0.580112	-1.64766	0.655683	
-1.36023	-4.57462	-1.8187	-3.80616	5.31742	-0.316615	-2.66944	4.69663	4.18782	-0.245922	0.133221	4.47765	2.43375	0.663849	1.27644	-5.78132	0.786856	5.57757	-0.0790713	0.733245	
1.40832	6.18561	0.879428	5.73321	-13.4756	-1.29089	2.95113	-8.36197	-11.0771	2.01124	-1.35635	-10.4871	-4.71766	-2.73567	-3.44773	9.7401	-0.676689	-10.491	3.45678	-3.13475	
0.146595	-1.48488	-0.142721	-0.604039	3.57168	1.90689	-0.642526	0.750643	4.35972	-1.11318	-1.05109	3.11275	2.13436	-1.75089	2.86581	-3.40278	-0.983522	2.78149	-0.766181	-0.386857	
-0.479667	1.34744	-0.540584	0.55246	-3.81678	-0.671631	1.13168	-1.29736	-2.32864	1.94916	-0.12139	0.0302684	-3.78107	-1.13157	-0.418222	3.75863	-0.581182	-4.05444	0.555165	-2.21313	
0.126337	4.21425	-0.300758	3.53944	-4.10195	0.063454	2.30748	-4.66887	-7.06025	1.60777	-0.287018	-3.68523	-2.46769	-1.22326	-1.38103	5.55188	0.184863	-5.08091	1.92914	-1.97982	
2.38551	2.6138	-1.4243	1.5248	-2.67788	-0.0627589	2.16353	-0.978553	-2.86128	1.13279	-0.903332	-0.929975	-2.5312	-0.0850651	0.567018	0.270293	1.19291	-2.76599	-0.0855204	2.62327	
-0.136921	-3.88837	-0.376647	-2.04348	5.16155	0.865913	-0.970005	2.64405	4.46655	-2.22554	-0.697033	5.44464	1.51432	0.601002	1.62474	-5.05551	-1.24265	5.32856	-1.0993	1.94112	
-1.1143	-8.61582	-0.219679	-5.07764	13.7756	0.159046	-3.24907	7.54303	12.2643	-3.43575	1.1265	8.68134	4.27337	4.95427	3.29926	-10.1282	0.509687	9.77449	-2.01653	2.23043	
0.135668	-1.63163	0.680092	-4.45493	3.42682	-0.480994	-2.09649	0.342637	3.90711	0.210426	1.2067	0.34499	1.2648	-0.982848	2.74804	-4.84252	-1.20823	4.52143	-1.66716	0.346573	
0.556258	2.27605	0.842251	-0.216767	-4.61187	-1.61962	0.847873	-1.35721	-3.06112	0.476202	-0.679946	-2.03658	-1.92185	-0.200262	-1.6205	1.63189	-0.469114	-3.22461	0.3006	-1.09669	
-0.522574	0.132417	0.956162	-1.90412	0.468599	0.333682	-0.973777	0.385117	0.625164	0.53912	0.0506471	-0.168265	1.30563	0.0761963	-0.293489	0.659272	-2.01692	-0.213065	0.59696	-0.642931	
0.713044	2.98863	-0.949124	3.09584	-6.49394	0.920541	2.90219	-3.90863	-5.96907	3.30799	-0.328004	-5.69041	-1.95092	-1.24436	-2.9272	5.77105	-1.09186	-6.2732	0.616804	-1.45023	
3.15838	7.28098	0.547551	8.03912	-13.2558	-0.98204	5.03152	-9.13793	-12.1087	3.32054	-0.452811	-8.76654	-7.41433	-0.457118	-6.13118	11.4616	-0.229319	-13.1971	3.17114	-1.98656	
-0.944044	2.3506	-18.1485	-11.9254	-0.318464	-4.59956	-10.4393	12.8925	-14.693	-6.04354	-1.79103	-3.76516	5.28314	6.3975	-0.645228	-8.06851	-0.850918	-8.43228	-9.4132	0.417187	
-2.38917	-0.0789987	-3.93574	1.00834	-1.67964	0.176369	2.02581	1.11321	0.216131	-2.59997	-0.421853	1.34211	-3.11698	-0.526164	-2.61398	-1.40161	2.79942	-1.82388	-7.52784	-0.23795	
-0.183882	-0.365808	4.09126	1.1429	-2.09562	1.96976	-3.775	0.138023	0.46745	2.47819	0.202113	-0.10561	3.5106	3.64181	2.22758	0.139961	-0.434031	3.13768	5.63917	-0.821691	
0.655845	-1.26197	-1.05964	1.05795	0.0804489	0.0893282	0.326814	1.28107	0.708769	-0.348634	-0.322295	0.80116	-0.553965	-0.479359	-0.0216367	-1.05046	1.34446	-0.0870144	-2.67225	-0.568651	
-1.97888	-1.13041	-2.03612	-2.81352	2.4074	-0.84455	3.1385	2.17997	-0.818058	-3.66495	0.178832	3.4306	-4.05532	-2.30398	-4.2422	-0.279583	-1.46074	-5.62032	-10.0997	-0.871239	
-0.467041	0.431871	0.271008	-0.518908	-0.389682	0.533499	-0.31831	-0.543495	2.98225	2.98702	0.298805	-2.22218	2.73643	0.754161	0.0356297	0.709752	0.450564	2.11068	3.6692	-0.615298	
1.89916	0.697395	-0.694027	1.30875	1.34287	2.0437	0.613079	-2.15436	1.00339	0.118914	0.282485	0.57774	1.39935	-0.182361	-2.13593	0.862003	0.781675	1.42761	0.276036	-0.100845	
2.37418	-0.367138	3.2399	0.165991	-0.328728	-0.359932	-3.06469	0.520469	0.853856	2.31341	-2.07663	-2.09161	0.999142	1.19112	2.44005	0.378032	-1.05219	1.53775	3.85087	-0.322444	
0.11913	0.255374	-1.0062	-0.795849	-1.36443	-0.70807	-2.36532	-1.24086	0.517137	2.85865	0.949856	0.00114209	-1.23472	-0.0778432	1.7582	-0.322967	0.210516	0.707183	3.79856	-1.07483	
-0.326854	1.47754	-0.576365	-0.415056	0.0679706	-0.832909	-0.169308	-0.3784	-1.14717	1.84036	0.838502	0.349728	0.0359416	-0.385545	0.319156	-0.578278	0.872426	0.00678936	0.824452	-1.82231	
1.21175	0.146725	2.25239	0.806942	0.36764	-0.403464	-0.904901	-1.72987	-0.814263	2.12222	1.56704	-1.6357	1.94949	-0.35425	2.70272	-0.434	-0.322932	1.21644	2.58562	1.17333	
-0.618768	1.01834	0.36679	-0.0738784	-0.912016	-0.817641	1.37192	0.37439	-0.148771	-3.40599	-1.19912	1.1671	-1.5925	-0.725075	-1.99571	-0.82229	-0.730261	-1.0427	-2.19498	-1.34395	
-1.01451	0.676688	0.0257624	-0.89828	-0.68121	1.12203	-4.30077	0.41603	0.729127	5.54849	1.47826	-0.839805	3.6383	2.10998	4.00518	0.437138	-1.34332	2.24181	6.22899	1.84044	
-1.26323	1.55434	2.20456	0.457129	-1.44229	0.12178	-0.376386	2.1502	0.319061	3.62329	1.55602	-0.719467	2.85393	-0.160133	1.04005	-1.62494	-1.56317	1.02104	2.71739	0.141201	
0.201305	-0.610756	3.39511	0.819827	-0.139162	0.44664	-3.25039	-0.331911	0.923155	3.09197	-0.402343	-1.66198	5.3227	-0.143575	3.89206	0.0514844	-1.15268	0.741934	6.93671	1.17059	
-1.26787	0.0402594	-3.74162	-0.872845	-1.01814	-1.19844	3.65248	1.38178	-0.111771	-5.39846	-1.68465	4.22358	-5.75328	-1.50191	-6.27977	-1.47935	-0.172495	-3.92354	-7.78889	-0.295336	
-0.585252	0.0230219	-4.51068	-2.3328	2.02839	-1.18944	2.75948	2.09637	-1.00144	-7.41773	-0.490004	2.36065	-3.86689	-1.10662	-8.88768	-0.85893	1.40956	-4.97061	-7.34704	0.497742	
-0.463483	0.939889	-3.23801	-0.915988	0.591045	-0.859986	3.96379	1.08904	0.385581	-2.88235	-0.606062	2.57176	-1.33206	-1.57045	-3.33267	-1.23117	0.723381	-1.50354	-6.77953	-0.873697	
1.09667	-0.0854584	1.9188	0.195157	-2.61472	0.915456	-0.765136	-0.408961	-0.759775	1.69409	1.34587	-0.998205	2.00027	0.150646	1.09472	1.15638	1.04398	2.02183	2.55428	-0.486814	
2.32489	-1.37387	2.90966	2.50867	0.0332881	-1.58023	-3.01495	-2.62777	0.0364209	3.86308	-0.247762	-1.81211	1.55081	0.108453	1.58676	0.670971	0.336839	2.66279	5.22847	-0.101046	
0.184416	-0.913456	3.75776	2.08245	-1.02157	2.06706	-1.87139	-0.503805	0.181501	2.59787	-0.277189	-3.04071	3.66543	1.55671	2.18327	2.83893	-2.38716	4.3435	7.89146	0.591024	
-7.97124	-0.989584	-4.35584	-2.82094	1.73112	-2.52745	13.1554	-4.77285	-0.589363	-8.61086	-7.11604	0.675951	-5.11587	-2.91859	-9.00427	-2.90891	-0.61586	-8.75916	-23.2217	-4.38339	
0.26864	0.146317	2.18048	1.90094	-0.888393	0.15729	-1.61977	-0.855765	-0.463411	1.85218	1.26608	-1.946	2.73499	2.46932	2.16124	-0.0740579	0.469355	0.450254	4.5453	0.569533	
1.66133	-1.63942	10.8388	4.50198	-0.355973	1.91215	13.6677	-6.16933	9.65667	-2.36053	0.567837	8.20511	-11.4087	-8.9504	-8.00136	1.31268	3.0497	1.78826	-4.04421	0.0463573	
-1.76091	-0.454542	-10.3653	-2.69082	0.817267	-5.08903	10.9495	3.54588	-3.24906	-11.526	-3.39402	6.58754	-11.9045	-4.00079	-13.6927	-3.94392	3.29369	-10.1854	-24.9595	-3.74271	
2.16655	-0.0816042	4.31968	2.37999	1.10568	0.519675	-5.42496	-1.80345	1.39594	5.33555	0.653428	-3.48295	6.19205	2.40528	7.3597	2.18529	0.137384	6.05162	11.8177	0.177275	
2.64729	0.932253	11.6395	6.34353	1.7928	2.48276	2.71648	-6.6107	8.95306	4.29142	2.76259	1.86856	-4.12532	-3.80511	0.995165	5.96275	-0.326297	4.83998	8.93192	0.413902	
1.09815	-0.557311	1.66677	-1.26652	-1.203	0.206543	-2.37004	-0.0544191	-1.39702	3.87911	-0.844317	-1.46503	1.37354	1.42939	3.89142	1.3727	-1.05121	1.69412	5.79109	-0.465218	
-2.20776	-0.611604	-0.525999	-0.260753	-0.0991197	-0.342106	0.860475	0.341623	-1.68465	-1.4649	-0.594881	1.33961	-0.620952	-0.3218	-0.285514	-0.63129	1.04737	-0.76372	-2.56916	-1.20989	
-0.709811	0.0831467	-4.92874	-3.15082	-0.751645	-1.19272	5.9552	1.42583	-1.74109	-7.95936	-2.47171	3.58407	-7.56126	-1.3893	-8.75726	-2.70682	1.59551	-6.96389	-15.9311	-0.617286	
-1.82079	1.69062	-1.94993	0.0976512	-1.0088	-0.993871	2.73928	-0.454556	-0.894524	-3.74765	-0.705381	0.803672	-4.10233	-0.917084	-2.46711	-1.13789	-0.114819	-4.16411	-4.21282	0.765261	
-1.57526	-0.949603	-4.1348	-1.25348	0.277674	-0.642748	6.15108	1.64464	-0.636506	-5.28553	-1.85107	2.86227	-6.31078	-4.68473	-7.37428	-0.319823	2.32226	-7.25608	-12.487	-0.417217	
2.5301	-0.352885	4.81208	-0.665589	1.1129	1.15572	-5.1525	-2.47845	0.465751	5.59992	3.62081	-2.66181	5.01583	0.690833	5.14601	3.40839	-2.31619	5.08408	10.7245	0.882061	
-0.0150915	1.07417	1.06217	-0.507381	-0.917192	1.17336	-1.55796	-1.59035	0.382996	1.31318	-0.286285	-0.293416	2.76925	-0.868887	1.14138	0.0467192	-1.40779	0.912637	2.27759	-1.80281	
-0.745704	0.454393	-3.61405	-2.18632	0.411781	0.180072	4.133	0.402366	-1.28476	-1.9726	-0.943095	2.19872	-1.86484	-1.011	-3.44819	-2.25857	-0.73588	-1.08494	-4.49324	0.457853	
-1.16348	0.535587	-1.44841	1.16073	-0.0962991	-1.17393	0.450062	0.368618	-2.17926	-2.55888	-0.96318	0.137481	-1.33888	0.176978	-2.64733	-0.748291	0.526338	-1.36317	-5.31845	-0.860753	
-2.27671	-0.0441803	-2.98581	-0.342372	0.129629	-1.31681	3.21343	0.200808	-0.332188	-5.32102	-1.39677	4.53193	-3.42241	-1.64469	-7.96302	-2.56462	1.16036	-4.45264	-10.5497	-2.72609	
-0.723845	0.871785	-4.18092	-0.388326	1.421	-0.859541	5.89544	1.54683	-1.00857	-4.38041	-3.03337	1.9286	-4.774	-1.36231	-4.88245	-1.99652	-1.36615	-5.82798	-9.71138	-0.544203	
0.799483	-3.32131	4.83689	1.34117	1.22134	2.64512	-3.13458	-0.483505	-0.267699	5.90194	0.915521	-2.77447	4.22412	4.87628	6.58113	2.3062	-1.53678	2.80532	10.8604	0.724124	
2.3537	-0.773727	4.60796	2.8471	0.0275283	0.391279	-3.32625	-3.21061	-0.661553	7.8635	2.00141	-3.31654	4.77083	2.1878	5.70146	1.40304	-1.02321	7.6423	11.693	1.28705	
-0.493739	2.12196	1.05211	0.196684	1.50524	0.450825	-0.384044	0.661663	0.365225	-2.21024	-0.707532	0.979344	1.82083	-0.272681	-0.599201	0.214297	-0.622385	1.03622	1.17693	1.70948	
-1.4461	0.458338	-5.34952	-1.87362	-0.141313	1.89954	5.73854	2.13163	-0.315906	-8.07217	-3.57374	1.92785	-7.15754	-4.39045	-7.80811	-1.58736	1.68775	-6.67625	-13.481	-1.56871	
1.74981	0.558472	4.76354	1.88107	-0.377103	1.61857	-3.67576	-0.457056	0.836049	4.41042	-0.146323	-2.49741	2.6437	2.75249	5.36941	1.09876	0.856911	2.05318	7.06271	1.84086	
-1.62751	0.836102	-7.75124	-1.24095	3.70229	-1.23237	7.96422	1.50866	-2.54781	-9.27966	-3.21916	2.99438	-6.99408	-3.05846	-7.8699	-3.65181	1.33922	-8.37668	-17.9986	-0.20647	
1.40079	2.38402	3.99272	2.55718	-0.623095	2.46358	-3.74486	-0.831742	2.20301	3.66464	0.174483	-0.606761	4.36168	-0.727323	4.03262	1.68521	0.46981	4.10757	9.8985	0.860273	
-0.4226	-1.10813	-1.27579	-0.763926	-0.380834	-0.165527	-1.42675	2.47242	2.09955	-0.268387	-0.968671	0.166221	-0.68761	0.859096	-1.04427	1.34017	0.497407	0.619432	1.50955	-0.857733	
0.461409	0.199075	6.337	0.997551	-0.722675	2.14827	-6.34183	-2.44312	-0.014063	7.06679	2.08961	-3.94019	6.03644	0.912874	7.68454	3.73795	-3.10718	6.2758	13.9723	3.19715	
-0.427641	0.926798	-8.13282	-2.782	-2.57297	-1.34454	-2.63917	4.49073	-5.59444	-2.70972	-2.56454	-2.14612	4.41163	2.8087	-0.153368	-2.13492	0.0119271	-5.57545	-5.46625	-1.57855	
2.82443	-2.19675	3.45005	0.0212925	-2.80207	0.857607	-3.89205	-2.86567	1.33753	3.93449	1.82347	-2.11169	4.55888	1.52038	5.63035	3.93254	-1.4383	5.27039	8.97648	2.16853	
0.396056	2.61359	0.948662	0.65046	0.0527644	0.181631	-0.702135	-0.139196	-1.61076	0.366658	-0.840135	-1.12615	1.07211	0.698032	3.2425	1.83586	-0.345593	1.15616	2.33744	-0.68197	
0.106604	0.404326	-1.79386	-2.92548	0.7455	2.15265	-0.222652	-1.12087	0.119233	1.99317	1.215	-0.635814	-0.729624	0.131668	3.36271	-1.11501	0.124571	-0.452434	-0.59482	0.789435	
1.39225	-1.44813	10.8675	5.18451	3.16243	2.20719	8.58342	-7.26117	9.00379	1.55227	3.24254	5.4153	-8.74667	-7.05593	-4.03601	2.64652	0.978583	2.5031	1.64263	-0.650275	
-0.0567475	-0.546471	1.37427	2.8837	1.11391	0.923049	-1.98982	-0.291241	0.932427	2.38983	2.5801	-1.89012	2.82252	0.505171	2.1246	2.38588	-1.87624	2.30046	3.84978	0.252882	
-0.246747	0.150308	2.27531	-0.514431	-0.953152	0.874122	-0.296458	-1.25901	0.888547	2.00348	0.32167	-0.442946	2.80982	3.12229	2.18903	1.87096	-0.293476	1.02949	4.30098	-0.362393	
1.11858	0.71335	1.46962	0.868597	-1.63783	1.33001	-2.66081	0.204416	0.257992	1.9988	-0.212973	-0.316063	1.58832	1.2057	2.45599	0.708779	-1.14434	3.12954	4.8238	2.29465	
2.93481	0.880104	7.23133	1.45156	0.430248	4.51754	-9.10532	-3.42677	2.49236	12.1932	4.18131	-5.05816	9.65994	4.23963	11.9478	3.03546	-1.25535	8.68717	20.67	1.58989	
-0.206782	0.325009	-0.432184	-0.204401	-2.18595	0.561641	-1.0705	0.501299	1.36813	0.500004	-1.70439	-0.148921	0.225048	0.124334	0.0323943	1.73433	0.803747	0.67202	-0.462281	-0.013425	
-1.91499	-1.11148	-3.73129	-0.116588	-0.892589	-1.01155	3.8511	0.762934	-2.3266	-3.53612	-2.93424	2.03979	-6.16306	-2.03389	-6.01392	-3.096	3.01495	-4.58592	-8.26267	-2.07599	
-2.05268	0.572108	1.69939	0.482887	0.0320545	-0.146085	-0.421467	-3.11866	-0.487339	-0.153844	-1.0813	-3.46199	4.93459	1.9123	4.97096	3.42124	-2.68223	1.00865	2.73705	0.36777	
2.93903	-1.26506	9.00639	1.11536	-0.972085	2.32504	-13.6369	-0.45463	-1.5087	12.3171	2.98995	-6.97601	12.3221	6.3171	15.4533	2.26316	-2.47144	7.81578	25.8579	3.00021	
0.0340587	1.11731	2.83486	-0.866556	-1.58838	1.64803	-1.54988	-1.65411	-0.187256	2.60389	2.59163	-2.21254	2.61468	1.4674	5.43936	2.32833	-1.53036	3.94067	7.43679	1.1385	
0.379411	0.819342	3.63512	0.545797	-0.450705	2.21199	-4.30447	-1.66878	1.24691	1.80797	-1.04371	-1.12846	4.01311	1.66875	4.32384	2.60641	-2.6058	2.27665	7.65783	0.994927	
0.0498717	-1.54876	1.32546	0.361847	-0.101425	-0.766086	-3.581	-0.265977	2.42075	3.73239	0.676178	-2.3121	3.38358	0.161734	6.93418	2.69808	0.943257	3.93891	8.79671	2.80081	
0.0368405	1.31123	-1.34813	0.330759	4.13547	0.589782	1.02677	1.0761	0.420249	-2.08767	-2.64092	1.28993	-0.155596	-0.574996	-2.21792	0.841146	0.817557	-1.57774	-3.31739	0.383834	
0.313517	0.979856	-2.209	-0.531256	1.43393	0.661698	0.767506	3.29318	-0.830566	-1.76046	1.88335	2.00518	-3.48174	-1.16823	-3.52291	-0.181744	0.454275	-1.34187	-3.70045	1.51925	
-2.85039	-0.254692	-4.08679	-2.10976	0.140747	-2.19867	4.58105	-0.878247	0.69119	-4.70515	-2.4451	2.37233	-5.16061	-0.612295	-8.46529	-2.25523	2.75196	-5.01063	-13.6173	-0.509021	
-11.2749	-4.09236	-1.46955	1.15887	1.4359	-0.399616	10.1914	-9.68835	0.631087	-1.38633	-6.5188	-4.52079	2.40626	-1.73692	-0.0926375	1.54056	-3.006	-2.32649	-10.4167	-2.73324	
1.09699	-0.0191419	6.81407	2.49753	0.288321	1.39082	-6.38732	-2.26694	2.65679	5.20942	1.24988	-3.48631	7.34834	1.97335	7.58076	2.95828	-1.09099	5.87504	12.8975	1.85343	
1.64477	0.61427	2.4718	0.595828	1.57017	1.90025	-4.09892	-1.26633	0.506793	3.06814	0.479458	-1.70554	1.49833	0.441638	2.51174	2.05882	-0.0692709	2.22479	6.51954	0.606184	
0.311399	0.89151	-4.24994	0.0422228	1.01069	-3.03871	5.13536	2.68226	-1.38063	-3.83652	-2.28191	2.19355	-3.46434	-0.113315	-4.1016	-0.103337	1.10052	-2.58332	-8.6144	-1.16225	
0.241803	0.811431	0.10264	0.0656556	-1.79354	-1.85987	1.79597	-0.471359	1.02475	0.0689605	1.23682	0.704028	-1.03663	-1.94374	-0.503361	-0.655314	0.920934	-0.542923	0.124118	1.00444	
1.95554	-1.5635	11.749	5.30022	-1.68808	3.44365	-0.0988159	-5.57013	6.6062	8.66102	3.52227	1.17662	0.1992	-1.58987	5.99449	5.29546	-0.960249	6.84924	13.7759	2.91951	
-0.244716	0.593171	-1.46842	-0.0267445	2.23432	-2.15097	3.05851	1.00992	-0.0970031	-2.0961	-2.30145	1.15628	-2.04053	-1.29501	-3.38549	-1.08625	0.522727	-2.95182	-3.99913	-1.82332	
-0.951411	0.703546	8.19482	6.06552	1.5239	1.24533	9.41591	-2.8519	8.73525	-2.95926	1.24158	7.47991	-9.9975	-7.95073	-8.19006	1.76101	1.14658	0.671019	-5.42464	0.769802	
-0.955918	-0.370834	-4.09312	-3.12004	1.85974	-0.299786	2.751	1.12767	0.359367	-3.76117	-0.292407	1.79584	-4.31526	-1.72301	-2.74972	-3.0869	-0.927958	-2.84001	-7.00121	-2.62098	
2.30744	-1.08402	6.34718	1.98368	-1.61121	1.63593	-8.34366	-1.56585	1.55023	9.72	1.25112	-4.88404	7.08706	2.205	9.52341	2.1904	-1.77369	9.02418	17.1006	3.07964	
1.06178	0.161521	6.33318	3.38405	1.29495	2.34879	-9.35823	-4.51619	0.30961	7.99168	1.08286	-2.28973	6.9673	3.87588	9.17927	2.50104	-2.01829	6.95659	16.5774	2.83834	
0.452407	0.853933	2.52624	0.851077	0.190955	0.883813	-2.65487	-1.64539	1.62735	4.83961	0.338686	-0.945921	1.56705	0.643188	2.59005	1.13654	-1.59843	1.03163	5.54875	1.62661	
0.0345052	-0.870781	8.82147	7.0325	1.41926	2.0551	12.1709	-6.58244	10.224	-2.92177	2.21508	9.45364	-14.0007	-9.68987	-9.43127	1.12667	2.26115	-0.0750231	-3.2706	1.44656	
-0.177039	1.02221	-2.88932	-0.476971	0.956831	0.654446	2.94346	0.735044	-2.14884	-2.29241	-1.34792	1.02013	-1.94161	-0.130872	-2.31197	-0.114402	1.14723	-1.74625	-4.9426	-0.834975	
-1.3316	-2.2457	3.3357	2.3156	-1.32289	2.00227	-3.81181	-0.927604	0.0153462	5.92247	2.46456	-4.16398	6.14862	1.59483	5.94709	2.13588	-1.55275	2.85522	7.61287	0.742635	
-0.808751	-0.138029	-4.01664	-1.12335	-0.794394	-0.851217	4.79851	1.84524	-2.76412	-7.86322	-0.788064	3.01563	-4.69159	-1.43663	-7.05909	-2.86511	0.659031	-5.18836	-10.2757	-2.18674	
-0.522714	1.59158	-5.46069	-2.17997	-0.997534	0.750891	2.45743	0.395619	-1.63717	-4.32931	-2.25506	2.78757	-1.76618	-2.20461	-5.90551	-2.98772	0.359329	-3.681	-11.2127	-3.30869	
2.09356	-0.794948	6.94613	1.73857	-0.748825	1.95991	-6.92853	-3.00111	0.539611	8.38822	2.20811	-5.79408	6.97954	4.09269	10.5147	2.68095	-0.758151	5.92048	15.5573	1.24473	
17.6677	3.79516	5.42211	-1.3792	-0.0268068	1.77856	-17.2896	10.5004	0.0686586	7.34193	8.02797	2.06258	-0.157806	1.25583	3.65773	-0.305671	5.28277	7.28646	23.2076	5.82163	
0.288423	0.868943	2.90229	-0.992068	-1.2872	0.932966	-3.54155	-2.28686	-1.64114	4.56722	-0.425346	-2.43217	5.11564	2.44622	3.98708	1.94078	0.00609138	3.29079	8.04678	0.235001	
-0.0877317	1.88029	-2.18679	1.26317	0.0340835	0.158373	1.8045	-0.37618	-0.350919	-1.15221	0.672602	0.80775	-1.36141	-1.78202	-1.99159	1.96189	0.327954	-3.23978	-2.75465	-1.4421	
-2.71037	0.985991	-9.11587	-3.16294	1.9903	-2.15523	10.0801	2.30319	-1.40548	-10.277	-3.07104	5.25201	-9.71965	-4.19018	-14.4728	-2.63693	2.53182	-9.91284	-20.8081	-2.965	
-1.50325	0.00929547	-4.17111	-2.47418	-0.581992	-0.76615	4.65263	2.15126	-0.823295	-4.99091	-0.913621	1.37619	-4.55724	0.0111777	-4.46539	-0.740364	0.673139	-2.63583	-9.2821	-0.0571663	
2.22241	-0.823991	3.54826	1.05809	0.849818	0.120731	-1.88279	-0.77635	-0.290326	2.77193	0.785759	0.576364	1.17976	2.93195	2.54551	0.0168322	-0.998325	1.37484	4.2442	0.6964	
0.679276	-0.0268834	6.00306	2.48741	-0.38644	1.38846	-7.79138	-1.83977	0.499161	7.16643	2.01848	-4.07724	7.83167	3.35766	10.4577	3.61984	-2.30496	4.70363	17.951	1.49471	
-1.96657	1.75084	-5.96521	-2.08729	-0.096802	-1.85326	4.56363	1.40517	-0.949106	-4.89483	-2.19814	3.16203	-5.521	-2.06227	-9.09272	-1.51263	2.37487	-5.31864	-12.8096	-2.56906	
1.51395	-2.11498	-0.382756	-0.552098	0.595492	-0.769843	-1.0876	-1.23063	-0.760852	0.916592	-0.803033	-0.00113271	0.470736	-0.0611898	0.442861	-0.635041	-0.501773	1.45017	1.67577	1.88729	
0.995351	0.441883	-3.09281	-1.98543	0.160849	-1.42695	0.99147	0.222362	-2.03557	-2.28215	-0.561429	1.48364	-1.55161	-1.49861	-4.57919	-1.64403	1.32077	-2.15745	-6.48914	-0.574871	
3.6441	-0.592817	7.61841	3.03307	0.31961	2.05767	-8.84144	-5.63644	1.75469	10.0059	3.98765	-4.79785	10.5489	4.82736	10.6637	3.4841	-2.38934	6.98291	20.3039	2.6325	
-15.9057	-4.39935	1.60902	4.68342	-1.5828	1.59404	8.85841	-15.3354	0.494812	2.75986	-7.16153	-9.22121	7.00613	3.14866	4.04871	6.19245	-6.64516	-1.19	-6.85954	-4.52842	
-0.946478	-1.40888	-0.996141	0.061725	0.32804	-0.166573	0.466477	2.2173	0.0300804	0.576291	-0.335959	-0.277362	-0.533461	-0.743274	-0.000382064	-0.955019	0.961864	-1.02733	-0.47906	0.641947	
0.992346	0.207935	-0.553692	1.11182	-0.783469	0.192535	0.158574	-0.324452	1.16459	-0.44214	0.253609	0.720418	1.84386	-0.926621	-0.705755	-0.399488	0.444408	-0.975284	-1.56962	-0.708554	
0.76685	-0.314282	3.25117	-0.0603985	-0.365098	-0.146983	-2.77166	-2.98633	0.904405	2.56281	1.22603	0.0941228	2.27076	2.32505	4.01081	1.87594	-0.75528	1.97778	3.04032	1.79885	
-2.12628	0.453983	-2.82615	-0.432437	-0.390039	-0.732538	3.56413	1.42443	0.384924	-4.29034	-3.49631	2.66101	-2.65879	-1.28299	-4.21658	1.05069	-0.354682	-1.18644	-6.38245	-1.14113	
-7.43943	-8.85163	-0.483559	-1.35238	-3.42479	-1.81987	-3.54338	4.88551	2.02229	4.11797	-2.5465	-2.91624	8.13642	-8.48788	1.62092	-1.252	4.34875	1.20047	-3.707	4.81175	
4.68632	3.92915	0.221824	0.813746	1.22309	0.913656	-0.0873599	-2.09323	-1.07774	0.0448402	-1.81691	-0.16818	-3.69836	5.75708	-0.254047	0.301075	-2.54694	-4.65824	-1.10041	-2.50423	
3.16398	2.77103	1.6573	1.29173	2.19909	-0.119404	-0.865268	-3.52892	0.0439639	-0.0150635	0.59532	0.226161	-2.25244	2.0998	0.342306	0.735691	-1.79779	-1.32885	-0.526722	-2.29002	
0.440351	1.32038	-1.75978	-0.363836	1.54339	-1.34712	-0.178384	1.2032	-0.528534	-2.28377	0.960074	-0.974589	-1.3782	-0.158946	1.76514	1.64565	1.36027	-0.120214	0.603362	-0.744809	
0.241038	0.187878	0.964814	-1.11305	1.18757	0.783253	0.187921	-0.9883	-1.77001	-0.42528	0.20392	-0.661968	-1.57573	3.23736	0.0850244	1.32051	-1.46449	-0.0238753	1.19508	1.115	
-1.43722	-2.12178	0.00135021	-0.154227	-1.50105	0.0433191	2.09131	0.702749	0.627921	1.69622	0.143513	-2.69748	1.96829	-1.52532	0.538004	-1.69969	2.11048	-0.0665132	-0.987166	0.737029	
-2.65637	-2.68596	-0.674964	1.45918	-0.102975	0.591691	0.468219	2.44747	1.70612	1.24207	0.978709	-2.07625	2.37166	-2.65249	2.24532	-2.41979	1.69566	-0.885482	-2.7575	3.37829	
-1.0409	-3.35566	1.41275	-0.827746	-3.71482	-2.12169	-0.456255	-0.0111374	-0.448917	2.21313	0.572746	0.0778201	3.34451	-2.50371	0.441377	-0.885411	2.32988	0.89326	-0.518764	-0.537522	
-8.28579	-8.31923	-7.5707	-5.5356	-4.82805	-3.62946	-8.59641	10.2248	-6.74239	6.26843	-5.03899	-9.30689	13.1438	-3.05807	7.09227	-5.59059	4.32224	0.296602	-3.34126	6.06946	
-1.88143	-4.52581	-0.920777	0.290379	-0.81526	-0.620516	-0.88611	3.08906	2.36829	-0.174421	-3.35207	-1.62663	0.806535	-2.83564	-0.163165	-1.42301	1.39091	1.1185	-1.26983	2.44106	
4.73244	6.36582	0.414058	0.99679	3.04961	0.0234119	0.914281	-2.27436	-0.153424	-1.6279	2.1167	2.71011	-3.15086	5.63775	-2.04994	2.72405	-3.32261	-3.08998	2.77734	-4.70094	
8.80215	9.24528	0.865275	1.35505	6.69108	1.16634	1.44616	-5.71832	-1.54372	-4.70394	2.48718	2.81355	-7.5092	9.24165	-3.05229	3.78968	-3.90129	-2.96421	2.17649	-5.15735	
-3.71122	-7.87083	-0.508887	1.0626	-4.63789	-0.222708	-1.00054	3.47526	2.31203	4.1042	-0.487636	-2.25688	4.95753	-5.06078	1.29772	-0.351453	5.5982	1.81437	-1.121	2.99851	
5.93335	6.28748	-0.141266	-0.214694	4.0434	1.39637	2.02766	-5.31432	0.468143	-2.62076	1.72446	4.15443	-5.43321	6.51018	-1.4737	0.21299	-2.96208	-2.07285	2.14352	-1.67919	
-6.53943	-6.59479	0.95904	1.52684	-4.18933	-0.943385	1.76594	1.78547	3.42462	2.15342	-3.37047	-2.79301	5.33289	-7.56717	1.52951	-3.22796	6.39729	4.34034	-2.76466	5.83767	
0.739449	0.144791	0.460431	0.906666	1.99095	0.620349	-1.05692	-0.788432	-0.20249	-1.01632	2.7869	1.3066	0.11738	1.68135	-1.82563	1.52033	-1.54434	-0.183166	1.98792	-0.655459	
-0.967012	-2.7732	-0.251651	1.22996	-0.262712	-0.731534	-0.931598	1.22529	0.271352	1.88852	-1.30725	0.372188	2.25739	-1.31881	1.33812	0.130172	1.15146	0.432956	-0.215478	2.03478	
-1.4184	-2.57075	0.882534	-0.628086	0.425725	-0.331354	0.35335	3.04526	1.63834	1.90245	-0.844254	-0.86726	4.5703	-4.32477	-0.871207	-0.735367	1.02154	-0.287555	-0.165243	2.1984	
-1.55043	0.656056	0.231062	0.705664	-0.768069	-1.41934	0.834172	0.869944	-1.45366	0.43954	-0.318162	-0.277026	0.0679866	-0.561809	0.0105455	0.562909	0.215933	0.247371	-0.586813	-0.206294	
0.104737	0.0456746	1.33613	0.375357	-0.181232	0.158464	0.491989	-0.399869	1.46854	0.367226	1.28496	-0.382254	0.26265	0.525618	0.401113	0.329054	-0.0969759	0.890533	-0.604445	0.929108	
2.05182	2.35042	-0.0411648	2.82921	2.6192	-8.37141	0.0839585	-11.8405	1.11799	-7.14884	0.378949	5.49461	-1.66081	5.42534	-3.4887	6.20967	-0.768039	-1.37171	5.44751	0.809713	
4.24347	3.62882	-1.47943	1.17233	2.12438	0.634573	1.54038	-3.13254	1.62255	-2.78577	1.42937	3.81773	-1.68103	4.68163	-0.358913	2.40693	-2.14995	-1.61573	2.44519	-1.40923	
3.59402	3.26531	0.671737	-0.962995	0.854615	0.113137	0.21203	-1.43447	0.377067	-2.28124	-0.104505	2.23253	-2.03883	1.16255	-2.24345	-0.720232	0.211149	-0.84119	1.68896	-1.09342	
1.26368	3.94738	1.97955	0.33974	0.304385	-1.06729	0.623727	-2.02162	-0.918969	-2.5826	3.00278	0.983646	-1.55986	3.28361	1.10252	1.37999	-1.94259	-0.884563	-0.0652987	-1.24844	
-3.97212	-5.70132	-2.65333	-0.192454	-2.39025	-0.129018	-1.62127	3.25169	1.32874	1.45593	-1.92035	-2.49102	4.90682	-1.94365	0.516228	-2.12781	2.42297	0.398503	-0.832378	3.63091	
0.601081	4.14262	0.424065	0.296529	2.66642	2.09457	0.0420449	-3.47081	-0.317236	-1.73163	-1.28686	1.67462	-2.56871	3.73587	0.58351	2.71683	-1.15258	-0.117507	1.3847	-3.05826	
-3.40669	-4.35085	-1.92983	-0.418286	-1.59667	0.380228	-2.37022	3.26881	0.691103	1.46389	0.265637	-2.69432	2.48279	-3.16108	1.52988	-0.747138	1.26729	0.876358	-0.633409	2.65603	
0.746971	-2.74091	0.101976	-0.34883	-1.36771	-0.260897	-1.87031	1.51113	-1.66519	-0.378908	-0.964199	-1.52847	0.237175	0.358402	0.487304	-1.0002	0.345004	2.45428	0.78378	0.557554	
6.32629	3.56292	1.69081	0.742788	1.74693	-0.503862	0.51672	-7.62977	1.33065	-4.88064	1.17584	4.78601	-4.33407	6.91112	-1.52845	2.60814	-2.08863	-2.42332	0.639251	-5.09324	
10.44	9.66081	0.905809	-0.255062	6.03452	1.03505	1.71328	-5.80067	-0.770337	-5.25713	6.37271	2.80982	-9.46554	9.9103	-4.15619	4.21788	-8.90077	-1.63975	2.54885	-6.91857	
6.92936	9.01626	13.2887	7.94227	4.71033	3.10033	11.8347	-12.3149	9.54927	-4.8606	5.45707	11.1608	-15.8838	0.586322	-8.36183	7.91194	-3.84936	1.44066	1.31065	-4.97235	
-14.6794	-13.5462	-8.83664	-4.40687	-8.00092	-6.02082	-8.91771	8.74127	-4.86941	3.69046	-5.67888	-10.0579	18.057	-7.50005	7.27494	-3.41037	6.54376	1.80326	-1.68216	10.2439	
-6.12461	-8.32849	0.11193	-0.813848	-4.32364	-2.01362	-1.38424	7.57026	0.0566652	5.34964	-2.58922	-3.37091	5.79523	-6.37017	1.48651	-1.65238	6.6041	1.35999	-4.21934	6.45556	
0.770304	0.653261	-0.0057353	-0.599577	2.02716	-2.05076	0.247783	-1.5358	-0.292351	-0.565899	-0.205195	2.74204	-0.512698	-1.00546	1.1862	0.16767	0.574669	-0.305813	0.704473	-1.79907	
4.41141	6.57238	0.54546	-1.69551	2.39779	1.22882	1.91193	-5.14954	0.565524	-3.02353	2.13038	2.92326	-5.95235	6.53858	0.460511	1.22069	-3.5653	-0.938279	3.01824	-2.68567	
0.767542	-0.1463	-1.5948	-0.0362382	1.75382	0.172679	-0.770578	0.871617	0.107782	-1.16523	-0.0038917	-0.600555	-1.20008	0.68702	-0.183945	-0.468677	-0.674553	-0.508013	0.564088	-1.88737	
7.03162	7.23459	1.03709	0.982311	4.56666	1.06897	0.137048	-4.48386	0.640535	-2.18519	2.75722	4.15931	-6.40847	9.20147	-1.65927	2.07204	-5.7793	-2.82075	3.42104	-4.81419	
-0.98595	-2.17032	0.286734	-0.0178943	-0.904535	-1.98087	0.635159	0.238829	-1.09427	1.5843	-0.713386	-1.44871	2.05256	-2.17614	1.23172	-0.767866	-0.169634	0.490384	-0.512219	1.36233	
-11.911	-12.2394	-0.000633876	-1.19296	-6.16365	-1.57315	0.0883048	7.40054	-0.0267061	6.91655	-4.87833	-5.68121	11.1019	-12.7729	2.27219	-4.55543	8.26771	3.75967	-4.95177	7.56641	
1.95312	3.06426	-0.134063	1.4609	2.71211	2.61329	0.87917	-1.30334	1.10721	-1.72057	1.14216	1.97623	-1.39652	3.06173	-0.193735	1.11805	-1.00614	-0.975605	1.55779	-1.28274	
-0.550107	-1.09487	-0.947457	0.0661375	-1.51116	-0.386878	-0.961227	2.44168	0.573775	0.746164	1.48366	0.0457144	0.350957	-1.83812	0.824675	-0.395167	0.359548	0.546748	2.35831	0.874264	
6.00988	7.44902	0.986332	0.729296	1.87348	0.581219	0.888684	-5.40614	-1.54648	-3.4241	2.38682	4.0808	-5.55295	6.51246	-0.648413	0.816468	-5.4317	-0.920803	0.176479	-4.9487	
4.30812	4.43209	5.38404	4.25289	2.33432	1.69331	6.30236	-7.4291	4.40161	-3.8991	1.35553	4.71025	-10.018	-0.274517	-5.03648	4.73201	-0.982007	0.62392	2.28261	-3.80493	
-3.8851	-4.3994	-1.92743	0.157758	-3.07597	0.902685	-0.590086	1.99752	-0.400512	0.905964	-1.37875	-1.34772	1.85599	-3.553	-0.960311	0.291021	1.262	1.19434	-0.504459	1.81258	
3.53692	3.97402	0.310323	-0.585763	1.07761	0.184901	-0.322106	-2.89286	0.594565	-1.71517	1.11742	1.57722	-3.63189	3.73628	-0.0373087	1.28064	-3.54098	-0.411624	3.35307	-3.90104	
2.90942	0.499139	-0.888119	-0.280357	1.09654	-1.50463	1.01669	-0.322015	-1.2376	-0.604235	1.93476	-0.0881367	-0.560837	1.47636	-1.325	0.803875	0.467221	0.934248	0.659761	-1.13109	
-3.1785	-1.42749	-0.284107	1.23185	-1.84808	-0.26588	-0.781081	1.9244	0.827737	1.71643	-2.54911	-1.86114	1.43762	-2.20044	0.0140736	-1.50566	3.15536	-0.60444	-1.13571	0.869818	
3.37952	2.71182	1.10413	2.57424	1.33036	-0.287723	0.843832	-0.710152	0.813495	-1.83779	2.87058	2.36627	-2.25411	2.62271	-0.150993	1.40012	-2.04743	-1.54137	0.110994	-0.325994	
-0.517454	-1.15933	2.47503	2.33388	-3.39151	2.78493	2.92175	0.397191	3.97146	2.8642	1.41734	1.08736	-3.31979	-0.459385	-1.62582	-0.263098	0.667861	2.15682	-1.86109	-1.24939	
-6.39874	-8.02444	0.233843	-1.26314	-3.47086	-0.35303	0.0927136	3.99585	0.236165	3.45812	-2.25061	-5.27665	6.82332	-7.40806	0.551681	-1.45494	3.73859	1.62712	-2.0404	5.30332	
1.80054	1.73443	-3.08672	-4.92508	0.167937	-0.137229	-2.63054	2.12426	-3.29071	-1.68083	-0.927636	-2.435	1.53101	5.34569	1.08096	-1.67362	-1.80291	-0.931984	2.52105	-0.613973	
-1.0495	0.295384	-0.601013	-1.30512	1.55337	-0.70996	-0.33637	0.676151	-0.414215	-0.222519	0.563214	-0.336538	0.405392	-0.889084	0.273971	-2.09415	0.889001	1.65817	0.289088	0.767802	
2.4127	4.31366	0.00211557	-0.680149	2.21963	-0.306512	-0.657254	-1.80439	1.1406	-1.39349	-0.299441	3.6534	-2.29444	2.32083	0.0589757	1.21216	-2.49425	-0.228843	1.01282	-3.9056	
5.01501	4.94002	1.87468	1.13865	1.54393	-0.624323	1.28427	-1.52402	0.622668	-4.84734	1.58092	2.07116	-3.96135	4.38203	-0.763903	3.68442	-2.19451	-0.781846	2.58803	-3.85146	
-9.54553	-13.27	-0.0427774	-1.46158	-5.01209	-1.20725	0.176632	6.91235	-1.59107	5.48231	-3.20875	-5.97873	7.90263	-9.27388	1.13755	-3.94775	8.0946	3.4778	-3.17089	7.41148	
1.39694	2.21213	0.847376	0.584856	1.17716	0.785318	0.909684	-1.30223	-0.372686	-0.962936	2.32752	1.17808	-2.76983	2.39803	-1.53717	0.352151	-1.46186	-0.265327	-0.463946	-0.703655	
6.02794	5.52148	0.882367	-0.164591	2.15687	-1.30425	2.74818	-2.85455	0.404843	-3.86285	3.1151	2.66676	-4.58389	5.77248	-1.20648	2.48181	-3.1338	-1.31234	1.35493	-5.90091	
1.11436	3.77439	-1.50997	-1.01719	1.80778	-0.369118	0.517415	-1.15839	-0.656781	-0.885053	2.54574	-0.12564	-1.43471	4.16517	-1.667	-0.484558	-2.22433	-0.00182417	0.558654	-1.25712	
8.3881	8.73902	2.48803	1.04797	2.02475	2.32819	2.19715	-6.16497	-1.40187	-4.69717	1.48919	3.06522	-8.21732	8.23468	-1.06326	4.27087	-3.44116	-3.34285	1.80578	-4.97989	
-5.42601	-5.36044	-1.90543	0.344549	-3.87033	-1.69843	0.829418	3.84554	-0.172422	3.44478	-1.52182	-2.60569	6.09961	-7.48505	0.671137	-2.44288	3.42687	1.37969	-2.69136	4.44009	
6.64582	5.57933	1.98964	-1.23983	4.44741	0.239571	-0.657542	-4.10035	0.537794	-2.75491	3.07394	3.01352	-6.62277	6.47082	-0.631569	0.881775	-2.86885	-0.890656	0.277303	-4.42686	
3.91903	4.14107	-1.89607	1.45875	2.70205	0.234314	-0.4679	-1.84998	-0.325797	-2.75202	2.25323	1.95043	-1.06696	3.08351	-2.64864	1.42291	-2.94973	-0.0451392	1.10428	-3.16102	
6.59883	5.18587	-0.505678	-2.12249	2.35644	0.900646	1.47698	-3.99362	-1.17959	-3.01821	1.81728	5.49718	-4.83165	7.24635	-1.12926	3.90462	-3.77541	-3.30067	2.37667	-2.77413	
2.04582	2.48994	-0.826478	-0.612466	-0.0717314	-0.827304	-1.12452	-1.85218	-0.652461	-0.746877	0.661943	1.92782	-1.87333	3.52937	-0.827544	-0.27742	-1.24115	-0.0324102	1.12084	0.204069	
-4.12832	-3.44721	-1.63369	0.411848	-3.2667	-2.08193	-0.518076	4.64855	-0.766174	3.56942	-1.96026	-2.08242	3.05179	-5.05191	2.16528	-1.66281	4.54922	2.06435	-0.951677	3.48578	
8.19191	8.09164	1.57085	0.278391	3.81817	1.8624	1.13749	-5.21196	-0.12992	-3.76574	1.58643	5.95504	-6.62151	7.48446	-4.5239	1.62353	-5.32834	-3.02266	1.26753	-6.01043	
-5.956	-6.36526	0.875948	-0.14937	-3.3442	-0.758281	-3.35058	3.95664	-0.881053	2.40102	-3.67497	-3.90877	4.26532	-7.22409	1.85359	-2.64944	4.50494	2.16624	-3.2234	4.383	
-2.73023	-2.45315	-8.4209	-6.55615	-5.01842	-3.41395	-11.4465	6.86517	-9.15534	1.92082	-2.70865	-8.12284	12.6502	3.44987	6.45148	-4.4367	0.294793	-1.37359	0.413152	2.68632	
-1.99912	0.592262	-0.0623321	0.615846	-0.372798	-2.00332	0.289316	0.534306	-0.760162	-0.108691	0.139166	0.339417	1.86556	-1.19395	0.636473	-1.27147	2.11703	-1.47244	-0.0630663	1.17085	
-5.99026	-5.27085	-0.979308	0.797103	-2.07703	-0.550533	-0.624269	3.33661	0.486151	3.58872	-0.481086	-3.33019	6.37106	-7.71257	0.887574	-2.80962	3.90755	0.240102	-1.87092	3.8711	
4.78811	4.75324	0.854472	0.575031	3.41853	0.807206	-0.289013	-2.13541	0.430293	-0.433231	3.587	3.14526	-2.14737	3.20593	-2.35797	2.0434	-1.27231	-0.00527527	2.60643	-4.96626	
2.54814	4.04712	0.721199	0.718088	2.54125	1.55464	-0.724406	-3.28615	-0.443415	0.259107	2.74545	1.23966	-2.43627	5.01778	0.43273	-1.00344	-2.89342	-0.139396	1.9393	-2.62782	
-3.37494	-3.52409	-0.61123	0.206866	-1.5373	0.320062	0.00882356	3.10195	0.0223368	0.616351	-2.14011	-1.773	2.30858	-2.70782	0.841095	0.667409	2.34861	-0.132752	-1.55632	2.20935	
0.956658	1.10676	1.16983	0.800461	1.9217	0.982685	1.13717	-1.56728	-1.02071	-2.66623	0.741463	0.0321935	-1.14398	2.6626	-2.12337	1.61138	-1.90676	-0.0436209	0.687162	-0.532773	
-2.5215	-1.75918	-0.656831	-2.12449	0.615303	-1.62932	0.781817	2.08271	1.7812	0.119354	0.118518	-1.77572	1.28571	-3.19914	1.00393	-0.944109	3.41739	1.6857	-0.452726	2.82001	
-1.70189	-2.04165	-2.22545	-1.08822	-0.355965	4.70344	0.517921	4.30921	-0.248571	2.82684	-0.282427	-3.32091	1.82776	-3.98113	0.148367	-0.99173	2.29802	1.05441	-1.48753	0.287871	
-2.86123	-2.27627	-1.08921	-1.83652	-0.867178	1.96856	-1.43948	3.90475	-0.673089	2.86523	-1.43345	-1.24436	4.6997	-4.37529	-0.683834	-1.88298	1.39894	3.40732	-0.856424	3.14483	
0.388286	1.80898	1.10906	1.15549	-0.786525	1.47069	-1.60697	-1.35382	0.285498	0.622831	2.28752	0.311989	0.896246	0.904975	-0.534242	0.0755918	0.189539	1.06042	1.80121	-1.76682	
5.79972	8.49524	1.88357	1.80361	3.57986	0.515159	0.67414	-4.84413	0.875667	-3.76845	2.13057	3.42358	-5.06613	5.05096	-1.51297	2.23815	-3.89722	-1.4477	3.55469	-4.36526	
6.97327	11.2057	1.53458	1.17928	7.21589	1.40682	2.28754	-5.94161	-0.815304	-6.69515	3.45964	4.4116	-9.72466	10.3455	-3.03596	1.19945	-6.41262	-2.64398	5.15396	-6.84914	
-0.0537132	-0.948216	2.27489	-1.96651	-1.13719	1.13894	2.02073	-2.03811	-1.16056	-0.369907	-0.891841	0.871145	0.895619	-0.524887	-0.892514	1.19081	-0.609245	-0.88601	0.621839	-0.401871	
0.335721	0.338536	0.256079	-1.12997	-0.782647	1.70618	-0.593853	-1.51029	0.87763	-0.0531104	0.552026	0.855278	-0.17541	0.974349	1.00785	-1.57205	-1.55042	0.714082	-0.375211	-0.651844	
8.04551	9.84742	2.14091	1.46577	5.21381	0.731335	0.23606	-6.54946	1.32998	-4.68823	0.817225	3.50454	-8.18803	10.2705	-2.96512	2.44581	-6.70907	-1.10641	3.29279	-6.4098	
7.24418	8.85801	-6.65579	-1.78365	1.24542	0.763679	-3.67994	-2.13278	-6.00143	-3.87502	1.81268	0.884696	0.0248426	11.9231	1.4598	-1.65063	-8.08641	-3.37333	2.24979	-6.08499	
0.24397	2.80982	0.8759	-1.04647	-1.25355	-0.874631	2.0541	1.10725	-0.343537	-0.611538	-1.29755	1.27491	-0.571175	1.58023	0.742125	-0.668635	0.56025	-0.456539	1.02786	-0.866273	
0.23408	-1.0736	-2.38021	3.91719	2.02101	-17.8618	-3.27652	-17.7903	2.31855	-10.7806	-1.411	6.3342	5.30063	4.03604	-0.602136	8.31501	2.35829	-2.50192	5.01061	7.34531	
-2.88127	-4.81556	0.320445	-2.86237	-0.955706	-1.01886	-0.968104	1.37751	1.14808	3.17572	-2.54297	-2.34943	2.92461	-4.19917	1.27006	-0.889459	1.4043	0.753823	-0.417742	2.74829	
-2.02661	-0.714421	-0.221725	-0.0907005	-1.59114	-1.31867	-0.259845	0.361192	-0.515644	-0.555891	0.890333	-0.0144064	-0.374361	-2.27506	0.69755	0.943878	0.664977	2.54178	-1.45345	1.98399	
4.92217	2.97178	-0.684016	-0.575688	1.63803	-0.302962	0.104506	-4.2117	1.26871	-2.28757	1.67711	3.07609	-4.31009	1.26726	0.362917	0.670619	-3.99776	0.653013	0.262066	-3.91801	
-2.78913	-3.60889	-1.30263	-0.286761	-2.43979	-3.12241	-0.900364	2.75129	0.474524	2.53691	-1.56718	-1.47691	1.73535	-2.02381	1.57865	-0.383867	2.17851	0.649195	-0.079582	1.93608	
-2.89999	-0.960058	-0.737749	0.341758	-1.02427	0.411627	-1.21855	0.525532	0.0510477	-1.10788	-2.4283	-0.76847	2.45537	-3.9378	1.06272	-0.885758	0.672876	0.321001	-1.13935	1.51003	
1.96554	2.39591	1.4892	1.03716	1.48749	1.01191	-0.177753	-2.21931	0.741333	-3.58588	1.80965	2.56931	-2.02944	4.12049	-0.991418	0.672922	-3.7897	0.28919	2.55925	-4.38461	
8.25377	6.02287	-0.924026	0.98819	2.77078	1.08718	-1.30038	-2.92496	-0.551751	-3.81764	2.20762	2.36825	-6.2266	6.70136	-1.36303	1.93355	-4.21734	-0.905885	3.10203	-6.57998	
-9.07734	-7.7876	-2.31743	-1.38116	-4.31058	-1.11912	-2.33945	2.72997	-1.42903	3.6936	-5.12961	-3.90541	8.15316	-9.03768	2.1276	-1.79151	6.63394	3.00736	-3.67468	4.22027	
4.72575	6.58443	0.265155	0.26858	3.59116	1.39057	1.24118	-4.80923	0.514287	-3.28881	2.79062	1.06357	-5.26852	5.8086	0.525558	3.00038	-3.35985	-1.64086	0.564104	-4.34397	
4.29833	4.72867	0.472918	-0.264686	3.7558	-0.924017	-0.733927	-4.09829	-1.03667	-2.00319	0.515657	3.42798	-4.61826	3.93814	-0.736528	1.40294	-5.45794	-1.30853	1.93192	-1.9164	
-1.18132	-2.87638	-1.00309	-0.795502	-0.761948	-1.62292	-0.236948	0.362631	-0.0949697	0.950978	-1.9716	0.454477	1.24404	-0.275247	-0.880107	1.02429	0.652713	1.46012	0.329193	1.87847	
3.00858	2.46392	0.480315	0.834478	1.45834	0.23909	2.47299	-1.37058	-0.468272	-1.12934	-0.473788	1.79158	-0.949436	5.31001	-0.221654	2.02361	-2.03695	-1.44323	0.85	-1.57587	
4.60852	3.35048	1.36838	-0.941089	2.07137	3.08289	0.766282	-4.28399	0.312647	-2.39865	1.47361	2.71044	-1.88106	4.39163	-0.801793	0.748235	-2.45251	-0.619424	0.971188	-3.13221	
5.98885	6.40338	-0.991345	-1.92184	2.89144	0.809565	-0.480141	-2.07334	0.222066	-3.4338	0.211746	0.441223	-2.36773	7.59364	0.0966577	0.280032	-4.99246	-2.12345	0.901055	-5.65361	
-0.443785	2.31418	-3.58696	-3.83538	3.24015	2.94797	-8.30136	-9.0329	-2.87541	-2.48657	0.738801	-0.144527	5.17135	10.0328	-0.433306	-4.87933	4.25042	2.54105	3.58863	-0.281811	
0.710276	-0.458502	-1.23671	-0.455367	1.31027	-0.399242	-0.275311	-3.0093	-1.28137	0.535016	1.67852	-1.117	-0.169286	1.53476	1.05781	1.16825	-0.282055	0.824861	0.745663	-0.300738	
1.84031	1.57233	-2.59453	-2.69495	1.64945	-0.594341	-4.98906	-6.7224	-2.75893	-0.994432	-0.419059	-2.17664	2.97747	6.57973	-0.363538	-2.20707	1.85699	2.1823	-0.98993	-0.156629	
-0.436331	3.63857	-2.33737	-3.91801	3.60082	2.8357	-4.17489	-3.65889	-1.32125	-2.44959	0.378323	-1.80098	1.44058	6.07102	-0.526874	-3.07404	3.56478	2.16779	1.17125	1.00317	
1.28542	-0.0696475	0.910777	1.67815	-0.293412	-0.31698	-0.654111	1.3169	0.150534	-0.412359	-0.409038	0.278531	-0.402229	-1.91054	0.401156	-0.260454	0.17548	-0.757956	-1.40802	-1.3965	
0.00609864	2.65329	-1.86354	-1.48281	1.94597	3.81858	-5.62975	-5.76594	-1.64519	-0.788877	0.560375	0.179998	0.481507	5.97816	0.0491142	-2.78058	2.52216	0.550957	0.542245	-1.22668	
0.748819	3.85158	-1.55122	-2.60975	3.92232	3.60087	-7.26374	-7.42406	-3.61186	-0.211222	-0.969616	-1.2304	4.00114	9.5969	-1.49028	-4.47447	2.95662	4.42376	0.003221	-0.881718	
0.317641	2.72263	-0.0957773	-0.53651	1.91047	0.350512	0.0452376	-2.50021	-1.50791	0.521176	-0.0373573	-0.706228	0.294184	0.47027	-0.76976	-0.707076	0.694053	-0.628143	0.410501	0.541962	
0.745981	4.1705	-5.01904	-5.53417	5.60407	3.51174	-10.698	-11.5885	-3.75248	-3.67789	1.80628	-1.0868	3.98155	10.8667	-1.76687	-5.78203	2.7482	2.44471	2.6895	0.653229	
1.3823	-0.134532	1.57899	2.342	-1.223	-1.34332	4.13821	2.72653	-0.0690305	2.78003	1.70958	1.71116	-1.45838	-6.31982	-2.13753	2.86067	-2.42888	-2.95592	-1.60409	0.608655	
-0.435293	-0.886666	1.86023	1.78662	-3.34509	-1.15093	3.07465	5.14543	1.1316	0.929916	-1.62103	2.63593	-2.25211	-4.46091	-0.634959	3.33527	-1.83721	-1.15409	-1.11342	-2.20591	
-0.191408	-2.88326	5.53301	4.40531	-2.74093	-3.01332	9.68102	8.05105	2.91744	2.12713	-0.389248	1.18425	-2.30658	-9.988	-0.765453	3.36675	-4.17758	-2.04311	-3.2186	-0.978719	
-0.748065	0.22721	-2.73239	-1.54448	-2.05912	1.35223	-1.85601	-3.13233	-1.44792	-2.03657	0.497888	0.709218	1.13694	4.6367	-0.308841	-3.35847	1.08423	1.05108	1.87069	-0.321554	
-0.730383	1.3806	-2.32838	-2.33161	0.774084	2.33448	-3.70046	-4.5523	-1.0916	-0.799622	-0.148555	-0.681467	2.13785	4.56804	-0.345967	-1.60749	1.51801	1.12551	1.51853	0.275425	
-2.32124	-8.35392	-0.752518	9.40515	-6.13884	-21.2371	8.77548	-5.80143	5.24358	-8.06275	-3.79575	8.20498	3.30241	-8.03656	1.51208	14.1995	1.67183	-3.69449	3.18484	8.01129	
0.344692	-2.96233	3.56668	2.77331	-3.85309	-3.41139	8.73698	10.5351	2.67988	4.00872	-2.53231	1.71038	-4.91953	-9.25675	0.0941451	2.96751	-3.6266	-2.44067	-3.2334	0.785932	
-0.744314	-0.82033	1.27801	1.78738	-4.00645	-2.89297	5.04001	4.6942	2.78023	1.48124	0.10524	1.41004	-4.62724	-3.8528	0.334405	2.44962	-1.00372	-2.26802	0.558604	0.425219	
0.442179	-1.32732	2.14585	2.19595	-1.30386	-0.597829	4.95108	3.12212	2.53887	3.29629	0.806219	1.81478	-0.853323	-4.45666	1.56561	2.33399	-2.52954	-3.82222	-1.88934	0.0468512	
-0.316002	-4.43286	7.74055	6.12493	-6.59812	-6.86427	13.3618	12.9075	3.65031	3.55016	-0.927591	3.75377	-5.52489	-13.7367	-0.11184	6.25077	-5.91856	-4.37923	-2.62811	0.151637	
-0.168544	-0.449566	0.338291	-0.417815	0.6963	-0.240663	-0.299217	-1.2335	-2.26708	-2.20031	-1.50304	-0.235311	1.66769	-0.0408412	-1.74304	-0.43938	-1.15378	-0.358481	0.764728	0.722677	
0.685713	1.98269	-4.46608	-3.64192	2.85019	4.63181	-6.58544	-8.6191	-0.258225	-3.56537	-0.132902	-1.79941	5.26249	7.98856	-1.48481	-3.31637	3.11445	1.21654	2.02812	0.924507	
-0.47506	4.85492	-4.25129	-5.52389	5.76303	5.39267	-11.3369	-11.231	-2.45992	-4.43501	3.30389	-0.863997	5.61871	13.9408	-0.241867	-7.84109	4.96872	3.265	2.14718	-1.45135	
-0.116279	1.30067	1.57194	0.020024	-1.23721	-0.727252	1.52995	2.80995	0.778445	0.810113	0.361274	-1.4785	-0.988093	0.598431	-0.305172	-1.93728	1.25455	-0.474895	0.296774	-0.903507	
2.67777	7.152	1.44983	-10.4859	4.58959	24.646	-9.67305	8.68107	-9.02415	9.41707	5.89738	-10.9609	-3.26743	6.73849	1.53634	-15.6318	-3.09019	5.96924	-4.02635	-9.58116	
1.56083	0.116059	-1.11118	-2.36936	-0.82597	0.478686	1.20609	-2.2894	0.770725	2.19311	-0.747541	0.507608	0.121336	2.15674	0.856589	0.253073	0.21145	-0.722652	-0.719227	0.225671	
-0.804173	-5.32468	4.10657	7.1287	-6.5914	-13.736	10.2029	3.49153	3.65443	-0.612465	-2.25594	3.1288	-1.03887	-13.8082	-1.29151	10.1008	-3.82841	-2.58606	-2.49269	4.68593	
0.542868	-0.75295	-1.31357	-0.726934	0.696246	-0.389734	-2.39116	-2.1497	0.340047	-2.30495	0.465206	0.544632	0.9974	1.00584	0.720809	-1.96328	1.36572	1.44546	0.393527	-0.552119	
-1.47315	-1.4884	2.48315	3.66798	-1.12736	-0.807779	6.19679	3.95782	2.19745	1.28433	-0.996031	0.568718	-2.18913	-5.47193	-0.657793	1.50662	-2.05821	-1.16709	-1.50987	-0.517904	
-2.22611	-4.81496	4.03712	6.72158	-5.5401	-6.05706	12.4806	12.5272	4.20246	3.31287	-1.46761	2.20545	-5.97256	-15.7706	-0.530071	6.24633	-6.1267	-3.30856	-3.57905	-0.691201	
0.405791	0.840943	-0.144544	-0.0380681	1.12501	1.39184	-0.657432	-2.31386	-1.07321	-1.93871	0.356715	-1.19982	0.870433	3.04647	0.778894	-1.55451	-0.626708	-0.0449675	1.05417	-0.218362	
1.69271	-0.927216	0.297537	1.30416	-1.29946	-1.86931	1.96616	3.73612	1.12488	0.988429	-0.203714	1.68254	-2.35318	-3.48507	-1.21254	1.60575	-1.32569	-0.244051	-1.15389	-0.361226	
-0.172863	-3.35542	3.4285	3.80339	-3.41567	-3.75575	7.15227	6.82387	3.58365	1.86308	1.78351	0.975917	-1.82359	-8.32721	-0.263693	4.75114	-2.84693	-1.14259	-1.41103	0.204967	
0.887322	-3.37917	3.98973	3.92418	-4.28947	-3.15454	8.60995	5.73522	1.73621	2.48142	-0.87572	1.78195	-2.41631	-9.58816	0.153436	4.32431	-2.9692	-1.80034	-1.67491	0.346645	
-0.242073	0.612742	-2.45784	0.818584	-1.59982	0.297714	-1.99956	-1.49502	-1.95467	-0.895625	0.282281	0.981836	0.907961	3.24429	0.606115	1.22919	-1.05019	-2.20531	-1.51299	0.55088	
1.46886	1.66143	-1.91272	-1.92329	0.773222	1.34663	-2.01809	-3.21182	-1.23913	-0.316029	1.07344	-1.33512	2.07259	3.4256	-0.264025	-2.11366	-0.366182	0.598747	1.50065	0.127945	
-1.67239	-5.62929	5.52754	7.51847	-10.6062	-8.5859	15.4176	15.9724	2.53589	6.76279	-1.48996	4.13654	-6.85375	-18.4401	-0.719373	9.29906	-5.64811	-7.57042	-3.74001	-0.00496718	
-1.22544	0.78491	-0.0483775	-1.49303	1.82548	0.152627	-2.46076	-3.22883	-0.00641028	-0.948084	1.15783	0.798709	-0.115489	2.0784	1.70395	-0.344443	0.65987	-0.419816	-1.21868	0.385341	
0.899756	3.33352	-5.08119	-4.42795	5.38191	5.05945	-12.9312	-11.1532	-2.60202	-3.07483	0.43494	-1.73088	5.92276	11.4507	0.935944	-2.87515	6.52228	2.43568	2.12712	-0.476807	
1.43957	0.177483	0.0382289	-1.20834	1.47477	0.654641	2.04996	0.779346	-0.355173	-0.109757	0.386085	0.407104	0.870146	-3.32744	-0.411204	0.420448	-1.75221	-0.816895	-0.806927	-0.813591	
0.0558135	2.91645	-0.854021	-2.67394	1.93023	4.02701	-5.97956	-7.06919	-1.84862	-3.64685	-1.14364	-0.882155	3.89913	7.63432	-1.47266	-3.06584	3.15399	2.3722	2.30624	0.2079	
2.29401	2.52339	-4.32195	-7.4757	5.14355	3.9639	-9.85823	-10.3082	-2.02542	-2.71155	1.42383	-3.53668	2.81687	10.7201	-1.92335	-4.4052	4.00343	1.75596	2.82998	-1.35777	
1.58424	3.25445	-7.57083	-5.57235	5.25526	5.58067	-11.6742	-12.9686	-4.27587	-3.54767	-0.194965	-3.11801	3.6971	13.6066	0.717289	-5.46162	5.88639	2.46609	3.57399	-0.611568	
0.738631	0.27634	-2.77658	-2.27858	2.74224	4.29739	-7.20078	-7.24429	-0.6923	-2.34365	-1.43662	-1.47207	2.35228	9.24472	-0.423342	-4.55	3.51836	3.08108	1.11178	-0.690165	
1.2219	5.12341	-7.16649	-5.2993	5.55135	6.42218	-13.0606	-12.6081	-2.3111	-5.79136	0.968895	-1.54286	6.59506	13.5626	0.134263	-7.50325	5.24591	2.61278	3.05101	0.161089	
0.89522	-0.137781	0.353751	0.783849	-0.591791	-0.469153	0.338286	0.678555	1.04659	1.18211	1.2931	-0.555948	0.200738	-2.48279	-0.365804	1.38734	0.488538	-1.01308	-0.476208	0.428955	
-0.578047	2.6661	0.384095	-0.824991	2.02728	1.57101	-2.69335	-3.25108	0.125436	-0.560359	-1.00236	-0.307021	-0.333943	3.30263	-1.81759	-0.951275	2.20545	-0.191648	1.45149	0.169414	
3.38439	5.14099	1.72111	-5.68927	0.71415	21.9397	-2.49743	16.6287	-5.14563	10.8555	5.53561	-11.1794	-4.95404	2.36479	0.0939604	-10.5317	-5.08206	3.88221	-4.13352	-10.2393	
0.523135	-0.312209	-0.208054	0.263818	0.291079	-0.387054	0.832169	1.80684	1.16154	2.51377	-0.951504	-0.0872945	0.710975	-2.28445	0.639483	-1.34293	-0.661395	0.328079	-1.0597	-2.44532	
-0.911933	-2.73414	-0.193748	1.40483	-3.3159	-2.71172	3.64189	1.55079	1.87969	-0.139196	0.833328	-1.1543	-2.22002	-3.67901	-0.911373	2.66023	-1.34935	0.0192015	-0.626432	-0.173492	
2.74149	5.847	-2.74312	-6.31509	6.84116	7.48794	-11.6315	-10.8052	-5.21347	-1.56727	0.892298	-3.03489	3.09319	14.0101	-1.7223	-6.42226	5.05307	2.81104	1.30013	-0.69149	
-0.38146	-3.41527	4.66748	4.98445	-5.30173	-3.45115	9.99619	9.57224	3.87914	1.8262	-1.08466	3.27778	-7.83946	-14.5611	-1.07893	5.47914	-6.39927	-5.04926	-3.76958	-1.60208	
-0.781594	2.25978	-3.45384	-4.46363	5.63307	0.814848	-7.38043	-7.37129	-2.79178	-3.77035	-0.114436	-1.99057	2.79993	10.6533	-1.14922	-4.17109	3.37168	4.00886	2.60848	-0.229066	
0.532822	-4.13109	6.69351	2.90509	-5.8463	1.56348	11.6812	19.1996	1.92496	6.17706	3.04902	-0.349933	-8.66836	-14.5799	1.18614	1.56649	-7.4788	-0.978496	-4.84484	-4.26539	
-1.71061	-2.35843	1.24994	1.685	-1.57686	-0.947656	3.6052	4.37079	2.11662	2.23027	-0.656314	0.807723	-3.51446	-2.65682	-0.0997362	1.8809	-3.20791	-1.39257	-0.982846	0.140801	
0.454618	-0.393051	3.47863	1.48703	-3.05416	-2.46515	5.20159	6.29367	2.50278	1.50633	-0.0413401	0.979374	-3.29381	-6.05157	0.487467	3.09179	-3.85153	-1.77138	-1.48804	-0.104972	
0.830744	2.76406	-3.64158	-4.18998	4.77474	2.96864	-10.1249	-9.68081	-2.66767	-2.36135	0.091419	-2.98865	4.89433	10.6931	1.64072	-5.76931	4.65673	2.62248	2.50656	1.10719	
-0.197552	-0.612849	-0.165686	1.01789	-0.940575	-0.700394	2.23971	3.03862	0.83462	0.45745	-0.521225	-0.112785	-1.37658	-2.61102	-1.09552	2.33248	-1.34413	-1.47431	0.849327	0.767415	
0.0126559	0.169279	-1.80728	-2.07466	3.49886	2.50328	-7.18626	-7.05636	-1.12494	-1.92229	0.958764	-2.60951	1.76722	9.65507	0.504461	-3.59227	2.95227	2.9771	2.17863	0.323004	
1.41628	5.05659	-5.13512	-8.80893	9.15128	7.32522	-19.3224	-16.5313	-4.9959	-4.26052	1.15426	-3.16913	7.2208	19.6677	0.374694	-7.66811	8.0772	5.7548	4.10584	1.56911	
-1.79344	-0.8398	1.10685	0.924266	-0.601256	-2.74352	2.71412	3.35315	0.328703	0.286354	-0.881017	0.365516	-1.63093	-1.23534	0.0074196	3.06189	-2.10444	0.214074	-0.577463	-0.0515126	
-0.207667	4.70429	-1.64838	-4.75762	4.39618	3.70212	-10.5261	-9.62499	-2.25615	-2.39741	2.13201	-0.688337	4.53038	11.893	-0.407549	-4.22239	4.03469	5.05553	1.65368	0.758474	
0.708637	3.59571	-1.48734	-1.93513	-1.35938	11.8992	-1.49295	8.65585	-1.59349	5.14983	2.95765	-4.47093	-5.30277	0.626924	1.26452	-5.59439	-1.03658	1.84824	-1.77495	-3.89598	
0.976612	-0.0661173	0.837867	1.15337	1.535	0.638767	-1.95974	-2.95368	-0.749977	-1.26518	0.8273	0.559769	0.372304	2.78215	1.42144	-0.800982	0.578171	0.266107	-0.13593	-0.754603	
-0.137072	4.89165	-3.81766	-4.73224	3.94688	3.40423	-9.29301	-7.87406	-2.0409	-2.06615	0.633256	-2.26551	1.60052	10.071	-0.58928	-4.03759	1.23428	1.30545	3.58068	0.172185	
-1.006	-1.1862	1.25535	0.180344	1.74212	1.50754	0.617225	1.63967	0.0269372	0.917127	-1.77404	-1.18392	-0.749859	0.640836	-0.127973	0.559923	-1.312	0.14264	-1.23506	1.18474	
-2.7247	-3.90665	3.53368	5.14013	-4.70877	-3.82026	9.38538	10.5365	3.04941	2.31928	-1.50258	0.012175	-6.02144	-11.5573	0.776342	5.59916	-4.79089	-3.06173	-2.53925	0.570107	
-1.65287	-0.563902	0.201247	1.69053	-2.60129	-4.08426	3.03246	3.36206	-0.523175	0.399965	-1.32749	-1.19071	-2.36542	-3.27355	-0.268933	2.32008	-1.89808	-1.64272	-0.821799	1.16691	
1.28698	-0.0298776	3.35022	0.419628	-2.58964	6.07568	5.36061	12.2146	-0.495336	6.36309	0.557014	-1.12949	-4.77036	-6.9189	1.51763	-1.81666	-5.71669	-1.25611	-5.9216	-4.1553	
-0.0219502	-0.501583	2.58425	1.55988	-1.52223	-0.751361	2.98704	2.60409	0.489971	0.27144	-1.13883	-0.15361	-1.79021	-3.83825	1.1707	4.51047	-2.41838	-1.97341	0.992458	-1.25938	
0.420949	3.66314	-3.70929	-2.13563	3.41661	5.85945	-9.63883	-9.82372	-3.03565	-1.3131	1.89244	-1.79854	2.569	10.1831	-1.99236	-4.61811	5.42014	1.81198	1.2046	-0.64802	
-0.0921424	-1.73548	3.2967	1.39861	-3.31448	-1.31531	4.84554	4.54338	1.67772	2.31759	-1.50769	0.511747	-0.552648	-6.85766	1.69682	4.10642	-3.81796	-0.998699	-2.24744	0.816249	
-0.353816	-1.08495	0.78601	2.93077	-2.7451	-1.8279	5.15642	4.32245	1.64932	-1.05174	-0.71013	1.4191	-0.790986	-6.01261	0.589325	2.98877	-1.68759	-2.10456	-0.182875	1.13356	
-2.80891	1.31964	1.77703	1.01204	-1.31079	-0.562437	2.13866	4.05321	1.53318	1.56559	-1.3618	0.428149	-1.59123	-5.30576	-0.67795	0.983105	-1.41942	-1.15042	-0.576171	1.3342	
-0.377433	-2.48827	2.25046	2.28786	-1.19316	-1.47328	5.27263	5.15564	2.86001	1.78815	0.709848	-0.167412	-2.62567	-6.01523	-0.117723	3.44551	-2.72617	-1.36369	-0.0394308	2.17464	
-1.5164	-1.38217	2.42369	4.6788	-1.96328	-2.91186	6.10176	5.0322	1.64242	1.10865	-2.24525	3.7978	-2.74968	-9.27033	0.119853	2.97868	-1.13645	-1.92688	-2.05564	-1.6946	
-1.69474	-1.04401	1.18746	3.79702	-1.80923	-4.22237	6.2344	6.25031	1.99041	2.04367	0.407758	2.25514	-3.52842	-6.34362	-0.753841	0.831003	-3.95994	-1.15885	-1.55244	-0.924798	
-0.467422	-2.06715	-0.229998	1.03287	-1.37806	-1.22652	1.94558	3.02436	1.26177	0.871383	0.0965275	0.535914	-0.509693	-5.85286	0.0602114	4.29021	0.0179795	0.143511	1.29753	-0.406944	
1.07656	-2.50033	1.29267	1.50108	-1.77119	-1.64093	4.58034	5.12612	0.77074	1.32419	0.551746	1.12508	-2.56656	-5.88843	0.689868	0.481139	-2.30261	-1.3233	-3.40951	1.38302	
-1.54103	-8.19535	8.5001	8.4552	-9.08573	-10.8885	18.2257	15.8881	5.95575	4.69763	-2.4699	4.24505	-7.03141	-20.6587	-2.06102	12.276	-5.681	-3.26595	-3.4689	0.907211	
0.388909	0.457673	-0.528519	-0.337505	1.43893	2.47542	-3.5948	-2.14442	-1.54635	-1.75697	-1.31893	-0.571318	3.41836	3.77285	-1.58031	-0.884785	2.68392	2.20607	-0.420674	-1.09489	
1.04674	-2.0118	4.15394	2.32328	-0.520757	-4.11925	6.08453	3.00252	2.14525	2.02126	-1.90217	-1.27521	-3.24361	-5.19938	0.741277	0.417158	-1.05943	-0.0176393	-2.06722	1.46008	
0.946403	-0.376421	2.00654	2.47365	-2.67116	-1.79565	4.60396	5.39583	2.17192	0.135162	-1.6601	0.0522599	-1.77377	-4.09086	1.13354	2.13929	-0.764881	-3.29041	-1.5439	0.660572	
-0.172825	1.96047	-1.59065	-0.996548	1.07955	3.53517	-6.15655	-4.81511	-2.20265	-2.44673	-0.215641	-0.942669	3.64977	5.04647	0.601861	-1.29135	1.78086	1.64733	0.320541	-0.36717	
2.96958	3.9886	-4.30391	-4.68397	5.5572	6.04423	-12.1927	-11.5424	-4.29052	-3.38286	1.91629	-2.93136	4.40718	13.54	0.590368	-5.71132	4.69774	1.85731	4.27982	0.385486	
-0.591742	-1.70466	3.04596	2.05732	-2.93017	-1.52922	6.59783	8.4712	3.27212	0.995736	0.149328	1.41936	-3.31295	-9.55029	-0.457434	3.99521	-3.53961	-1.95644	-2.53629	0.124661	
-2.88452	-5.74845	8.73379	7.81388	-9.07009	-9.72271	18.1123	19.4292	5.76952	5.62514	-2.90503	4.50263	-9.57829	-23.588	0.745759	10.8283	-7.96903	-6.42228	-4.01243	-1.25944	
-0.638547	-0.126251	0.376413	1.19233	-2.12179	-2.48444	4.37465	3.68935	1.95837	1.59525	-0.0472478	2.40637	-2.3199	-5.13409	-1.10395	2.01472	-1.84659	-0.0153158	-1.81199	-0.380218	
2.1517	2.18424	-2.29446	-5.47871	3.12197	4.29134	-7.23863	-8.32017	-3.18406	-4.73555	-1.81567	-0.79814	2.58654	11.1733	-0.978617	-4.03161	4.1817	1.38518	1.43023	-0.432529	
1.26048	2.63658	-2.21008	-4.12724	2.76502	1.72387	-7.37492	-8.77484	-2.97305	-2.41434	2.4014	-3.20695	4.72626	7.68397	0.0204273	-2.72634	4.8077	3.27435	1.26413	-1.03406	
0.825737	1.47862	-2.23587	-1.7347	2.85518	1.11024	-3.47526	-3.54472	0.870407	-0.00273778	1.40702	-1.39235	0.543551	3.39757	-0.459874	-1.53914	0.288765	0.618634	0.995248	-1.3165	
-1.83048	-0.8942	0.0218199	1.03986	-1.35286	-0.657944	1.82779	1.20706	0.987805	0.826429	0.503944	1.36693	-1.86375	-2.9432	0.610973	-0.630352	-1.9423	0.851232	1.34041	-0.889139	
0.258687	-2.42812	0.215264	-0.276395	0.556211	0.699436	1.34719	2.18806	2.79726	0.712072	-1.61677	0.796022	0.677055	-2.30773	-0.922579	2.02679	-1.54848	-0.507051	-0.585844	-0.683294	
0.0955306	1.64667	-2.20397	-2.26068	2.15214	1.4867	-5.7424	-4.94156	-0.986985	-2.84627	1.25673	-0.995716	3.10395	7.12257	1.5429	-1.27586	2.27506	2.00663	-0.302727	-0.503848	
-0.116533	-3.1014	6.06685	4.82744	-6.11623	-3.6575	12.3775	11.3003	2.44781	3.49786	-2.48732	4.24175	-4.87214	-13.3303	-0.0875271	6.54539	-6.85672	-2.6003	-3.24397	-0.941945	
0.625149	-0.287219	-0.75642	-0.153066	-3.45967	-1.16778	-0.634551	1.3602	1.03824	-0.8567	1.78662	0.253772	-1.08308	-0.845239	2.09718	1.21789	1.3247	1.10446	0.342614	0.98733	
1.58501	1.14057	-2.75454	-1.27941	1.14972	0.996772	-4.16289	-4.89424	-1.06034	-0.699027	-0.635555	1.18097	0.280906	3.78176	0.0526972	-2.30046	1.73526	0.390603	2.25072	-0.13474	
0.195883	0.981049	2.21665	-0.384502	0.542366	-1.62584	1.67231	1.69587	1.5183	0.763529	-1.66468	0.0985182	-0.792831	-0.739826	-0.933754	-0.316495	1.13765	-0.449719	1.02405	-0.475674	
0.440184	-4.18904	6.09889	7.86281	-5.07465	-7.24122	14.8962	16.1132	3.62316	6.13653	-1.31742	3.63708	-5.23571	-16.5972	0.894296	7.45826	-6.10966	-4.53469	-2.81347	-0.666821	
-0.328946	0.569456	1.77987	0.65211	-0.0675037	-0.933791	3.51196	3.30335	0.164007	2.27308	-0.0719851	4.22466	-2.5045	-4.24877	-0.25642	1.53547	-0.467814	-2.22906	-0.880227	0.127252	
0.419652	2.13329	-3.62161	-2.7899	3.38031	3.33063	-6.39593	-6.67783	-1.23286	-1.45141	1.20076	-1.19787	2.44248	6.74809	-0.53092	-3.81238	2.37167	1.88843	0.784599	-0.533822	
