-7.26069	-5.83778	-14.2902	-15.5585	0.213277	-0.820845	-0.535229	0.444768	-1.73832	-8.23866	-4.74309	2.87312	1.96933	0.860391	0.908767	2.88813	7.99027	-9.01366	-9.95269	5.1148	
6.36436	11.5396	1.17072	10.0864	2.76693	7.43576	11.2987	1.85386	6.26966	-3.82743	-1.02739	0.820106	-2.64405	5.8392	11.6679	-3.0678	-10.9825	7.68535	3.34197	-5.77236	
-3.87556	-5.97826	-6.09506	-7.74996	-1.97701	-1.75889	-4.29658	0.0436699	-2.72039	-1.55278	-2.09035	1.8077	1.54375	-2.777	-4.74921	1.34632	5.71665	-4.57101	-4.38073	5.52242	
-3.15906	-5.76179	-0.737782	-5.02466	-0.63336	-3.81041	-6.37122	-2.18407	-4.33253	1.66811	-0.536516	-0.381751	1.54016	-3.99385	-6.3442	0.829142	4.65914	-3.32595	-0.85939	3.50556	
3.71309	6.82732	1.6332	4.1633	0.81316	4.03721	5.6499	2.08963	2.94614	-2.73969	-0.646238	0.134976	-0.105512	2.79161	3.97264	-0.989277	-6.02766	2.03348	1.7541	-3.98433	
-2.13505	-2.44651	0.340701	-1.85927	1.2673	-0.466719	-3.02954	-1.16982	-1.63295	-0.45625	0.990307	-1.20481	0.568861	-2.00032	-2.13598	-1.61151	-0.315861	-2.94046	1.22147	-0.253168	
-1.47902	-2.84531	-1.11255	-3.43321	-0.295772	-2.72071	-3.80826	0.141756	-1.59832	1.98952	1.01497	-0.513452	2.39225	-1.15064	-1.64262	2.05141	2.90788	-2.89364	-2.19117	1.9696	
-3.01805	-4.00522	-2.39788	-2.92402	-0.851744	-2.44333	-3.01087	-0.167066	-0.871635	1.27369	-0.859214	0.147188	0.131299	-1.12852	-3.99993	0.896804	3.59879	-3.63988	-1.42021	4.50109	
3.75595	6.40149	2.02829	5.42972	0.217982	5.07601	5.39477	1.72017	4.16243	-1.90957	-1.99314	-2.11548	-1.0194	3.57963	6.52991	-0.755094	-7.09419	4.16536	1.36926	-3.86943	
-5.58661	-6.58578	-2.0651	-5.45972	-3.17182	-4.69777	-5.99924	0.989772	-5.087	0.607034	0.834444	-0.107811	-0.372448	-4.1986	-6.67587	2.13706	6.96539	-3.7279	-2.97133	1.39935	
-1.65344	-6.49981	-0.417727	-5.71281	-3.21281	-3.71419	-6.76575	-0.207463	-4.49671	1.3779	0.0042324	0.468344	-0.502773	-5.07946	-5.3173	0.903822	5.23965	-3.02596	-1.14889	4.21118	
0.1275	1.0671	2.3984	-0.550888	0.776928	0.133053	3.40371	1.24242	2.3805	-1.26691	0.364018	2.04442	-0.605279	0.238177	1.42961	-0.179975	-1.73329	0.59058	0.650988	-0.726044	
-0.141459	0.793124	-1.62095	0.554528	-0.776098	0.161635	1.89512	0.346622	0.885661	0.194214	-0.854529	1.69141	-1.08006	-0.1957	-0.721837	1.06408	-0.760292	-0.553939	1.56576	0.25131	
0.933961	0.118257	-0.655499	0.68475	1.11496	0.115707	-0.313198	-0.0965906	-0.790979	-1.18434	-0.0884369	-1.44823	0.938665	-1.70758	-0.412327	-1.06015	1.25172	-1.22421	-1.25804	0.304391	
-3.76584	-6.85472	-0.751219	-5.77136	-1.66056	-4.60783	-5.54248	-1.61528	-4.03475	1.61761	1.03185	1.45821	2.19209	-4.51307	-6.16679	2.49548	6.75604	-3.61965	-3.5521	3.51921	
7.11519	11.5416	2.89051	11.0707	2.97364	7.78373	12.1355	0.133174	10.2347	-3.26036	-0.0511539	-2.07647	-2.55302	7.46043	12.6805	-4.39015	-10.0533	7.71007	3.56966	-5.62255	
-0.725281	-1.88629	-1.0026	-2.72418	-0.580779	-0.228119	-2.6601	0.0146632	-0.975154	-0.157729	-0.305108	-0.588515	0.298994	-1.49673	-2.04295	-0.249873	2.40034	-1.07586	0.815289	-0.0394978	
0.711026	1.7059	0.541571	-0.870402	-1.11942	0.503548	0.0423401	-0.130419	0.313626	0.279967	1.82958	-0.639349	-0.0958951	-0.263328	-1.19823	0.411263	-0.340756	-1.42317	-1.6333	0.601884	
1.8822	3.57369	0.698286	3.46203	0.593665	2.30703	3.26629	0.240496	0.67173	-1.28036	-0.51845	-0.163021	-0.467531	0.54976	3.1975	-1.79175	-3.55282	1.05312	-0.290965	-2.76478	
3.27773	-0.708618	14.25	9.94652	-2.74581	-5.70311	-7.35258	-2.09663	-0.953361	8.03479	2.07452	-2.67711	0.549901	-6.46316	-6.06743	-1.23407	-2.41181	4.54715	4.58411	-2.23885	
-1.00021	-3.14251	0.53773	-3.14465	-0.536877	-1.95562	0.075554	-0.0437121	-2.40147	0.753135	0.136315	0.502277	1.49571	-2.73283	0.12601	2.05228	2.53456	0.593976	-0.347561	0.411875	
2.12578	0.229929	-0.663632	0.172489	-0.450519	0.240351	-0.076657	1.14215	-0.678796	-0.685237	2.10657	-0.451047	-1.38947	-0.0412794	-0.572801	-0.828238	1.41999	0.0942109	0.163156	0.597385	
2.14039	4.91918	-0.726772	1.0057	0.529289	3.26883	5.2546	-0.168576	2.54727	0.0650215	-2.62922	-0.968314	-0.91761	1.53727	5.41358	-1.19977	-4.30972	2.66655	1.13822	-2.73363	
1.9541	4.7161	1.30092	5.43152	-0.0018102	3.75436	4.80927	0.583353	4.08384	0.442352	-1.53703	-0.00781934	0.264111	3.66923	6.50502	-3.12712	-5.73302	2.87697	-0.463119	-3.43426	
10.9367	18.5025	2.42934	17.8455	4.82303	11.9625	19.0911	3.78181	15.446	-6.42268	-1.65467	-1.53397	-4.74825	10.8115	19.372	-4.88144	-17.6991	10.9474	6.06983	-9.58602	
1.96681	4.81379	-0.946691	4.22258	-0.131728	1.72706	5.27302	0.00600753	2.29457	-2.72575	-0.683476	-0.991025	-0.126343	1.53377	2.78438	-1.15271	-4.43206	2.51228	-0.400275	-2.56828	
1.65422	-1.56072	-0.62642	-1.41078	-1.16571	-0.750781	-0.346523	0.276916	0.477637	-0.992137	-0.629812	2.0157	0.116257	1.13169	1.3543	1.51541	-0.0405112	0.26364	-1.15869	0.121759	
-2.57691	-6.79994	-2.34793	-6.8116	-2.79015	-3.98583	-7.27578	-1.45622	-4.56649	2.92053	2.38965	0.751082	2.36075	-4.61851	-8.43015	1.46081	7.82178	-3.89382	-0.701801	4.42097	
-2.16149	-1.78753	-0.429367	-1.84159	0.252111	-1.41701	-0.244066	-2.49769	-0.366086	0.791383	-0.866753	2.47138	-0.00549198	-1.20414	0.0429781	-0.151215	1.24644	0.399944	0.239492	1.95667	
0.0898648	0.835299	0.467198	-0.579153	-0.220559	0.661126	-0.150423	-1.46742	1.08649	-1.97161	-0.707541	-0.872992	1.22013	-1.3333	2.38501	-0.734097	-1.46425	-0.707701	0.622394	-0.964564	
-3.6796	-6.55716	-0.841699	-5.10628	-1.59092	-3.28377	-4.66669	0.281972	-4.28222	0.669436	0.126389	0.108439	0.508026	-1.99225	-4.61907	1.98538	4.82052	-3.54209	-2.85417	2.62224	
3.48592	2.93929	1.1298	2.9206	1.64788	2.68317	1.77258	-1.15673	3.02017	-0.295604	-1.18995	-0.0650995	-0.082069	1.7742	2.35217	0.0536303	-0.275952	2.87925	-0.786446	-1.31417	
4.72674	5.56676	1.84133	6.726	2.45526	4.91637	7.85149	1.86169	3.99507	-1.07167	-0.684801	-0.631372	-2.95878	5.55039	6.97442	-1.81069	-7.05389	5.24163	1.78816	-3.27176	
-1.04642	-1.67647	1.09124	-0.811028	-1.66895	-1.86644	-2.4323	-0.40581	-1.06743	0.256352	-0.683119	-0.172308	-1.77904	1.59227	-1.68985	1.69809	0.645	-1.99754	0.373813	1.52729	
-0.994654	-2.92853	-0.0832867	-3.27078	-0.43578	-0.472923	-1.51925	2.01933	-2.22752	-0.556325	2.57192	0.127772	0.278265	-2.46562	-1.52973	0.519882	1.05298	0.141847	-2.01941	1.33407	
4.18577	6.65138	2.01658	5.39749	2.89448	4.97872	6.28648	2.03387	4.99966	-1.46984	-1.35356	-0.231011	-1.29387	4.08935	5.73881	-1.73545	-5.97012	4.3988	1.75198	-2.82715	
2.91321	4.58304	1.97042	3.92993	1.93597	3.16964	3.53647	0.486391	3.8045	-1.07035	1.03264	-0.919328	-1.62642	2.389	5.02399	-0.859235	-3.11087	0.0206615	0.605932	-1.24606	
-1.57003	-2.12909	-0.0307609	-3.56556	-0.660368	-1.11723	-2.03852	-0.77198	-1.38199	1.02563	0.274553	0.615466	0.0801566	-1.95507	-1.94806	0.2067	3.25172	-0.667274	0.910358	1.35811	
1.93265	6.03255	1.73019	3.87112	2.65592	2.1521	2.20096	0.12635	1.39776	-1.48101	1.17499	0.452973	-2.28579	2.91277	3.75817	-1.45171	-3.86238	1.14012	1.58218	-1.95006	
5.13731	5.33233	0.268185	4.41452	-0.167806	1.82372	4.34547	0.429413	2.24032	-0.0603543	-3.2002	1.51762	-0.242504	1.89912	4.90458	-0.382178	-5.3716	2.52866	2.00767	-2.43095	
1.46282	1.41036	0.160493	0.0815648	1.00683	-0.269071	0.92335	-0.0114933	-1.00571	-1.07329	-0.376584	-1.09583	0.57551	1.52059	1.39306	0.415814	-0.820805	-1.09849	1.01242	-1.34134	
-3.44811	-6.24776	-2.78326	-3.65648	-2.52931	-5.03377	-5.84751	-1.44041	-4.45626	2.35397	0.699065	1.00284	2.38766	-3.53907	-6.73293	0.695646	6.51064	-1.66264	-1.42012	2.07684	
-1.71419	-6.15737	0.872271	-5.17374	-1.47514	-4.61522	-6.4975	-0.943014	-3.27957	-0.276183	-0.226634	1.08985	1.23272	-4.77394	-4.83051	0.950837	5.23016	-2.93783	-0.611065	1.83077	
-0.711267	-0.157465	0.118427	3.02521	-1.15181	0.292315	-1.84933	0.777369	-1.68468	0.912068	-0.168524	-0.801627	-1.24678	-0.332935	1.04953	1.86405	-0.163949	-0.986387	-0.0979443	0.61447	
4.14607	5.81797	1.04121	5.38775	0.936057	3.92301	4.39985	-0.86375	1.42318	-0.552091	-3.0489	-2.1285	-3.51607	1.33578	4.46422	-1.56986	-4.80295	4.46552	0.818727	-4.24222	
-3.9322	-7.7719	-1.41766	-7.4918	-2.22336	-4.81553	-3.75699	0.0993061	-3.32058	1.76883	1.16787	2.26668	2.54865	-3.23199	-4.25775	1.75346	4.9556	-3.4971	-1.39918	3.30518	
2.7016	4.89993	1.59288	4.55829	1.13315	2.52989	2.27735	1.54421	2.2596	0.34225	2.23668	-1.34958	-0.310785	0.899266	2.99539	0.801787	-3.42582	1.76532	2.15131	-1.50012	
-1.78108	-3.04852	-2.3014	-4.28957	-1.23947	-1.98071	-4.67903	-1.89716	-2.57084	0.225851	-1.27196	0.957824	1.53378	-2.60904	-4.39461	1.60202	3.82127	-3.03379	-1.88484	3.08156	
-0.556972	-6.75856	4.0876	-0.306754	-4.31597	-5.01482	-10.1312	-3.46026	-4.56762	4.938	3.23742	-0.358818	2.73706	-4.71373	-7.69443	-1.05709	4.96312	-2.47469	1.79762	2.60014	
-6.62611	-11.8655	-4.70373	-10.8803	-4.56522	-8.18789	-14.5202	-1.86764	-9.83573	2.18167	2.37114	0.900169	2.90981	-7.53721	-12.1162	2.15294	11.2217	-9.41793	-3.42619	7.00607	
4.07346	8.67148	0.776136	8.47527	3.73143	6.70625	7.71253	0.302693	4.44094	-1.24267	-1.69413	-1.59884	-1.52047	5.23867	7.08902	-1.02525	-8.3664	3.99126	2.50683	-5.71344	
-0.339377	-0.446207	-0.0953342	0.093617	-0.567858	-1.16538	-1.19426	-0.118543	2.00537	0.929589	0.114505	1.17861	0.499813	1.13864	-0.0952064	0.595104	1.92833	0.382434	-0.476688	0.280722	
-3.62662	-8.83562	-1.83967	-10.8866	-3.85522	-7.58202	-8.33047	-4.00766	-6.97024	3.75739	0.364776	1.04332	1.84705	-6.64607	-8.39534	2.8983	8.25821	-4.63182	-2.22507	5.57672	
-0.279576	-0.144701	-0.857259	-1.46625	-1.71084	0.236159	-2.70812	1.54972	-0.0883527	-0.381672	0.687049	0.0608704	-1.0562	-1.96571	-0.473373	-0.268009	2.83323	-2.03584	-0.38679	-0.193928	
-2.36101	-5.6281	-0.396922	-2.53991	-1.83322	0.176312	-2.61054	-2.22017	-2.1626	-0.351967	-0.515436	1.23634	0.45744	-1.97287	-2.09332	0.844612	2.79098	-3.73752	0.301086	1.8226	
-8.1728	-5.77914	-25.2215	-23.5327	4.30701	4.71139	10.0405	4.06183	-1.4507	-12.8741	-7.33915	5.38266	1.02451	5.26187	6.8344	4.06279	11.3618	-11.1691	-12.8324	7.53112	
-5.04452	-5.23189	-1.04821	-3.83569	-1.97743	-3.10541	-5.7641	-1.56217	-4.21627	1.00724	1.85893	0.417776	0.307979	-3.0704	-3.905	1.52728	4.55642	-3.49825	-2.16165	2.20867	
-0.764519	0.0915551	-1.13204	-1.40312	0.344863	-0.997021	-2.21325	1.24941	-0.0895187	0.719183	-0.0137779	-0.630489	1.20871	-0.645013	-2.38289	0.0754887	-0.432778	-0.379343	-2.30286	-0.0966371	
-2.76628	-7.41546	-0.747501	-6.64898	-4.77018	-4.25522	-6.28102	-1.21895	-3.13156	1.8392	0.99672	0.408836	1.76369	-2.40582	-6.44528	4.07609	6.78555	-4.15904	-1.24661	3.54892	
0.573167	-3.57224	-1.95296	-3.85	-2.3584	-2.33532	-2.93767	-2.07845	-2.32271	-0.0391752	1.23385	-0.516991	1.16277	-2.23456	-3.12793	2.13188	3.84297	-5.03231	-1.74679	3.26394	
-3.78314	-4.66647	5.53831	2.02889	-3.10581	-8.14994	-9.65598	-4.46683	-4.85718	7.16837	3.86538	-2.46838	3.41269	-6.63854	-8.61069	0.0195381	3.26637	-0.921366	1.54848	-0.129252	
-0.154691	-0.607543	-0.0575152	-0.955926	-0.574604	-0.386884	-1.03044	-0.253898	-0.369657	2.19103	2.25765	-0.368532	1.90367	1.65981	-0.276917	0.160426	0.935226	-2.19889	0.304957	0.204593	
-5.97758	-7.73046	-1.56912	-7.46187	-1.7526	-5.82441	-8.7085	-1.99212	-6.37746	3.19894	3.20191	-1.09304	4.87137	-4.73064	-8.35174	0.797433	8.80402	-6.46858	-1.2227	4.86187	
-0.475302	-1.09885	-0.705302	-1.85885	-1.37418	0.903251	-0.844781	-1.17958	-0.694872	-0.0813065	-0.676503	-0.346988	0.400151	-0.0272273	-0.1167	-0.728538	1.44178	-0.573914	-1.48637	0.0794979	
1.12691	2.5205	0.681696	2.99094	2.43293	2.72013	3.46388	-1.20431	1.45546	1.37752	-0.389101	0.544443	-2.2261	0.632556	2.43149	-0.811579	-2.24573	2.25516	-1.8902	0.838219	
-3.15163	-5.36351	-2.47513	-6.21581	-3.4878	-3.71247	-7.26463	0.288904	-5.56077	0.929827	0.208333	1.72285	3.236	-5.2186	-4.23178	-0.0556704	5.59125	-4.79974	-3.04536	3.34846	
-0.422984	0.383345	1.24632	2.49174	1.45183	0.361635	-0.532547	-1.08518	1.42369	1.21628	-0.984833	-0.635602	0.648961	0.14603	0.444229	-1.00018	-1.72838	1.57181	-0.789988	-1.55021	
0.718786	3.39464	1.95561	0.519508	1.19264	-0.488395	2.28965	-0.938601	-0.110667	-1.83944	-2.55266	-0.516596	-1.72464	-0.275063	2.13205	-2.00715	-0.969154	1.14881	-0.232407	-0.934476	
-5.72166	-10.4483	-0.559309	-10.9891	-3.58595	-7.86738	-9.21067	-2.5329	-8.14386	2.58472	0.0515947	1.6314	1.88125	-4.03744	-11.63	1.70473	10.8609	-6.26681	-3.20293	4.88963	
-3.70368	-2.63257	1.55547	-3.2384	-2.2713	-1.68775	-5.02493	-0.868777	-1.58734	1.44786	2.10036	1.53879	3.31339	-3.34844	-2.83062	-0.648095	4.17714	-1.6675	-0.921394	3.22385	
1.36585	-1.14637	-1.28179	-0.967723	-0.307379	-1.31466	-0.962946	-0.233133	-0.959325	1.15799	-1.42995	-1.5903	0.598747	-1.78575	-0.451056	0.116549	3.09575	-1.11826	0.769504	1.56963	
-3.04921	-5.33048	-2.56842	-5.96635	-2.82298	-5.54402	-5.66431	-0.629194	-2.51632	2.75304	-0.705113	0.447982	1.47362	-2.97476	-5.5011	1.49599	4.58066	-4.5436	-1.99942	3.78475	
-2.06775	-4.93317	-0.232747	-5.74249	-0.513547	-4.05374	-5.36941	0.207617	-4.55286	0.642713	0.263555	-1.55653	-0.842236	-4.03798	-6.5272	0.533391	6.17944	-4.14324	-1.45663	2.67499	
0.200403	-1.39505	-0.130448	-0.294259	-0.480513	0.313014	-2.35561	-0.37621	0.368046	-0.0424234	0.66825	0.060614	0.730846	-0.340801	-2.61681	2.10735	1.31017	-2.32365	2.31677	-0.793418	
1.70282	1.58929	0.641507	1.3155	0.235402	1.9014	3.57614	2.32535	3.09973	-0.451536	-0.151305	1.37746	-0.749381	2.58991	3.30105	-1.36571	-2.50487	2.65696	-1.24058	-1.36509	
0.350338	-2.01434	-1.22685	0.832311	-0.385724	0.0539145	0.24336	-1.3083	-2.12334	-0.2927	1.93461	-1.92482	1.10659	0.0116397	-1.46696	-1.26838	-0.0207001	-0.125842	-1.00443	0.904358	
3.08173	8.74296	3.51533	7.50404	0.918693	5.41076	10.0524	1.13999	5.63241	-2.02804	-0.368	-1.10772	-2.32613	4.95456	6.67466	-0.961653	-6.69665	5.16441	1.596	-4.48182	
3.83425	1.0847	9.10109	7.40756	-2.78146	-2.21098	-2.48108	-1.74104	1.33083	4.62402	3.85414	-3.05403	-0.104219	-0.744111	-0.80722	-2.61226	-2.5356	3.83418	2.5917	-3.19172	
0.822382	1.62551	1.09122	0.844911	-1.70506	-1.56753	0.865858	0.715952	-0.492309	0.75306	-0.07857	-0.763157	-0.38598	1.50286	1.15308	-0.25309	-1.72777	-0.482317	-1.27791	-0.284638	
-2.58621	-1.92152	0.344528	0.00463589	-0.743485	-4.59321	-2.21471	1.00849	-0.712468	1.13197	0.374996	0.00761453	0.571674	0.444733	-2.35502	0.628527	2.0588	-1.80448	-1.05577	0.394179	
-2.74069	-4.14244	-1.12912	-1.73733	-0.449317	-5.39446	-2.981	-0.233779	-3.59889	2.02962	1.13894	0.0725033	0.759598	-0.918113	-6.06271	2.92327	6.25001	-3.6245	-1.7299	2.92277	
-3.14425	0.12355	1.68209	1.42312	-1.90887	-0.688882	-0.274132	-1.31804	-1.36507	-3.42631	-0.765274	1.27622	-0.284375	0.683953	-0.750972	1.285	-1.57252	-0.443465	0.378394	-0.0668255	
-3.17735	-6.3451	-0.0287724	-6.58791	-4.35984	-4.55824	-8.70926	-0.978504	-5.81593	1.41539	0.0684154	0.959072	0.462576	-4.27984	-7.0468	1.23559	6.34331	-4.63128	0.273897	4.11503	
-2.13274	-1.53211	0.804759	-2.60932	-1.40307	-2.00779	-2.95313	-0.195437	-1.40209	1.80958	-1.03841	0.0224372	1.42214	-0.176498	-1.34691	0.754266	1.06279	0.378264	-0.0497079	0.453337	
0.557002	1.29359	0.365348	2.47318	1.6047	-0.396563	0.212579	0.776832	1.21681	0.188061	0.179155	0.814158	-0.841259	0.960413	2.40048	0.536711	-0.495943	1.42481	2.18399	-1.19278	
0.873061	0.505238	2.36917	3.23568	-0.383373	-2.77964	-3.74026	-1.53946	1.51977	1.18888	2.07944	-3.28372	-0.170604	-0.744949	-2.53228	-1.34905	-1.67048	1.65973	4.06796	-0.783142	
2.63369	2.86545	-1.47522	3.28397	0.107326	3.5872	0.844144	-0.0906533	2.13298	-3.89734	-0.643538	0.617345	-0.0428375	0.753568	2.17485	0.404873	-3.18087	1.76775	0.0607656	-2.90867	
2.9195	2.64808	-0.76742	5.00625	0.58922	2.52565	3.712	-0.770985	1.50045	-2.67412	-0.414853	-0.985082	-2.13458	4.02292	4.52945	-0.108075	-3.43797	2.12944	0.991492	-2.67043	
8.78922	7.00412	15.698	19.5197	-2.68583	-2.59764	-2.10241	-2.69169	3.50217	10.6846	5.52603	-4.19778	-0.582012	-1.0061	0.801093	-3.32223	-11.5005	9.43657	10.8577	-8.02396	
1.01147	1.15738	1.58249	2.37585	2.03183	1.64037	0.53003	1.06082	-1.02964	1.73818	0.804082	-0.833092	-2.05405	1.33485	1.24158	-0.569848	-2.25906	1.0926	0.735498	0.0802354	
-0.227463	1.6328	0.900876	0.842926	0.300888	-0.214479	0.549694	-0.761801	0.117673	1.06917	-0.176024	0.725888	-0.680925	-1.44378	0.592981	-0.709023	-1.35088	0.706096	-0.980618	-0.692013	
-2.99286	-5.24684	-0.957409	-4.36248	-1.97837	-4.44496	-4.57101	-0.42219	-4.584	2.96456	1.00946	0.723317	0.898545	-3.56348	-5.30058	0.7882	6.69903	-4.74208	-2.98364	2.92075	
1.98296	-0.0797933	0.592502	1.36301	0.0116073	0.948344	1.74625	0.485996	1.22861	-1.40728	0.0553358	-0.319772	-0.29956	-0.334167	-0.56098	-1.35701	-2.8892	0.860111	0.304214	0.827631	
-2.36665	-4.6842	-0.827593	-4.46184	-0.163616	-3.50642	-3.41805	-1.58181	-2.023	2.20077	-0.57826	-0.38906	1.38621	-3.60727	-1.71477	0.189552	3.98997	-2.22739	-3.34728	3.48886	
3.32938	9.68213	-5.24829	1.11182	7.56344	7.55042	15.3704	3.71153	7.22237	-7.59383	-3.41258	1.17268	-1.97462	9.41645	12.4713	1.29472	-7.01717	3.76332	-0.72066	-2.18109	
-3.46076	-4.62583	-0.867416	-5.15065	-1.49013	-3.91486	-7.30456	-2.21849	-5.92865	1.23835	2.15255	0.584324	1.8856	-4.27379	-6.09283	1.22471	5.72702	-5.22728	-1.64122	4.03231	
-6.00751	-4.63831	-15.2379	-16.2129	4.57602	2.44382	5.36551	2.38612	-1.68132	-8.72503	-5.22174	4.42674	1.4411	2.89564	0.904549	1.93444	7.19252	-9.03685	-9.58388	4.5338	
-1.66695	-2.29682	1.1717	-1.93568	-1.89672	-2.81937	-0.247667	0.581794	-2.89357	2.2902	-0.116823	0.742845	-0.299669	-2.33849	-4.41236	2.02482	4.60244	-1.84798	-2.40356	2.83376	
1.44412	1.6874	-0.0689378	1.35352	2.5063	2.21587	0.894519	-1.13396	0.333207	-2.25718	0.136713	-2.66844	0.473729	-0.275051	1.55883	-1.15968	-3.45921	0.932807	-0.377793	-2.41952	
-0.596797	-4.03	-1.41493	-2.66023	-1.16713	-2.66164	-3.19599	-2.5235	-0.72634	-0.398495	0.39904	-0.589452	0.25375	-1.8236	-4.10475	1.02699	4.80012	-0.961188	-0.625109	2.27261	
1.30074	-0.386247	2.01792	-0.669145	-0.130663	-0.0160696	0.665128	0.497588	-0.674406	0.794093	1.33893	-2.15304	0.891284	0.820064	1.38583	1.69655	1.28478	0.365771	1.66831	0.629151	
-3.92041	7.32059	5.83941	-3.5133	18.8991	-4.10547	3.14346	-18.4486	-19.6776	15.0436	-16.9608	-20.1489	-11.5437	7.48154	-4.04728	12.6087	5.34697	2.07202	3.33836	16.4655	
0.995195	-0.043275	-1.61322	-0.308382	-2.50247	2.30214	0.0536058	0.841147	4.19171	-2.84331	5.26258	2.46665	2.39035	-0.85342	-0.830164	-2.28801	-2.36289	0.328555	-0.684988	-0.796861	
-0.866808	-2.36221	0.718685	0.876588	-4.71432	0.831161	0.299481	5.8439	3.2621	-3.9091	2.3972	5.49026	0.700254	0.318397	0.940873	-2.38944	-0.29939	-0.223314	-0.499894	-5.44313	
-3.78057	-5.32535	4.83999	6.40625	-2.63832	3.33173	6.46031	12.7345	4.84966	-10.2228	8.79745	7.70109	-5.3776	6.37497	6.10611	-7.35105	2.198	10.4761	-7.5989	-12.4336	
1.37312	-2.97031	-3.08234	0.568511	-4.01908	1.76652	-0.840536	6.46418	5.27844	-3.45163	6.22016	6.99915	3.10483	-0.598815	0.44336	-3.48854	-3.88877	-1.83663	-1.44723	-6.4253	
2.7258	-4.56725	-2.22174	0.788889	-7.40343	0.668393	-2.41685	7.70368	9.99268	-7.48346	6.8241	10.65	4.4582	-3.71932	1.93233	-4.22522	-1.91345	-1.0001	-2.73052	-7.57537	
-4.66619	5.7426	4.0567	-3.19135	9.22845	-1.99485	1.33945	-10.5995	-9.64922	8.94264	-10.8266	-11.3551	-5.43432	3.1956	-3.72294	5.74101	4.10504	0.958072	2.74309	8.58934	
-1.29316	-2.39412	-1.51218	0.569888	-1.96792	2.30994	0.961219	2.80521	2.9758	-0.483909	1.75201	2.2532	1.95265	0.655478	0.777045	-2.98754	1.24197	-1.80226	-0.91472	-2.19577	
0.0531193	-0.197384	-1.45561	1.21722	-0.927732	0.53381	0.341944	2.50615	1.20408	-1.07183	2.46843	2.64997	-0.952589	-0.626978	0.64277	-1.42361	-0.366744	-0.48997	-0.462324	0.495897	
3.48782	-5.46492	-2.72483	1.97477	-8.41826	1.61323	-1.55428	10.4143	8.49986	-7.33227	9.50207	9.19982	7.44589	-3.02049	1.58248	-6.71065	-3.02582	-1.91557	-2.94897	-8.93193	
4.87351	-9.54437	-5.43745	2.6878	-16.4757	3.22163	-2.74808	17.495	15.1433	-12.4354	16.018	19.3419	9.59243	-7.46241	3.31598	-10.9596	-6.05078	-2.42184	-3.9781	-12.7355	
0.80039	-1.24958	-0.168441	0.155718	-1.71749	-0.443953	0.0769423	-0.354862	0.441479	1.45747	-0.575752	0.169713	0.572536	-1.4643	0.878062	-0.389387	-0.944158	0.00764176	-0.68828	0.0014612	
-0.826139	2.12887	1.8357	-0.488932	2.23782	-1.4664	1.55988	-4.06834	-2.7301	1.28072	-3.51868	-2.92266	-1.62554	1.22215	0.530828	2.72717	0.411769	0.599973	-0.302351	2.18492	
0.174431	-3.88439	-1.36232	1.49956	-5.4307	2.67516	0.784678	7.45357	7.82336	-4.12035	5.774	7.11695	2.56943	-3.26808	-0.616026	-5.51756	-2.10016	-2.33528	-1.94947	-6.24816	
-3.00434	5.96056	3.27242	-0.892237	9.65643	-4.44026	2.51261	-9.16321	-9.28402	7.4527	-7.02322	-9.04548	-6.67596	4.81049	-2.62885	7.70989	3.54066	1.31204	1.82275	8.2033	
-1.47203	2.02801	1.68865	-2.73731	4.42196	-0.772251	0.189841	-5.01245	-3.76549	2.81619	-3.02978	-6.49184	-2.13856	2.98435	-0.763636	4.91166	2.29263	2.099	0.585724	4.48954	
-2.73334	4.71966	1.58042	-1.00828	6.95457	-2.36872	1.59629	-7.01521	-6.92491	6.48903	-3.80365	-5.09842	-5.00119	3.55271	-1.72313	3.69084	1.35643	0.401959	1.66951	6.99322	
-0.505094	0.385309	1.0143	-0.148623	2.20994	-0.189138	1.25909	-1.91741	-2.64582	3.11411	-0.981007	-1.47458	-0.645437	0.285056	-0.5706	1.71795	1.74672	0.673853	1.84033	2.87847	
-3.39739	-4.01937	0.591778	2.10829	-4.33979	1.21823	1.32603	6.41102	3.94141	-6.39463	6.3422	7.41865	-0.186868	1.90273	2.78583	-5.59205	0.141428	3.80999	-3.95248	-11.0638	
-0.802283	1.47778	-0.350531	-1.63843	1.83028	-1.39637	1.19821	-2.01326	-1.1505	1.36857	-0.860635	-0.642585	-0.0918846	0.878467	-1.7236	0.866565	-0.085208	1.20597	-0.712309	0.0374672	
2.85373	-3.65386	-2.49848	0.393393	-7.2038	1.05682	-1.92086	8.08133	5.80915	-6.00596	6.29209	8.6222	4.74351	-3.65704	0.672732	-3.88325	-2.16217	2.74141	-2.93619	-4.86304	
9.07602	-9.22813	-13.4845	-2.09221	-17.5779	2.52319	-2.65346	15.9981	11.5914	-17.2236	16.4904	12.9407	6.0348	-7.71572	5.06103	-12.3165	-4.46181	3.76948	-2.12798	-14.4498	
-2.71115	5.72728	2.02514	-1.82852	9.10294	-1.80194	-0.288491	-9.54155	-8.35572	8.65262	-8.07312	-11.8983	-5.62586	3.43938	-1.80448	5.2274	4.56574	0.102754	2.74197	9.36152	
-3.42344	4.54556	3.10748	-2.90122	10.8884	-2.07092	0.619322	-12.0265	-11.2456	8.42971	-11.0409	-12.7474	-6.88497	5.12821	-3.75739	6.3881	4.55815	1.30002	3.0585	9.30234	
-0.450122	0.694894	0.347776	-0.801587	4.18047	-3.38859	1.22023	-2.38891	-2.87891	1.05322	-3.01824	-3.13071	-1.681	0.103318	-0.766529	0.621648	1.15644	0.462571	1.42656	2.56022	
-2.03031	3.64275	5.95977	-1.52789	8.89631	-1.37427	0.0735532	-9.41816	-9.12066	8.00098	-7.48091	-10.138	-5.84259	5.45511	-2.06156	7.39525	2.56337	0.3767	1.73187	8.23845	
0.708569	0.39814	-1.89019	-1.41343	2.62924	-0.931498	-1.82492	-4.58811	-2.92624	5.17122	-5.77776	-3.6666	-2.12266	-0.361183	-0.346528	2.59311	0.272556	-2.03263	3.50923	5.38483	
4.64278	-8.61712	-3.11924	0.809856	-13.3452	4.21541	-2.19817	13.81	13.1639	-11.593	12.7419	16.4388	9.46659	-7.24626	1.67838	-11.1672	-6.07919	-1.72953	-4.35035	-10.2586	
-0.277885	-1.40534	2.54661	-0.283393	5.35161	-1.87066	0.850012	-3.80395	-3.93349	0.965137	-1.28773	-3.75106	-0.560828	-0.813079	-1.01172	4.03682	-0.418421	2.05652	1.98443	3.77468	
1.26022	-2.7659	-3.02125	-0.388732	-5.04123	-0.144393	-1.33337	4.99067	5.23928	-5.88782	3.55167	6.1496	3.97548	-4.74391	1.42078	-5.73454	-2.51522	-0.357573	-1.11007	-5.8989	
-2.31553	5.83924	1.32357	-2.89095	8.5772	-1.66311	1.13413	-9.73473	-8.63656	8.09244	-7.45398	-10.3674	-5.6913	2.64791	-2.7834	4.82577	3.55449	1.64932	1.948	7.78532	
7.0552	-8.22673	-11.5188	-5.03935	-9.41059	1.20169	0.342318	3.81889	1.31846	-7.26477	5.79685	-2.13804	-2.71071	-7.09546	3.45303	-1.41792	-1.67631	6.7146	1.13439	-6.75666	
-0.386209	-0.446609	0.720208	-2.0436	3.45805	-0.737724	-0.670603	-1.88283	-1.84404	3.87399	-3.18331	-2.97252	-1.71685	1.33442	-0.235646	3.47797	1.21833	0.808633	2.28741	1.28446	
2.25622	-4.24078	-1.69136	-0.370584	-7.87514	1.91291	-2.26262	7.84374	7.57262	-6.51901	6.95821	9.39315	4.93998	-2.83292	2.50959	-6.20158	-2.86211	0.405171	-1.93384	-8.40478	
-6.70492	4.03236	12.2168	9.15364	2.30408	5.00684	-1.28181	9.38763	12.6474	2.23276	0.552389	16.6709	12.659	1.30777	-4.93555	-4.99129	-3.56371	-9.35233	-3.02772	-3.29774	
-3.30709	1.81971	1.71949	0.382784	5.84657	-2.55345	2.02968	-4.61578	-6.37218	2.3803	-5.49544	-7.15523	-3.91613	2.88899	-2.21801	4.50256	2.76089	1.42009	1.71036	4.44474	
-3.03064	3.88714	1.78269	-0.0479985	7.4354	-0.693327	-1.14055	-7.69988	-7.56916	4.77668	-7.60173	-8.02453	-2.87847	3.14685	0.272641	4.98897	1.64943	1.35781	2.26033	5.62897	
-1.92148	3.32538	3.24606	-1.623	4.70606	-0.409518	2.28273	-5.952	-5.9303	4.58214	-4.43538	-5.45961	-2.63199	2.34032	-0.260186	5.36139	3.10186	0.644251	0.412851	5.27506	
0.0742826	-1.73525	-0.277646	0.459293	-1.64276	-1.37894	-0.85145	1.3259	2.04259	-3.2889	2.37323	0.795049	3.52165	-0.502439	1.91994	-3.7002	-1.73512	-0.4816	-0.200504	-2.52548	
-0.312179	1.02123	0.990343	-3.18927	2.86498	-1.40914	1.68121	-6.20913	-3.52195	3.52404	-4.11361	-6.39261	-0.805726	0.72648	-0.964607	1.85776	2.98912	-1.80803	2.32457	2.86503	
0.723525	0.529673	-0.0528943	0.848121	-0.471034	0.624186	0.499878	0.867334	-2.03657	0.0636124	-0.368044	-0.222788	0.111031	1.1408	0.537079	-0.374464	0.353583	-0.937332	-1.75272	-0.496522	
0.427323	-2.82064	-1.63382	-1.79372	-4.33184	-0.282632	-0.233903	3.75689	5.3345	-1.54257	2.70509	6.92651	2.99494	-1.52138	1.70578	-3.41428	-1.05022	-0.870469	-0.014887	-3.81182	
1.67801	-4.74286	-1.24549	1.18203	-5.49095	1.36267	-0.28132	5.12605	3.75694	-4.53448	4.96489	7.94522	2.68896	-3.39089	2.34937	-4.03541	-0.517569	0.549588	-2.54676	-4.96375	
0.980093	-2.34337	-0.896991	-0.0720867	-6.25408	-0.881303	-1.3957	6.11934	7.23939	-5.09718	2.40365	7.33124	2.65541	-2.98562	0.857975	-5.40033	-3.84018	0.508357	-3.34217	-6.25809	
-0.410058	1.9808	1.39529	0.982625	4.75718	-0.995438	-0.929078	-5.27593	-3.61495	3.16593	-2.80408	-5.32918	-3.46827	2.86281	-0.354273	1.92575	0.375124	-0.840378	0.985453	2.35645	
-4.49367	2.99656	13.5292	11.2558	-0.472505	7.98821	-0.824118	12.4113	17.1295	1.23042	4.294	21.8944	17.9605	1.91212	-4.12599	-9.90149	-3.24124	-13.5593	-4.1474	-6.48535	
-3.67071	4.82782	3.98	-1.95569	9.7951	-2.86093	0.50689	-8.75903	-10.7523	6.8545	-8.55841	-11.1575	-6.01875	3.83001	-3.25093	4.07001	2.2503	2.40052	0.137176	8.86045	
-0.602655	2.72721	-0.000451249	0.188531	1.40766	0.130725	1.49552	-1.18532	-2.50869	1.21197	-1.68699	-1.61541	1.6096	0.665791	-0.674206	0.315476	1.39782	1.88266	-0.71599	1.61516	
-0.697444	4.33618	3.94936	-1.23294	7.84209	-1.30639	-0.843466	-7.62097	-8.65411	6.80729	-5.72172	-8.65787	-4.22528	2.42997	-1.51931	5.58816	4.01976	1.71946	3.54957	7.74908	
-0.953717	2.82296	3.29325	-2.09201	7.07765	-2.29807	-0.224369	-6.46362	-6.58124	4.79181	-5.29241	-6.93216	-3.70194	2.48949	-1.57707	5.17956	2.35263	1.90246	2.74136	6.16809	
-6.67056	6.04605	8.97378	1.90527	13.8905	-1.08741	6.82211	-11.7992	-13.6318	6.3881	-10.8055	-15.3529	-12.1313	10.9469	0.0521362	8.36974	9.39757	7.99857	1.25931	10.1215	
-1.07063	3.34224	0.935441	-3.67082	4.30287	-0.0150114	-1.77417	-5.53037	-4.09017	4.50924	-2.93727	-6.74294	-0.677465	-0.125715	0.200636	3.48859	4.1101	-0.678926	0.122982	2.0659	
2.04369	-8.0824	-6.43405	1.8302	-15.4734	2.99873	-0.839307	15.9979	17.0113	-11.9906	17.6418	18.5194	9.82581	-7.03023	3.90582	-12.6857	-6.32463	-0.652007	-3.54655	-16.3487	
3.96989	-3.4067	0.00607683	1.0056	-4.61709	1.08002	-1.59964	5.82727	4.46954	-5.13527	6.25056	5.15788	3.63571	-2.26284	0.222566	-4.44764	-2.25611	-1.36791	-0.950457	-5.78235	
1.14525	0.0339735	0.614195	-2.14822	0.456308	-1.79598	-0.34707	-1.8093	0.994148	-0.832499	0.689227	0.0952985	-0.709004	2.53655	0.696484	1.29077	-1.10143	0.761142	1.76851	0.726692	
-1.60887	0.326346	-0.598472	0.50751	-1.32057	0.684315	0.969084	-0.895787	-1.73747	-0.316573	-1.20616	0.635847	0.691821	0.438182	0.511972	0.597148	0.224881	-0.437125	-0.910759	0.836247	
4.44502	-8.93115	-6.04965	2.97083	-15.554	3.45537	-2.04301	15.549	16.0679	-13.3411	16.4191	15.8737	8.45042	-6.37895	4.33974	-11.3553	-4.63517	-1.27805	-2.72582	-14.683	
1.31189	-1.16521	-1.08166	-0.535627	-3.4189	-0.0849797	-1.06559	2.84151	2.42543	-1.19765	1.4506	3.48265	0.0926751	-2.01345	0.134028	-3.22531	-1.40347	-1.21239	-0.322954	-3.41342	
0.00481603	0.60101	0.39185	0.354502	1.02341	-1.12811	0.221322	1.20237	-0.951702	0.212963	1.2292	0.0226175	-1.04583	-1.20164	-1.03086	1.13082	0.402306	0.703926	0.88832	-0.451078	
-1.0194	0.0262673	0.128349	-1.51864	0.974409	1.89058	-0.0749327	-0.829553	-1.54064	1.32201	-1.69497	-0.847394	0.246309	0.483141	-0.0937148	0.812823	1.67476	-0.151346	0.768187	-0.517219	
-0.392164	-1.41644	0.918898	0.791559	-4.35299	0.863797	0.473594	4.14972	4.46626	-4.74287	4.09796	4.6857	0.632798	-1.63891	-1.35342	-1.86141	-1.257	-0.971315	-0.991554	-4.56208	
-10.0583	4.65063	10.4132	1.50154	15.1497	0.544739	7.97767	-10.6208	-13.6568	5.98873	-8.76032	-16.3222	-12.7359	11.2315	0.0345194	6.06775	9.33978	10.3261	-1.6074	6.63261	
0.456735	-3.14175	-3.32089	0.215522	-5.0225	2.56646	-0.278767	6.35682	5.34304	-6.47561	5.71949	8.01205	2.75203	-2.26241	3.02294	-4.15601	-2.45628	-0.604918	-1.9034	-4.6651	
1.81739	-1.76453	-3.04656	0.57939	-4.59623	2.50021	-0.991754	2.89206	3.42967	-2.53081	2.9357	5.30633	2.52249	-1.1742	1.43503	-2.87424	-1.07982	1.81458	-2.83663	-2.75309	
-1.59875	2.44596	1.56669	-0.44249	6.68008	-1.70539	0.143376	-6.2484	-6.65705	4.9532	-5.15924	-7.97088	-4.41687	3.07376	-0.56129	4.19105	2.40978	0.125758	0.919973	4.50348	
-0.541095	-0.434266	1.75253	-0.898356	-0.627365	-0.122774	1.11761	-0.893706	-0.0804308	0.505064	0.669276	-1.90236	-1.55839	-0.0153209	-0.534261	-0.206288	-1.32686	-0.819956	-1.50571	-0.142104	
-1.80879	1.01584	-0.592311	-0.0386857	3.92159	-1.28882	0.171653	-5.09485	-4.61194	4.07999	-5.21211	-5.55988	-3.70254	3.99671	-2.3737	3.50181	2.25301	0.091587	0.507881	4.17939	
-1.83829	2.57401	1.47373	-1.21887	2.23393	1.04003	0.0715153	-2.55797	-0.632962	0.397746	-3.00868	-4.24726	-1.93199	2.03131	-2.06154	2.06776	1.87453	-0.357074	-0.239867	2.47251	
7.59956	-8.67278	-9.60953	-4.02392	-10.5924	1.01714	-1.06158	5.90099	2.43565	-8.49893	7.38143	1.51872	-1.55108	-5.19652	3.28621	-4.25864	-1.01106	5.24307	0.649424	-8.50055	
-0.761195	-3.1633	-1.01273	0.52123	-7.36491	-1.69439	-0.91402	5.08358	4.89984	-5.00572	4.84402	7.14968	4.1764	-2.26336	2.91202	-5.80571	-1.9168	0.254173	-2.80081	-4.40426	
-0.867707	2.96327	0.881405	1.01237	0.202609	-0.92923	-0.248572	-1.17756	-1.30131	1.30552	0.0182886	-2.40046	-3.04411	0.443447	0.53245	1.10369	1.14975	-0.307814	-0.583129	0.556967	
-2.38742	1.10758	1.69203	-0.512859	1.24742	-0.114718	0.292146	-2.47516	-0.0810358	1.21075	-2.50691	-2.53313	-1.33558	1.00595	1.0812	0.737948	-0.424746	1.69355	-2.07185	1.18752	
1.64479	-2.43902	-1.63221	-0.200208	-0.195737	0.331075	1.19979	2.20377	2.73564	-2.45222	2.56097	4.20226	2.47301	-0.206548	1.79283	-1.49172	-0.505264	-2.00606	-0.443241	-1.78195	
-2.12864	1.97221	2.01924	-0.773846	5.78043	-1.70555	0.213754	-5.67933	-6.03876	3.61177	-5.58896	-7.28013	-2.37699	-0.236569	-2.20044	4.31454	2.35087	-1.65066	0.313187	5.99581	
0.247818	1.07982	-0.225039	0.0385835	2.76003	0.352571	-0.599452	-1.85224	-0.460592	0.823277	-0.850303	-0.723243	-0.0986418	1.13412	-1.68238	1.47594	1.20458	-0.382683	0.121001	1.74258	
0.0156753	1.08305	0.804147	0.213154	0.730486	-0.509571	0.0148878	-1.42454	-0.624979	2.94483	-1.78479	-1.77095	-1.12769	0.767735	-0.60574	2.46099	1.87305	0.0283838	0.567648	0.120356	
-0.791374	-1.8812	-1.68352	-0.211851	-0.640346	0.154593	0.633401	-0.098019	-0.791189	0.0337941	1.04086	1.30352	0.191112	-0.632227	0.635879	0.103276	-1.02048	-1.4191	0.573628	-0.356828	
-0.192705	1.42823	1.21908	-2.1268	5.83289	-1.32637	1.5898	-5.52268	-5.88615	5.89693	-4.58982	-5.37105	-3.10984	2.58418	-0.358025	1.08525	2.24455	0.952009	2.33272	4.67453	
0.91242	0.53621	-0.448765	1.35214	-3.2808	1.0598	0.268809	2.30635	4.16107	-2.00324	1.83576	4.50186	0.116168	0.109658	1.60646	-1.82424	-0.302954	0.992523	-0.949683	-2.00118	
-1.00905	1.6336	0.748905	-0.503419	3.81698	0.422477	2.00218	-3.98687	-2.38758	1.4344	-2.70704	-2.98601	-0.829069	2.74213	0.806711	2.03234	2.12575	1.51531	1.01084	2.74463	
3.04471	3.15216	-6.20471	-4.22527	0.518114	-2.02667	-5.65282	-7.03414	-0.190195	6.37493	-4.79427	-3.81227	3.66126	-4.75389	-2.91953	3.17876	-3.92244	-8.42039	3.64721	8.20869	
-0.0715643	0.944775	-0.425899	-0.64471	3.71357	-0.308461	0.4815	-4.01845	-3.17179	2.12679	-3.12755	-3.09328	-2.15713	1.38931	-1.39314	3.49531	2.4757	-0.0611859	0.904662	4.21998	
2.99058	-5.85212	-4.56811	2.59293	-11.8681	2.31362	-1.74913	13.5345	12.8507	-8.32189	11.8372	13.0655	8.67476	-5.43256	3.88243	-9.14375	-5.9716	-1.15231	-2.69366	-12.2388	
-6.1101	7.06266	9.5793	4.09573	9.93101	-0.590176	0.989197	-4.50369	-2.0317	7.96236	-4.7305	-1.22058	3.62712	6.32051	-2.98782	4.65805	1.88498	-3.89381	0.853207	6.98325	
-8.58958	8.55781	8.23433	3.6256	9.27329	2.06157	1.66947	-5.23112	-2.73838	6.38222	-5.982	0.124772	3.76627	6.00638	-4.04488	2.5815	1.35992	-4.77507	-0.891392	4.20561	
-2.52566	4.63655	3.01926	-1.07672	7.22056	-2.85937	0.0906904	-7.34972	-6.49786	6.0561	-7.37643	-8.38266	-3.88306	2.45662	-0.85092	6.14539	4.33207	-0.659485	2.09643	8.09722	
-3.1093	2.59469	4.9451	-1.15783	6.82171	-2.9325	1.79727	-4.50648	-5.98896	5.77203	-6.757	-6.60418	-2.55845	2.53561	0.228843	4.496	1.71004	0.704128	1.64657	8.6519	
-2.56675	2.91252	3.94698	-3.07841	6.99062	-0.62938	0.751964	-6.48655	-6.91566	4.72182	-5.34006	-6.65076	-3.21565	4.40025	-1.27756	3.89447	2.97535	0.814789	2.79348	5.83692	
-3.54019	2.48109	1.81392	-1.08093	2.48617	-0.284267	1.56824	-3.61201	-3.60299	3.333	-2.58907	-4.21175	-2.10035	-0.413818	-0.654426	2.22113	0.338273	-0.748552	-0.000431244	2.78948	
-3.02063	3.9337	2.04037	-0.712235	11.3435	-2.49088	-0.373895	-9.18909	-9.03796	9.09003	-8.85279	-9.91762	-4.7353	2.73662	-3.4442	7.9231	3.82677	0.794327	1.92525	7.40854	
-8.13444	9.10535	11.9197	2.34181	16.0205	2.51934	2.04912	-7.75322	-4.53298	14.3583	-14.6595	-4.87001	-0.728837	7.49793	-6.17802	7.2728	3.62611	-5.4914	0.554356	11.4998	
-1.00869	0.217979	0.153615	-0.864241	2.05365	-1.05034	-0.325629	-3.96952	-2.34403	3.46604	-2.29599	-1.72026	-1.68033	2.02453	1.14919	1.08781	1.11964	0.779009	-0.857485	1.2066	
2.20204	-2.2255	-3.19426	2.01683	-5.9017	2.31159	0.170044	5.68585	5.1393	-4.84061	4.26099	6.3867	4.12405	-4.23806	2.21366	-5.19942	-4.56907	-0.660909	-2.09119	-6.16641	
1.34819	-2.28205	-2.05518	0.252099	-1.54481	0.388281	1.50813	1.63123	1.65409	-0.823471	0.490678	1.47428	1.30235	-0.6114	-0.368755	-1.68609	0.692716	-1.33417	-0.151228	-0.968643	
0.691888	-0.424572	-2.62776	-2.15818	-0.818252	1.07632	-3.76476	-3.67384	2.9798	0.580317	-0.13551	1.03715	2.04449	-3.75667	0.532568	1.70889	-2.76568	-1.15675	1.93899	1.33282	
1.07547	-0.305114	-1.02733	-1.14105	-0.956506	1.56013	0.991842	3.12928	1.20898	-1.49269	1.34322	2.13783	1.57575	-0.884961	0.890628	-2.11049	-0.598289	-0.451195	-1.25475	-1.21537	
1.96867	-5.29498	-3.33364	1.38543	-9.27661	2.20045	-1.75518	8.11587	8.13385	-6.1949	6.55011	9.3056	5.87845	-2.74338	1.82454	-6.77634	-4.43723	-1.56133	-1.36265	-8.14437	
-1.98128	0.916074	2.2805	0.243747	1.46698	-1.41857	1.13341	-3.18594	-3.19562	2.28803	-3.37103	-2.98625	-3.1212	1.85033	-2.17937	1.78378	0.627271	-0.04265	0.528099	3.72175	
-3.08552	-5.81996	3.47572	3.91935	-1.6673	3.95464	6.85969	11.8649	2.56054	-10.7929	7.97601	5.72036	-3.64858	4.75622	6.05864	-10.0092	5.01874	9.4697	-8.10591	-11.9123	
-3.23908	-1.49789	9.65906	7.55382	2.79456	-7.0459	-11.1523	-0.343845	5.04908	2.6339	3.88259	1.34038	10.5745	2.6197	7.57139	1.85391	-0.995922	0.411758	-10.1673	-8.60237	
-2.73063	-1.29286	7.40781	3.78043	4.34714	-3.67062	-7.42261	0.798511	2.86086	1.25371	-0.0229249	0.727037	9.61543	2.44718	5.08378	-0.179233	-0.137772	-1.35578	-5.63073	-5.16112	
2.61188	1.96958	-8.19723	-4.72968	-2.52648	4.73846	8.20557	-1.1589	-2.61006	0.065882	-3.012	0.631489	-7.60877	-1.15134	-3.8753	0.337629	-1.45436	-2.51459	6.48476	5.7291	
-2.91281	3.87166	5.53641	4.10097	4.12982	1.55275	-1.1575	1.53619	4.29042	4.75085	0.0227635	5.74643	5.28978	2.17664	-2.38755	0.599341	-1.01436	-5.48236	-2.52575	-0.510236	
2.02407	-0.221089	-7.79192	-4.59459	-2.79768	3.82817	6.61837	0.746676	-2.95101	-1.55937	-3.34131	-0.511135	-6.96717	-1.83856	-1.46352	0.0116639	0.814743	-0.901439	4.2968	5.18024	
-0.313682	0.581656	2.33388	1.13103	-0.571809	-0.782484	-1.92538	1.86537	0.666968	-0.149262	0.0517373	1.08466	-0.283656	0.749354	0.109727	0.633264	-0.259021	1.02614	-1.34638	-0.569265	
-4.57812	-1.64443	12.8658	8.43543	5.70874	-8.67899	-13.6696	0.630694	5.81032	3.40201	2.69708	1.20884	12.6135	2.09118	6.52012	1.53471	0.922999	2.82023	-11.7227	-9.12079	
-2.88747	-1.42742	10.1033	8.44924	3.30226	-6.06919	-11.5971	-0.86358	4.21897	2.36688	3.9169	-0.300916	12.7299	4.10629	4.90787	0.772772	1.88462	1.33535	-9.59948	-7.82214	
0.706414	-1.43681	-0.261782	0.724148	0.348559	2.29125	0.410886	0.203858	0.245742	-1.8435	1.10147	-1.15934	1.56941	0.260215	-0.335516	0.657016	-0.25492	0.0438177	-0.0926334	0.808571	
-2.36972	0.827794	2.17907	0.288606	-0.0257562	-3.43248	-1.48241	-1.41283	0.136621	0.474236	0.244484	0.749445	1.65262	0.974166	-0.19386	0.152629	0.560784	0.571812	-2.05194	-2.12023	
3.16762	1.31627	-6.67253	-5.43468	-2.11682	6.54163	7.86922	0.439053	-2.69415	-2.71101	-2.40015	0.501395	-7.74374	-2.44397	-2.83833	-1.5306	-0.277995	-1.30339	7.07861	7.6497	
-2.05756	-1.25672	2.01974	1.0277	-0.0817558	-0.909755	-3.27985	0.138582	0.776132	-1.31798	0.681043	-0.619885	2.94508	1.12213	2.22599	0.418932	-0.30687	-0.0637108	-2.71354	-1.84359	
-0.714039	0.683016	-1.41571	0.36108	-0.204187	0.513351	0.992009	-0.716582	0.792966	-0.0409785	-0.926243	0.0748538	0.899346	0.295718	-0.1874	0.392944	-1.02591	0.766879	0.971317	0.753197	
2.81074	0.951248	-4.24739	-1.66665	-0.794612	1.6124	4.95124	0.0739078	-2.63979	-1.9537	-1.48741	-1.81369	-3.78046	-0.462127	-0.313892	-0.0418158	-1.5488	0.562456	2.70822	2.24507	
-0.999094	-1.78534	5.23967	3.46026	1.4552	-1.21637	-5.86245	0.845905	2.50387	0.815256	0.526517	-0.113438	6.03155	0.113136	3.88551	-0.783019	-1.18383	1.38698	-4.97419	-3.8301	
-2.49862	0.349595	3.70329	3.05275	0.525958	-1.16259	-2.94274	-0.838948	0.929033	2.32195	0.549378	0.102249	5.08072	1.70099	0.871926	1.45744	-0.037939	0.130197	-4.16035	-4.42681	
-1.32778	-0.276685	0.0727678	-1.41894	0.669357	-0.0105982	-0.341294	1.24595	0.83146	-0.873564	0.931437	-0.134518	0.540391	-0.624459	0.270643	0.673299	-0.687088	0.212883	0.41829	-1.27729	
-2.23259	-0.369229	5.07092	5.96893	0.843832	-2.61486	-5.1948	0.13516	2.29567	1.52694	1.73256	0.396701	4.51567	1.22125	1.82538	0.415048	-0.363157	1.60661	-4.8913	-3.69535	
-0.558275	0.505403	1.81907	1.36396	0.413426	-1.41283	-3.31845	-0.707067	0.154006	1.5049	1.11921	-0.0487357	2.1872	-0.169471	1.43683	2.11233	1.48351	0.0887507	-1.21909	-2.53236	
0.607024	1.35738	-6.02011	-2.58451	-1.85578	1.9178	5.58549	0.27379	-2.63571	-1.28689	-0.547054	-1.49726	-4.50051	-1.84546	-2.66402	-1.16443	-0.0564145	0.813252	4.59837	3.00419	
0.896716	0.690788	-0.0242435	-2.72514	1.00249	-1.56354	0.0879837	2.25827	-1.3276	-1.89665	0.24367	1.31766	-0.84419	-1.21013	-0.564302	0.242901	1.38536	0.916622	-0.107957	-0.0346725	
-12.8724	8.70938	23.6857	16.4151	9.80758	7.51156	0.564492	4.36275	14.6134	10.5435	-4.06216	19.3991	19.2706	7.65136	-8.62928	-2.1186	-3.7893	-20.0431	-5.0925	-0.607446	
2.15078	0.900526	-7.0297	-5.03461	-2.66652	4.42464	6.76874	0.122301	-4.62651	-3.3255	-3.52353	-0.0831886	-6.92957	-1.45672	-4.4314	-0.76566	-0.609347	-0.934978	6.76569	5.82482	
1.73765	2.94557	-11.6031	-5.99576	-4.18595	5.77035	10.9055	-1.32683	-3.0828	-1.54901	-5.09685	-0.505992	-10.1032	-4.3367	-5.39557	0.205978	-1.28153	-0.603088	6.92174	7.02092	
-0.879872	0.367162	5.02883	3.21305	0.173544	-3.01802	-4.23484	1.46393	1.4684	-0.35526	0.968961	0.948864	4.86776	2.27446	1.58421	-0.535236	0.406484	0.33168	-4.42813	-3.98422	
3.06174	-2.31055	-3.37465	-2.93475	-2.93507	-6.70762	-6.74383	-2.92194	-3.14485	-1.41208	2.93351	-5.91867	-2.32079	-0.919104	4.98261	1.34161	1.53031	7.72139	-2.69229	-2.6922	
-3.17028	-2.17718	13.6905	10.4545	3.23979	-8.30958	-14.8695	1.27862	4.88466	3.80881	4.80139	0.617672	13.4517	2.18185	6.28194	-0.592518	0.622187	1.7933	-14.204	-10.2528	
0.00206225	-1.58714	2.90209	0.779853	0.62091	-1.105	0.27929	-1.01239	-0.0643244	-0.207548	1.95838	1.69025	3.74144	0.626665	-0.955855	-0.602736	0.480556	-0.337582	-1.48729	-0.7445	
5.65855	-6.36786	-8.70272	-6.11188	-2.52912	-7.38163	-4.80554	-3.85979	-7.19437	-5.51808	2.7758	-7.95823	-4.49071	-4.27096	5.25942	1.97273	1.20559	10.1113	0.0651541	-3.72053	
-6.99331	-2.87494	14.1725	4.79309	6.2723	-7.42246	-15.9564	-1.50021	4.0395	0.462625	9.08798	-3.89608	13.5288	5.95779	0.718757	-3.25282	5.68974	-4.47888	-10.5636	-11.3353	
0.0417585	-1.02889	-1.42441	-2.29288	-0.228557	0.373351	1.90369	-0.9455	0.308043	-1.93034	-0.340349	0.955208	-2.22743	-1.71999	-2.78362	-0.234025	-1.08041	0.775507	0.546398	1.74021	
-2.72968	-3.32073	11.3867	9.55726	5.8451	-6.36794	-12.7296	0.483111	3.68747	2.07917	4.07792	-0.256671	10.1092	3.62841	7.136	1.77559	1.48069	2.15246	-8.21002	-7.48934	
-0.88656	-1.62927	4.28459	3.85582	-0.540394	-5.1106	-7.01662	-0.426346	0.975149	1.62823	2.35274	-0.581152	5.04342	2.30905	4.21124	1.54002	1.03904	3.35683	-5.31746	-6.23496	
0.0565648	0.0732062	-4.43482	-1.84939	-1.06164	2.5637	4.61449	0.703475	-0.469603	-0.422765	-1.18988	-0.314928	-4.01018	0.685049	-1.1998	-1.11748	-1.27934	0.776009	5.69006	3.87475	
-3.74081	-5.07663	2.86731	-5.62907	6.0815	1.70668	0.953562	-3.55299	0.694265	-3.74918	9.25951	-7.73572	-7.02406	6.84965	-9.80516	-6.50886	8.16595	-15.2366	4.12073	0.230495	
-0.795319	0.00375349	2.03082	1.6406	1.3633	-1.00636	-3.39111	0.79115	-1.01198	2.5077	1.49976	-0.63372	3.62469	2.99425	0.976977	-0.582126	0.188078	0.882062	-1.88456	-3.81565	
-1.55899	-1.17625	2.84344	3.28954	0.587618	-3.43086	-5.44575	0.872421	1.7352	0.567322	-1.3946	-0.175903	4.38899	-0.79288	2.69539	-1.20927	-1.42464	-1.08202	-2.76692	-3.67602	
-3.72693	-2.20519	6.75682	4.17261	0.0562642	-3.90119	-8.66545	-1.29856	3.86939	0.140789	1.33136	0.854655	7.52566	2.08066	2.52677	0.946997	-1.56974	0.710867	-3.93293	-5.10272	
0.0773218	3.00958	-2.02307	-2.93156	1.41926	6.13798	9.75024	-0.157108	0.00676149	1.1283	-3.66797	4.56746	-3.54489	-0.518704	-5.35859	-3.1136	-1.56509	-4.55287	5.57738	7.28151	
-4.97703	-0.614656	11.4007	10.0092	4.68092	-7.73619	-13.5945	0.282833	6.29549	2.54972	3.29671	1.20088	11.9708	4.15368	5.33231	0.449	2.07443	0.991474	-12.2872	-9.33128	
3.15041	2.2559	-15.8594	-9.39231	-4.27722	9.71751	16.1663	-0.429704	-6.99386	-4.10568	-3.39517	-2.09843	-13.233	-3.89854	-7.45612	-1.57689	-0.41636	-0.808716	11.2671	11.5377	
-4.35336	-1.21729	12.7997	9.34172	3.90292	-6.12189	-11.5268	0.443096	5.31204	0.934828	3.6117	1.95256	10.0918	1.63563	6.51065	1.17312	1.22127	2.19664	-10.8715	-9.52675	
0.349585	-0.976603	-0.608895	-0.787632	0.411652	-1.21004	1.49797	-0.918616	-0.155821	-0.345987	-0.722606	-1.51443	-0.929431	0.672451	0.00982978	0.50557	1.54483	-2.12895	1.30393	1.94167	
-2.00527	-1.19562	1.60155	2.02108	1.59224	-0.96557	-2.70372	0.256611	1.73847	-0.146328	-0.303328	0.666029	2.62764	0.0277038	3.14813	0.42518	0.378974	1.42532	-1.83721	-1.60762	
1.08154	1.04507	-1.12969	-2.10505	-0.991882	1.23247	3.91865	-1.92811	-1.37323	-0.116135	-1.04685	0.898641	-3.37518	0.543716	0.342179	-0.364808	0.24428	0.10829	2.69636	1.89435	
-5.9145	-5.04649	8.95655	1.51856	6.56108	-5.09648	-8.43638	-2.62041	1.79289	-0.521623	11.3309	-5.25275	2.15623	5.36282	-3.93264	-1.99145	6.54756	-11.4869	-2.78976	-7.23986	
-1.62735	0.763394	2.42341	0.373799	0.41793	-1.32307	-2.02502	-0.783371	0.106037	-0.750503	1.15393	1.84061	1.25156	0.903575	1.80828	-1.00966	0.514596	0.528691	-0.328291	-1.93144	
3.5913	2.3041	-13.41	-11.1906	-3.90366	9.18895	14.7862	-0.226081	-5.57642	-4.24682	-6.25068	-0.488217	-16.5904	-5.10475	-6.29852	-0.684112	-1.6088	0.945659	14.1625	13.6293	
-4.7898	-2.31824	14.2972	8.9041	6.47246	-9.2902	-18.5263	0.916494	5.0667	4.22917	3.87953	0.723303	16.086	4.24733	6.53611	1.07292	2.25048	1.61573	-14.8345	-11.6929	
-2.48218	-2.77259	11.5034	8.14743	3.99659	-7.49829	-12.9866	0.00201224	6.48871	4.80911	4.03296	1.88319	13.0554	0.8389	5.35967	3.12027	0.581629	0.136186	-10.7392	-10.5125	
-3.74673	-1.80517	8.33487	6.73659	2.58102	-5.96742	-10.5763	0.627282	5.51368	2.30915	6.35446	2.19949	11.4119	3.64737	4.45883	0.666592	2.78298	2.0474	-9.85754	-8.46519	
2.5219	1.21253	-9.84272	-6.83059	-3.31401	6.40151	10.4315	-0.629095	-3.56212	-3.35486	-2.67764	-1.49991	-9.78492	-1.81435	-5.04026	-0.995759	-1.32275	0.214191	7.67444	8.79833	
-0.110693	-0.193889	1.41244	-0.297472	-0.17689	-0.949735	-0.878946	0.0783404	-0.869192	-0.581642	-2.45452	-0.42005	1.28152	-0.411492	2.37996	1.08211	-0.490539	0.137157	-0.00822706	-0.559681	
-0.674144	0.231605	4.9104	2.72087	1.72882	-3.27704	-5.48087	0.43027	1.89011	0.949913	2.81059	1.21504	5.40899	1.09604	2.54226	-0.476067	-0.0382397	0.225988	-5.70551	-3.70253	
-3.09854	-0.208956	4.52781	5.45276	1.06652	-4.64767	-4.01194	1.37877	2.95845	0.886226	1.07221	0.206529	6.57074	2.60496	1.99581	1.8369	-0.996369	1.5957	-3.99585	-3.81592	
-2.54787	2.55219	1.77708	1.07818	0.817769	-2.17999	-2.96656	-2.35983	-0.450714	1.34764	0.728646	1.59267	0.510975	2.07646	2.14778	-0.98539	1.34247	-1.04427	-1.33975	-2.12618	
1.0585	0.888391	0.442388	0.265452	-0.217727	-0.0106509	0.0570356	1.1369	0.152846	0.405065	-0.547745	-0.579097	1.36193	2.58638	1.25514	0.133196	-1.23003	-0.888028	0.373538	-0.0527153	
-1.4027	0.345714	0.511904	-0.574673	1.53442	0.82021	-1.20933	-0.752587	-0.0531489	0.695605	-0.627352	-1.25317	1.33579	-0.110572	0.154831	0.73664	0.657311	-0.149425	-0.632255	-0.354833	
1.06475	-0.65235	0.949894	0.973728	-0.918555	-1.16473	-1.44342	0.589706	-0.169191	0.183547	1.08149	0.589659	1.114	-1.14974	1.92005	-0.753183	-0.12514	-1.55123	-2.06259	-1.725	
-2.29462	-1.44071	8.97898	7.59999	3.39716	-7.41963	-14.5802	-0.0161992	3.76376	3.25105	3.81159	0.352309	11.7444	2.85683	5.04562	1.55794	0.733674	1.08057	-12.8219	-10.1882	
1.86325	1.32711	-4.01315	-2.63108	-3.08125	3.88506	5.62301	1.87111	-3.06503	-1.70375	-0.48349	-1.22014	-5.11439	-3.15283	-1.11811	-3.22603	-1.27524	-0.528686	2.93197	4.05922	
-0.981689	-1.51225	2.70545	3.67428	0.524523	-2.0446	-1.85468	-1.252	0.637207	0.533339	1.96864	-0.30408	0.474304	-0.153666	1.31309	0.20998	0.674081	0.165265	-3.45922	-0.540556	
5.64544	5.77322	-9.78614	0.221211	-6.2181	3.08093	7.10606	3.28182	-3.48207	2.20861	-11.1429	7.99113	-1.64194	-7.50932	8.33359	4.80738	-7.41203	15.133	1.74711	7.51774	
1.97501	1.39904	-10.7053	-7.30922	-2.89657	7.96993	10.9071	1.18816	-2.48482	-0.293247	-2.79341	0.403213	-10.9995	-3.18606	-5.54555	-2.58687	-0.922172	-1.08244	11.2077	7.71149	
0.430152	-1.49921	-5.5049	-2.84996	-0.557439	2.33325	3.95516	-1.26793	-2.06137	-1.62268	1.2215	-0.282725	-5.37518	-0.255418	-3.20647	-0.0754822	1.27105	0.522071	3.87853	1.77265	
-0.99087	-0.602878	1.04238	3.03698	0.725728	-2.04073	-2.01357	-1.02535	1.39662	-0.262353	1.47918	0.920366	2.06588	0.593361	1.80546	-0.761502	-0.393746	-1.72846	-2.8252	-3.5661	
1.29082	1.20513	-2.35905	-0.659417	-1.65455	2.4629	3.91968	-1.23859	-1.03732	0.462043	0.123306	-1.50469	-2.07866	-0.696817	-0.61452	0.838962	0.188905	0.188625	0.693831	3.23171	
4.27078	-0.222953	-3.14434	-1.86969	-0.902322	1.9062	3.12049	-0.456287	-1.45696	0.865054	-1.01779	-0.705124	-2.69187	-0.945181	-1.07754	0.684286	0.426453	-0.778956	2.6756	0.922857	
-7.30472	4.86761	16.4503	10.5171	7.84341	2.26884	-3.56032	3.4767	9.8395	8.17612	0.589318	11.4697	13.5026	4.5109	-5.58254	-0.655929	-0.961438	-10.7652	-3.29515	-2.5814	
-4.50592	-0.954428	11.8265	7.46515	3.84809	-7.35222	-15.585	0.371178	5.58595	2.80681	6.42908	1.59238	12.717	2.79661	4.91104	1.71128	1.42591	1.34376	-13.3209	-9.95757	
4.04332	0.0936591	-7.70016	-3.95644	-2.47866	7.12759	7.4112	-0.635348	-4.79917	-3.31071	-2.28464	-0.34573	-8.37882	-1.92411	-4.7327	-0.648064	0.349136	0.212001	7.09433	6.61153	
-0.201508	-1.29968	3.14156	0.370469	0.420389	-2.38073	-3.47468	1.11283	0.63415	-0.120353	-0.431748	0.880822	3.58012	0.526118	-1.11496	2.3155	2.13069	1.28987	-2.35155	-1.30964	
1.11383	2.30281	-8.16766	-4.05467	-2.45515	3.97482	7.59693	-1.39717	-3.17736	-0.764339	-1.63984	0.882321	-6.54408	-3.33544	-2.12159	-3.34907	-0.7863	1.00358	4.71928	6.21225	
-2.11594	-1.19115	4.01764	4.04865	-0.575049	-3.35989	-3.64043	-0.693143	2.48456	2.80025	-0.512968	-0.442776	2.86975	-0.838675	1.76922	-0.134888	-0.895534	1.16352	-3.67757	-3.35625	
-0.579925	0.410021	1.18529	-0.0663431	0.640989	0.423941	-1.86424	-0.031551	2.1101	0.827326	0.565002	0.316399	1.22628	0.22315	0.538442	0.754087	-0.437873	1.98608	-0.420849	-1.56792	
1.79558	-0.0156743	-3.01775	-1.03084	-2.45289	2.01027	3.03445	0.650396	-1.02306	-1.58777	0.879526	1.05904	-3.51927	-2.24739	-0.694769	-0.112366	-0.449504	-0.499762	1.28716	2.60849	
1.78122	0.143108	-7.10043	-6.9805	-1.9679	4.30947	8.22832	2.18025	-3.15067	-0.53248	-3.58252	-1.393	-9.74389	-2.95299	-2.6923	-1.31667	-0.412134	0.139665	9.22043	5.95056	
3.31279	-0.337333	-7.01686	-2.58979	-2.56152	3.94177	8.33557	-0.0862499	-2.73663	-2.17524	-0.146818	-1.97186	-6.78421	-1.93132	-3.8666	-0.706923	-0.903815	0.339908	5.93068	4.70037	
-0.156263	-0.37446	0.53479	-0.289015	-1.08916	-1.72862	-0.813951	0.985321	1.50651	-1.14109	0.293623	0.173795	0.84082	-0.556582	-0.0661991	-1.25503	1.51186	-1.20813	1.38627	-0.0823109	
0.14787	0.434978	8.83524	3.63017	2.53662	-5.05945	-6.62828	1.26578	2.93901	2.00561	2.45655	0.290875	6.18208	0.781149	3.76272	-1.52882	0.747942	2.04328	-6.55083	-4.44121	
-0.885753	-0.660881	0.0424938	1.13024	0.295413	-0.0821634	-1.52767	-0.707754	0.652206	0.571472	1.10214	-0.0786217	1.09777	0.682854	-0.129027	0.170483	-1.27985	-0.432134	-0.238098	-0.505883	
0.557082	0.619174	-1.62349	-0.823062	1.85678	0.986834	2.58792	-1.10497	-1.51567	0.262257	-1.1655	0.0025935	-3.27356	0.567878	-1.22265	-0.504488	-0.42703	-0.520343	1.38841	1.27142	
-2.03258	-1.67725	6.07592	3.39472	2.27376	-1.11104	-5.71139	2.07026	2.46547	2.45045	1.47972	0.336813	4.49102	1.61147	1.23831	1.48315	-0.39555	0.873466	-4.95249	-4.31609	
0.947416	-2.10366	-1.03563	-1.04218	0.361967	1.01963	-0.346633	0.106382	1.02967	-1.17069	-2.82106	0.49445	-0.0294292	-0.354365	-1.1523	-1.24901	0.0226982	0.86201	1.54051	0.667213	
0.492421	-1.60148	0.377297	4.49172	1.61145	-2.02881	-3.12524	0.00821096	0.417401	-1.18099	1.09326	1.59883	2.12481	2.11156	2.24165	0.714839	-0.968341	0.0251759	-2.67464	-0.355592	
1.78137	0.100501	-5.85934	-6.60874	-1.87159	4.14933	7.50157	-0.237919	-2.84763	-1.86494	-2.96049	-1.44483	-6.07354	-1.12428	-3.73362	0.333201	-0.790505	-2.44329	6.64848	7.12348	
-0.486764	2.1616	-0.353861	1.06571	0.030297	-0.475131	-2.15629	-0.340739	0.321176	-1.4036	-0.971206	-0.739586	-0.410926	0.347864	-0.987642	0.238415	0.639223	0.79416	-0.298323	0.106519	
1.53392	1.81438	-7.21149	-5.14858	-3.73426	5.82516	10.404	-1.06437	-4.68066	-2.6775	-2.70943	-1.67778	-8.74149	-1.81797	-3.82914	-1.06289	-0.105462	-0.505398	8.71361	6.21997	
-0.528974	0.18141	2.8873	1.62941	-0.668471	-1.17163	-2.49592	0.778019	-0.0964219	1.4298	1.16508	-0.130335	1.36444	-0.180166	1.44681	0.608823	1.71153	0.192855	0.333297	-1.14794	
3.46328	-1.63025	-7.14328	-7.17596	-0.967075	6.08797	8.46597	-0.940809	-1.86115	-2.10839	-0.531492	-2.54611	-8.77799	-1.14441	-4.01194	-3.01969	-0.14529	-4.89313	6.99296	6.2572	
1.54735	-0.524731	-0.366129	-1.3113	0.0386891	-1.1241	0.987202	0.135224	0.0795155	-0.616479	-0.207615	-0.888654	-2.54741	-0.273045	0.120958	1.17755	-0.787198	-1.44249	0.961091	-0.134056	
1.21304	-1.24111	1.53193	2.42127	1.80185	-2.44498	-3.53381	-1.69405	2.17171	1.02383	0.642135	-0.239532	4.63881	0.7019	2.35545	1.92055	-0.269325	1.4275	-1.86351	-4.85744	
0.841027	-2.37705	-2.49362	-2.1345	-0.230179	-1.06773	0.519808	-0.0997121	0.181037	0.115854	0.890883	-0.404382	-1.52292	-0.336888	-2.03213	-0.272397	-1.33778	-0.0353834	0.331858	0.748266	
-1.53747	0.135758	7.69541	4.80454	2.99391	-5.12337	-7.64224	1.2445	4.20515	4.45142	2.90855	0.565911	5.80767	2.28736	4.65578	-0.504184	-0.0654953	1.12681	-7.29127	-5.51091	
-0.984442	0.365445	0.209011	-0.574829	0.299804	0.0612459	0.870752	0.127312	-0.837828	0.0707814	1.92239	-0.54913	-3.22863	0.526343	-1.41124	-1.32926	-3.14937	0.704212	-0.240456	0.946795	
3.78987	1.66556	-4.25056	-2.33552	-1.13891	3.09019	6.50912	0.127703	-2.94047	0.978319	-1.17818	-0.194512	-2.89053	-3.00782	-0.467525	0.0214234	-0.684528	0.865766	2.70104	5.09078	
0.15825	0.568817	-0.231916	-0.873015	-0.543076	0.343311	-0.0518076	-0.879855	-1.2719	-0.306725	0.260115	0.2192	-0.142191	0.89659	1.27794	-0.770103	0.638865	-1.93913	-0.906603	-1.10636	
-2.67995	-1.82349	7.00276	3.76297	0.984425	-5.14307	-5.69273	-0.525035	2.82666	1.09542	2.2695	0.599797	8.29104	3.28463	3.00495	-0.451696	-0.0846153	2.23179	-6.06292	-5.53416	
-0.671877	6.37308	0.213775	0.779963	2.16855	9.51468	9.96033	2.89937	4.58776	2.21444	-4.90079	6.58494	-1.82121	1.17388	-8.723	-3.90779	-2.51123	-10.2628	6.90681	7.10428	
-4.03555	-4.14515	1.43404	-7.26378	2.54211	2.99156	2.12837	-1.55351	-1.42389	-4.28002	7.95669	-5.84031	-6.18689	2.98895	-9.24416	-4.81582	5.31023	-13.3954	5.65751	0.615164	
-3.18789	-3.84575	-17.4478	-0.379287	7.20971	5.24744	-2.45254	-1.53697	1.90148	-4.42435	0.0191458	6.88617	-7.3255	-2.91283	0.617034	20.0452	8.23934	5.26342	-1.74131	14.1132	
0.677587	0.862694	7.60271	0.264972	-2.49874	-2.7739	-0.547165	1.17682	-0.762915	1.8523	-0.879508	-2.44742	1.55389	1.249	0.234201	-7.81378	-3.8635	-3.82021	1.38723	-6.15809	
0.89062	1.33617	11.6972	0.926971	-5.35595	-4.07352	0.827806	-0.117697	0.133969	4.57013	-3.46203	-2.54064	2.43909	3.72923	1.83803	-13.1272	-6.11042	-5.52966	0.630055	-9.47615	
0.0200789	0.241073	-5.30393	1.96717	1.79577	2.19143	-1.35874	-1.08342	1.70389	-1.73494	0.0757997	-0.36784	-0.901696	-0.296614	-1.40875	5.19109	2.61166	1.80822	-0.75513	6.10407	
1.46282	2.025	6.45572	-0.070895	-3.19536	-0.914135	0.887827	-0.222637	-0.521204	0.598522	0.235411	-3.18905	2.47537	2.97729	-0.362888	-8.57366	-1.51232	-1.67469	0.726846	-6.44659	
0.458059	0.68754	3.91874	-0.324858	-2.00875	-1.71191	0.49569	1.7038	-0.530597	1.54378	-0.693302	-2.48801	0.289953	1.1675	0.498007	-4.30401	-3.25452	-2.53135	0.510461	-6.0431	
0.3041	0.884805	6.00418	0.707077	-3.52757	-2.05792	1.61774	3.38142	-1.91515	1.54498	-0.464195	0.156959	3.26398	1.24297	-0.16012	-9.09901	-4.28441	-2.72976	1.77463	-5.27973	
1.76895	1.62101	15.3808	1.90801	-5.1952	-5.13848	3.16712	2.56481	-2.27914	7.15857	-1.73289	-5.1712	5.49531	5.31151	0.5212	-19.6336	-8.2106	-9.11959	0.819294	-16.6415	
-0.279334	-1.16858	-14.8884	-2.15153	4.74824	5.95121	-0.967589	-2.81788	2.0625	-4.60163	0.104792	5.26025	-5.18751	-5.19549	-0.390564	16.3608	7.96277	6.85775	-3.58922	15.7309	
-1.60285	-2.0707	-14.5198	-0.197939	5.14235	5.90313	-0.658423	-2.51399	3.15568	-5.77762	3.46347	6.36777	-5.11627	-5.4756	0.090272	16.2546	9.16978	6.68233	-2.24176	15.6654	
1.3814	0.519328	-2.5089	3.06764	-0.818343	0.00405401	-1.25082	0.311775	0.49881	-0.384431	-3.52215	1.10532	-0.988649	-2.29614	0.692432	1.40657	-0.0340082	3.64773	0.657294	2.9365	
0.995706	-1.66066	-0.251836	-1.02094	-0.56053	0.107142	-2.30522	-0.984332	-3.13814	0.528814	-0.334457	0.443571	-1.18796	0.365418	-1.44661	-2.29608	1.4219	-0.271299	-0.332483	-1.46516	
-1.46599	1.13992	-4.52457	-0.511486	3.1285	1.61237	-1.81067	-1.04023	0.216809	-0.790462	0.793871	3.53933	-2.57324	-3.41195	-0.357229	4.38126	2.83112	3.6126	0.907561	4.84976	
0.430519	-0.165462	11.5274	2.07868	-2.59657	-2.59474	1.97198	1.62023	-1.65491	3.08202	-1.44754	-3.99866	3.491	4.06067	1.71205	-12.1139	-4.1789	-4.71899	2.07315	-9.34915	
0.0163121	0.776866	1.54311	-0.551698	-0.764268	-1.07993	1.74345	2.04587	0.00551519	3.87373	0.220322	-1.61331	0.460664	0.538849	-0.707162	-5.203	-2.22507	-1.85068	0.940573	-2.41711	
-0.861541	0.92224	-12.2073	-0.643655	2.24366	4.42017	-0.657636	-1.1064	3.41676	-3.23114	0.249651	4.3025	-3.43561	-4.37582	0.854862	14.1748	4.32916	5.54739	-1.56795	9.11319	
1.46889	0.925408	12.7837	0.630432	-3.75686	-5.27995	1.30764	2.49407	-3.29127	3.22177	1.2847	-4.81728	4.78719	3.09793	0.277916	-16.3461	-7.73791	-4.53591	1.42797	-13.1441	
-0.0541061	0.305333	8.03922	0.0315121	-3.98206	-4.58289	1.18227	1.07581	-1.59158	2.72006	-1.197	-1.94905	4.90664	1.98199	1.66973	-10.8431	-5.74283	-4.09932	2.30999	-9.95056	
1.56691	0.265215	8.36219	0.909332	-2.42256	-4.27718	0.0524813	0.179186	-2.5587	3.68549	-1.16462	-2.5409	2.17102	1.6243	0.983037	-10.173	-5.68924	-4.14315	2.39199	-9.79488	
1.85249	-0.311766	3.71925	0.847154	-0.984937	-2.24215	1.73531	0.828255	-0.198297	1.48274	-1.99106	-0.554922	-0.368021	2.3221	-0.802431	-4.51467	-3.29489	-0.38784	-0.589407	-2.15954	
1.7386	2.51074	19.4862	0.564558	-8.00719	-6.86103	0.719108	1.56402	-2.77946	6.06048	0.364945	-7.59254	7.12845	4.35176	-0.441584	-21.1839	-11.3381	-8.43513	0.930645	-20.4734	
-0.0349439	1.477	8.70195	-0.850225	-3.76766	-4.56871	-1.11458	1.28961	-1.78438	3.91503	-2.0583	-2.75176	3.84462	3.48177	-0.489912	-12.8576	-6.05683	-5.09136	1.28058	-10.8843	
-0.575539	0.641425	-0.439233	0.993587	1.00731	1.75825	0.231912	-2.28585	1.20736	-1.53135	-1.0281	-0.739786	1.93299	-0.357738	-0.703407	-0.36955	-0.746279	-1.42719	-0.49125	0.257853	
0.901418	1.62663	5.08529	0.176372	-1.20832	-2.28066	1.09184	1.3556	-1.2055	1.70097	0.336819	-2.17388	-1.21177	0.416947	-0.909143	-5.07282	-5.97774	-1.59612	0.419174	-5.22638	
2.26705	-0.0370549	11.5137	1.24412	-3.93989	-2.54658	1.16116	2.43101	-1.82886	3.10781	-0.884905	-1.84341	2.47844	4.69702	-0.130128	-12.9269	-5.07323	-6.67958	0.993955	-9.97458	
0.991822	0.200118	2.92432	0.639844	-1.0274	-2.282	1.98283	1.56565	-1.5707	0.452525	0.22058	-0.608379	1.42229	1.30586	-0.0433687	-2.0342	-2.50339	-0.925467	1.28591	-1.36261	
1.26646	2.05059	8.01745	-0.289927	-2.53392	-2.0915	2.22933	1.12065	-1.47762	1.47694	0.166933	-3.02169	3.97319	1.56147	-1.27742	-8.95371	-5.27213	-2.86605	0.125469	-8.08259	
1.86513	1.93585	18.4389	1.37965	-6.55206	-6.50561	2.0372	3.4696	-2.79318	7.90588	-1.31722	-6.49219	6.89228	4.46561	1.13874	-20.7688	-10.0708	-8.55085	1.11892	-17.7512	
2.18148	0.145014	-1.75605	0.86112	0.14237	-0.465423	-0.454736	-1.52053	-0.0336325	-1.961	0.326341	0.239806	-0.372523	-1.02629	-1.98037	0.99484	-0.562541	1.39807	0.0469143	0.142922	
0.274018	1.74491	8.21175	1.47196	-2.36145	-3.16639	-0.186564	0.0902376	-2.14202	1.95581	0.87592	-3.26547	2.16186	2.17026	0.428274	-9.33508	-4.96575	-4.62062	0.153401	-7.28506	
2.13936	-0.288472	16.3529	-0.817053	-5.80818	-4.73863	2.42327	0.945433	-3.54389	5.88278	-0.493589	-5.30478	5.4375	3.57524	-0.735612	-16.8224	-7.73537	-6.28547	2.15396	-16.7927	
-0.140024	-0.188	-4.4853	-0.403722	1.5809	0.87969	0.305785	-1.75852	0.321081	-2.321	-0.754206	1.99695	-3.20531	-1.44008	0.788584	5.82461	0.313058	3.45654	-1.27468	5.32347	
-1.0194	0.860145	-2.0978	1.37727	1.56941	0.253479	0.862726	0.0650485	-0.885589	-1.0498	-0.534104	0.919817	-2.19604	0.115437	-2.38483	2.97041	-1.18253	0.797826	-1.1121	1.92882	
2.52608	-0.052855	2.26885	-0.726927	-0.442155	-2.14691	0.350174	0.040852	-1.6669	1.4301	0.0557628	-0.491171	-0.0953885	-0.223457	-3.02809	-2.12423	1.17276	-0.700908	1.51796	-1.95632	
-0.781871	0.186064	0.166405	0.13816	-0.148593	-2.01527	-0.124679	0.980451	-0.8571	-2.96632	-1.03991	-1.82065	-0.0969266	0.687645	-0.274843	0.75713	-0.200604	0.251164	-0.0427162	-0.14263	
0.436343	1.03691	14.2194	1.35726	-5.233	-5.43197	1.36926	3.708	-2.53508	4.26804	-0.501119	-6.46482	3.85724	3.06232	0.750107	-15.8472	-7.40923	-5.58933	2.59691	-14.7982	
-0.114995	1.29784	-0.739805	0.669482	2.11298	-0.215166	0.813274	1.21773	-1.49101	-0.159267	0.185014	1.5576	-1.37301	0.155381	0.640462	2.0688	2.43746	0.628761	0.790838	2.63334	
1.38498	2.09332	11.9689	1.10319	-5.06005	-3.70404	0.9771	1.97019	-2.62003	4.77683	-0.631249	-4.11125	4.85925	2.44343	1.20804	-14.4837	-6.38829	-5.10841	0.160905	-11.3642	
-1.03564	-0.479534	0.300243	-0.305415	-0.0958094	-0.974872	0.507789	0.0508706	-0.46456	0.811914	-0.641143	0.271904	-0.113852	0.80794	-0.149247	-0.839722	-2.31748	1.52038	0.797426	-1.26824	
0.172324	-2.39648	-13.2459	-0.571707	5.01969	4.93773	0.381385	-0.974482	2.27573	-4.79344	1.64402	5.31625	-3.7494	-2.94757	-1.46866	15.9558	8.63994	6.94375	-1.70229	13.8346	
0.511926	1.30897	2.1724	-0.300575	1.24735	-0.479175	0.215953	-0.913486	0.294085	0.785732	-0.756539	-2.89757	0.808355	0.663152	0.221797	-2.69933	-0.798263	-1.13058	0.747538	-3.14721	
-0.43262	-0.00976863	1.20904	0.994862	-1.02219	-1.80607	-0.0815901	-0.293052	-1.89711	1.0938	-2.23573	-0.442261	1.03649	1.49612	-0.0870458	-2.95779	0.730015	-0.957482	-1.79547	0.0459541	
2.78132	-0.310433	7.72115	0.330751	-2.52839	-3.52378	1.20307	1.3179	-1.03373	2.63461	-1.82653	-3.56089	1.84275	2.22541	-0.567721	-9.66611	-2.65961	-2.37006	1.60485	-9.16534	
-2.40769	-3.39782	-2.11017	-2.44649	4.31711	4.09017	-2.78907	-1.83478	3.42511	-3.44921	5.52229	-0.783594	-3.98781	0.0368863	-6.48475	6.38983	8.24823	-6.41112	-0.349643	4.96019	
0.318115	-0.951081	-5.70314	-1.10559	-1.16176	1.22082	-2.10813	-0.887488	1.54367	-1.54695	0.0578649	0.923535	-3.24319	0.113893	-0.505068	5.28544	2.8426	3.65668	0.810523	4.88922	
-1.33542	-1.39921	-3.38663	-0.515041	-0.162053	-0.081144	1.15911	0.34287	-0.687028	-0.440851	1.42817	0.259296	0.750597	-0.885573	1.45206	1.14201	-0.193929	0.352693	-0.501473	-0.217804	
-0.733773	2.25961	2.5713	0.587311	-2.56432	0.423274	0.338564	0.960875	-0.0736865	1.29863	-0.510401	-2.31456	-1.48598	1.01066	0.307995	-0.24173	-0.719274	-1.42167	-0.473007	-1.67038	
0.24586	0.27654	-1.64488	-0.841421	-0.322694	-1.58158	1.85781	0.0379198	-0.822771	-1.57337	0.795	1.00382	-2.23255	-1.8612	-0.410518	3.55597	-0.744726	1.00585	-1.06042	2.70106	
-1.00502	0.837303	-2.30301	-1.91772	-0.758421	2.20505	-1.37523	-0.409509	1.17273	-0.749031	-1.19677	3.37082	-1.28787	-0.943235	-0.10625	3.63635	2.82604	1.90263	-0.929764	2.86554	
2.29684	0.796068	7.19376	-0.568465	-1.18401	-3.54884	2.28931	2.03393	0.169054	3.4152	0.726616	-2.69934	1.15424	4.24506	0.601408	-8.87523	-4.64985	-2.84426	2.02452	-5.77351	
0.872985	0.309223	9.68899	-0.687448	-4.41878	-2.60618	1.501	-1.73756	-0.00539013	3.27565	-2.05478	-2.66958	3.37913	3.7352	1.98657	-11.2064	-3.55511	-4.64515	1.29541	-8.81094	
-0.264338	0.3156	4.16245	-0.627946	-0.202348	-1.28076	-0.0668058	1.23101	0.676999	-0.170937	0.0780931	-2.46283	1.64044	2.37054	-1.62607	-5.72272	-2.33916	-1.1677	0.0853913	-5.00563	
1.12228	0.456577	3.14916	1.16996	-1.56913	-0.752254	-0.898615	0.0530874	-0.214055	0.324591	-2.25738	-2.80735	0.429815	-0.107488	-0.280605	-3.77935	-2.09832	-2.14161	0.271247	-2.36063	
0.606908	1.21698	19.5398	-0.468082	-7.56493	-8.76367	2.66387	2.53615	-4.23974	7.81394	-2.38341	-7.86418	9.16017	6.96617	0.0201092	-24.9033	-11.3588	-11.071	4.21555	-22.4744	
-1.42925	-0.886202	-5.50516	-2.37399	3.76205	1.74286	-0.698866	-1.33887	1.46144	-3.7431	-1.54217	2.22415	-1.36069	-1.75736	1.26643	6.24798	2.69332	2.84573	-2.00253	3.64131	
1.02038	0.552986	4.0726	0.128459	-0.439662	-3.44272	0.510831	1.81863	-2.00704	2.98761	0.578751	-2.48639	0.111556	1.54117	0.521904	-5.50172	-2.22391	-3.86705	1.01058	-6.38057	
0.209049	0.641922	-0.866761	1.55633	1.99538	1.06383	0.180878	-0.144122	-1.33429	-0.651249	-0.41258	1.44739	0.420297	1.57756	-0.783952	3.09988	0.347411	0.998129	0.618059	2.23557	
-0.93556	-1.13259	-7.61291	0.000799162	2.02305	4.43038	0.320484	-2.20875	2.03799	-2.31754	0.584556	3.20957	-2.73155	-2.8223	-1.96742	9.9598	3.74512	3.32679	-0.845547	6.47004	
0.32742	1.59723	-2.09923	1.05174	0.549235	-1.26132	0.225171	-0.401611	1.26801	-0.108603	0.379267	1.40998	-0.912558	-1.56344	-0.963558	3.02248	1.8334	0.88583	-1.21041	1.46061	
-1.86981	-0.174268	-8.71892	-0.0597743	2.24067	3.85669	-0.102049	-2.36828	-0.400538	-4.28302	0.653214	5.12324	-4.14417	-4.22558	-0.593481	12.9855	7.09129	5.75838	-1.82355	12.2027	
1.24785	-0.115418	1.45632	0.165922	-0.426085	0.120565	0.0040549	-0.0193112	0.730114	1.86644	0.733044	-0.738481	-0.510623	0.5243	0.048055	-1.04815	-0.504308	-0.996693	1.56755	-0.664699	
-1.40834	-1.2349	-5.93181	0.603584	1.83789	2.51871	-1.8283	-1.21047	0.457493	-3.75213	0.0185501	1.72285	-2.01346	-1.4965	-1.86764	8.77855	3.93627	1.72692	0.376579	5.55186	
0.972361	-0.484542	-6.31787	-0.527661	1.62087	1.8699	0.133304	-0.38437	0.541387	-1.15298	-0.527512	0.789241	-1.24011	-2.54763	-0.774414	7.58349	1.16125	2.83887	-1.34653	4.24423	
0.699674	-0.591127	4.79033	-1.21369	-2.58578	-0.156033	-0.373042	1.56251	1.33015	2.95373	1.11505	-0.132657	2.76443	2.12199	1.69763	-4.95218	-0.0618539	-1.25587	1.04682	-4.09518	
-0.302434	-0.422117	-0.0298165	-1.38862	-0.391169	0.565367	0.550752	1.18399	-2.68535	-0.620391	0.53823	-0.590979	0.604969	0.559202	1.67769	1.58967	1.62286	-0.949498	0.477017	0.343028	
0.140595	1.38614	9.95705	1.1679	-4.37455	-4.82847	1.4683	0.485695	-1.53898	4.5289	-0.102112	-1.75316	4.73446	1.68836	0.306321	-12.2016	-4.4843	-5.81992	1.41539	-10.7622	
-1.29848	0.719206	-2.31941	-0.31891	-0.23811	0.292462	-0.0414991	0.92256	1.09625	-0.655825	0.561918	-0.381948	0.148084	0.0914923	0.36595	3.74251	1.75649	1.1347	2.7577	2.3751	
-0.985327	-0.274514	-7.363	-0.018156	5.04497	2.63755	-1.57734	-2.01721	1.39769	-1.49526	-0.327026	1.88544	-2.47881	-0.446792	1.60671	7.81391	3.52198	3.50691	-0.132334	4.91675	
-0.291919	2.29152	8.73034	1.34387	-4.50129	-2.86244	0.390937	1.57865	-3.40787	3.24645	-0.913826	-3.291	2.16799	1.52895	0.0284676	-10.3402	-3.24249	-4.0822	-0.908969	-10.6212	
-2.7562	-3.42188	8.42142	0.145059	2.40455	-1.70077	-3.12981	-2.60246	1.51765	-2.71494	6.14992	-4.65463	-0.864349	3.63069	-3.34195	-3.65494	5.44507	-10.9832	0.446913	-3.60965	
1.49034	1.68161	2.66164	0.502368	-2.25755	-3.50212	0.0635244	-1.14098	-0.358816	0.946023	0.464332	-0.3972	2.51175	1.81227	2.15677	-4.31402	-2.56931	-0.857695	-0.422361	-3.70885	
-0.417103	0.870852	6.52492	-0.897728	-2.37866	-2.84935	1.71694	0.0728535	-0.967791	2.47991	0.169754	-2.34673	3.20262	0.315242	1.26436	-9.35453	-4.27543	-2.30483	1.91026	-7.25893	
0.0279695	-0.5402	12.4002	-0.0373384	-3.70972	-2.50782	-0.193367	-1.39462	-2.38775	4.90718	-1.24395	-3.69672	4.21199	2.85166	1.22129	-10.7842	-4.54659	-3.58176	0.331089	-9.46657	
-0.135527	-2.18865	-1.6965	-0.498314	0.834673	1.33002	0.917396	-1.11368	1.07794	-0.174667	2.33947	0.676573	-0.152198	-0.82834	-0.875655	-0.675747	1.65176	-0.384378	-0.804293	0.757565	
1.35557	-1.12963	-4.64056	0.992703	1.72746	1.73335	0.254412	-0.67569	-0.257111	-1.09009	-1.51882	1.52432	-2.28639	0.0626372	-2.19383	4.22818	1.92364	1.27348	-2.32755	2.20681	
0.055369	0.831995	5.07804	-1.44841	-1.62931	-2.43469	-0.728175	0.682358	-1.22278	0.0698165	1.23009	-1.06181	0.993294	-0.218084	0.0763831	-6.10866	-2.17235	-3.09691	-0.605331	-5.3264	
1.71612	0.376418	5.00032	-0.534783	-1.05056	-3.94205	1.96314	0.519751	-1.49362	2.26536	0.226264	-0.734103	3.94296	1.27611	2.11495	-7.10138	-2.06625	-1.50592	2.03897	-6.70895	
0.906338	0.0315453	7.61906	0.95711	-2.11801	-2.64245	0.43812	1.77905	-1.9731	4.19351	-1.13249	-2.57005	2.63168	2.70517	-0.803391	-7.84413	-4.7491	-3.21363	1.50151	-9.52448	
0.287815	-1.01207	-0.397963	-0.727887	0.664023	0.756812	0.0264369	-0.0597361	0.237061	0.667261	-1.56394	-0.564863	-0.112961	0.131455	0.794339	-0.117351	0.882095	-2.10378	0.373349	-0.834305	
0.381467	0.697789	14.3264	-0.602259	-5.98257	-5.70103	0.810015	3.23754	-2.84165	4.37269	-0.83057	-5.49198	4.26856	4.05867	2.36612	-18.6297	-7.48086	-6.49833	1.93569	-14.787	
0.360802	1.72532	2.2736	0.284668	-1.27981	-2.53543	1.19011	-1.10057	0.19185	0.163288	-0.543783	-2.61511	1.64321	0.431161	-0.971794	-4.87641	-2.51878	-0.693443	0.5491	-3.94623	
-1.21705	0.0228798	-6.20472	1.32363	0.609363	1.46727	-0.329906	-1.19044	1.32604	-3.36589	1.14228	1.46481	-3.27976	-1.27085	0.215426	7.83317	2.87536	3.95342	0.603744	5.38633	
-1.53415	-0.616366	1.80268	-0.366336	0.416863	-0.52168	-1.77534	1.83903	0.147945	-0.0322872	0.159293	-0.223924	1.6384	1.19276	0.56436	-0.12044	1.91284	1.01234	0.713969	-0.920235	
-1.26869	-1.35475	-3.54072	1.14571	1.44535	1.50371	-0.529131	1.48319	0.849699	-0.675215	-0.0893195	0.665601	-2.16542	-0.694632	0.082798	5.21001	3.2791	0.955467	-2.18297	3.49164	
-0.357457	-1.93821	-16.0628	0.128656	4.94958	6.76532	-0.91428	-1.55697	4.43406	-5.50526	0.0754739	3.82001	-4.03697	-5.87146	0.118679	19.6389	10.0681	8.27204	-1.60147	16.9165	
-0.967479	-1.04448	-2.31111	-2.07477	0.801276	1.78393	-2.54499	1.5832	1.81383	-1.70359	-0.409794	0.205587	1.16444	-1.65362	-0.377372	3.40712	0.544581	-0.128301	-0.676205	2.77862	
-1.30323	-1.63775	-14.286	-1.56081	5.88246	7.22845	-2.83034	-1.41083	2.91859	-7.4599	0.737537	5.25295	-4.83167	-3.81851	-2.09836	18.0992	8.3561	7.00451	-2.57644	13.9114	
1.54341	2.04462	1.19229	0.264229	-0.0581015	-0.32576	0.893598	0.942062	-1.91331	1.28691	0.66732	-2.06372	0.819676	-0.0441545	-1.17312	-2.56618	-1.41742	-0.979914	1.70972	-1.14077	
1.44436	1.40688	3.03516	1.0172	-1.198	-1.1465	0.135085	1.2651	-0.335945	1.11673	-0.705881	-1.92107	-1.11232	1.68849	-0.789964	-5.24849	-2.80079	-3.61014	1.622	-3.0884	
-0.219811	0.825595	4.94782	-0.834929	-3.38281	-2.75106	0.820721	0.891193	-0.314531	2.41151	-0.389879	-1.53694	1.95741	1.90259	-0.113829	-7.11488	-2.13235	-2.88983	1.37489	-5.14466	
2.4094	0.101149	8.19832	1.65453	-3.69622	-1.97912	1.04782	-0.489205	-1.38561	2.69945	-2.56635	-2.4497	1.28887	1.62629	0.120422	-8.49727	-4.58352	-4.55989	0.702344	-6.68303	
-0.0873812	0.65936	4.0217	-0.517314	-3.33253	-2.58386	0.4988	-0.341062	-0.590424	2.14371	-1.45392	-0.387495	0.959624	2.15465	0.832171	-3.15637	-1.99493	-4.5601	0.217727	-5.27357	
0.118439	-1.20839	6.63982	0.411651	-1.44195	-1.43609	1.07407	-0.0165682	-1.98544	-0.620224	-0.608638	-1.00793	3.92348	0.524204	-0.092273	-7.18914	-5.18762	-1.23417	1.94008	-6.14547	
1.61637	0.540164	11.2397	1.45107	-4.40498	-2.90817	0.0495047	-0.225387	-2.8721	3.89769	-0.0843063	-2.08766	4.86934	0.614555	1.05736	-13.0562	-6.60427	-4.64309	1.28905	-11.1686	
-1.85392	1.06565	-0.574112	-0.888555	-0.965338	-1.27413	-1.28468	-1.50647	0.304343	-0.899608	1.007	-0.75208	-1.0984	0.825341	0.085382	2.66246	1.56431	0.290813	-0.368554	1.28761	
0.41004	-0.640467	-1.04053	-1.58994	0.765876	0.949994	0.887624	0.983345	0.102372	0.231872	-1.04834	-0.707692	1.24945	0.790264	0.815685	1.18506	0.396821	-0.281426	-0.302639	0.196051	
0.857195	0.192519	4.58397	0.530695	-1.55243	-2.06627	0.195965	-0.205483	0.372168	1.78796	0.941593	-3.16125	2.15351	1.98618	1.41879	-4.62158	-1.03553	-1.36739	-0.527094	-4.58747	
-0.5894	-0.722083	-2.44705	1.07363	-0.302506	1.16172	-0.364829	0.279703	1.52288	-1.4512	-0.901631	-0.0236318	-0.885066	-1.51518	-0.11834	2.73393	1.963	0.350673	-0.373125	3.64179	
3.33597	1.19106	10.45	1.59902	-2.37716	-3.64239	0.408229	0.0925496	-4.18971	4.11276	-1.03547	-2.46101	2.56542	3.60047	-0.150909	-12.354	-5.5702	-5.28357	2.92343	-11.1178	
0.0959472	0.139517	-9.77136	-1.07412	4.4399	6.39234	-1.72999	-1.4845	0.674802	-5.04462	-0.266402	2.00571	-3.5127	-1.502	-0.304972	13.4141	4.96697	3.61035	-2.66595	9.35909	
