-0.799912	0.213635	0.63733	0.0944207	0.617303	-1.03163	0.069202	-0.137583	-0.719567	0.184057	-1.32605	0.594446	0.854501	2.68042	0.791902	1.20278	1.18418	-0.626374	-0.668454	-0.368641	
-6.31042	4.24068	14.2055	2.76294	6.79667	3.808	-1.21734	-4.44637	-4.36699	-2.81989	-4.0598	2.0548	5.24983	-6.9065	1.69837	-4.18554	-5.20943	6.79472	7.37717	-5.18745	
-11.5257	6.66398	25.7531	6.41479	9.13801	5.6476	-2.93903	-3.75151	-6.2595	-6.57834	-10.9053	6.58343	6.43202	-14.7363	3.91262	-2.32047	-12.637	14.8637	9.88295	-8.64069	
0.931967	-1.85946	-1.14265	0.588427	0.773181	-1.8152	0.502413	-1.63027	0.980615	-0.186032	-0.371071	0.333098	0.0275458	-0.51821	-1.45156	0.580108	-0.739383	-0.0938562	-1.71485	0.0183177	
0.232529	0.0149222	-1.19054	1.18527	0.87044	0.505961	0.962702	-0.763132	-0.238135	0.136295	-1.01761	-0.858335	-1.21127	0.76503	1.13444	-1.63502	0.0158177	0.735343	0.998261	1.22021	
0.258532	-0.424159	0.994186	-1.16424	-0.57308	-1.53727	-0.422629	-0.998825	1.98382	-1.23389	1.84023	-0.0267862	-0.649451	-1.20022	-1.4706	-0.530769	1.88461	-0.110872	-0.0995524	-0.590043	
-1.03448	0.436685	0.541396	-0.856012	0.309739	-0.666643	1.08727	-0.243575	-1.42676	-0.0555886	-0.792635	1.62095	-0.0874168	-0.766596	-1.62583	0.0877684	-0.488793	0.103433	-1.98673	1.01579	
-1.53937	0.11058	-1.02573	-1.21188	0.646628	0.103079	0.270001	-0.00271694	-1.76139	1.47043	-0.838937	-1.2586	1.65401	-0.113346	0.518795	1.06085	-0.574189	0.476772	0.398803	0.30237	
-0.814035	-1.75575	0.462804	0.0638016	-1.90118	0.325265	1.55286	-0.819431	-0.819838	-0.725417	-0.542835	1.70255	1.08962	-0.934705	-0.410999	-1.26633	0.337805	-0.430482	-0.310004	-0.529244	
-1.409	1.32418	0.119079	0.751555	-0.406066	0.61723	0.330535	0.645458	1.04004	0.76212	-0.08601	0.692095	0.432751	-0.0512525	0.594046	-1.45854	0.577811	0.771683	0.386019	-1.00785	
-0.688972	-0.182477	1.08764	-1.1569	-2.11162	0.135008	0.434388	0.594828	0.646872	1.18869	0.203322	-0.923967	-0.481051	0.869574	-0.612573	0.38601	-0.0281656	-0.00201242	-1.35682	-1.20805	
1.00216	1.3899	-1.32077	1.24314	-0.16143	0.545382	0.372261	1.11906	-0.609968	0.20691	-0.114762	0.54108	0.0574238	-0.592618	0.831304	-2.29146	0.446316	-0.410786	0.870899	-1.93456	
0.423804	-0.72509	-2.06225	-0.596817	-0.98109	-1.47558	-0.704525	0.741602	0.622482	-0.470542	-1.30716	-0.268362	-0.833101	-0.503404	1.0275	1.21417	-0.315468	0.215109	-1.07368	1.50671	
-1.36246	-0.134121	0.910921	-0.585569	0.659945	1.03469	0.759291	1.45577	0.494262	0.129591	0.477691	0.157801	0.329419	2.69418	-0.504733	-0.703603	-1.65227	0.0886409	0.809673	-0.581755	
1.33059	0.934049	0.772269	-1.49579	1.68388	1.88626	0.444162	-0.6664	-0.943499	-1.55653	1.59399	-0.309533	-0.64192	0.76707	-2.12075	0.531825	1.2463	-1.00342	0.690548	1.21048	
-0.534817	0.647481	0.673082	0.90431	0.615715	0.249438	-0.0977527	0.088035	1.17695	-0.749989	-1.61051	-0.52938	-0.418467	0.24208	0.934425	1.61848	-0.729674	0.888587	-0.171197	1.30428	
0.673536	0.492803	-0.765594	-0.286845	1.88779	-0.171841	-0.359695	-1.21167	0.304422	0.938939	0.0809869	-0.212088	0.220887	-0.302503	-0.70518	0.935831	-0.304086	-0.392976	-2.30368	1.76788	
1.3218	-0.200206	0.00498009	-0.192995	-1.43745	0.453548	-1.00266	-0.00694658	-0.990482	0.627216	0.0467541	0.312133	0.0939133	-1.11763	0.39862	-0.052748	0.0365532	-1.54694	-0.816461	-0.0348747	
1.58241	-0.950814	-0.319423	0.85542	0.342133	0.000676193	1.54261	0.795476	1.35016	0.313425	-0.293904	-0.935466	1.74753	-1.44414	1.35065	0.302767	0.782833	2.21793	0.941198	0.419949	
-0.194913	-0.903403	-0.0511994	-0.44464	0.755071	0.860572	0.664558	-0.900409	-0.330132	0.45393	-1.42294	-0.403791	1.12423	-0.424596	-2.58798	0.303044	0.874761	-0.868243	-0.129039	-1.33501	
-6.44818	-2.01428	-1.53609	-4.55623	-1.26236	-2.05455	-4.4038	1.05553	0.0456893	0.599256	-3.83754	2.02449	5.12596	0.681364	-2.11605	4.9849	1.15536	3.87637	0.180676	3.24891	
1.62865	-0.473727	-0.54532	0.353445	1.20084	0.36365	0.64023	1.87	-0.157377	2.30888	-0.206002	1.28192	-0.792373	-0.206979	1.05025	0.703061	-0.243136	-1.07348	0.122389	-0.914156	
0.782162	2.07611	0.000161727	-1.24811	0.501898	-1.39262	0.75894	1.14666	-1.08476	-0.258791	0.0931019	1.29292	-0.281458	-0.903817	0.381308	-0.387745	-2.3707	-0.413953	-0.336282	0.701883	
0.0949768	-0.194427	0.480212	-1.9954	0.183015	0.168715	-0.0631706	-0.404516	0.836246	-1.03394	-0.444493	-1.49209	1.58481	-2.02505	-0.211644	-1.53434	-1.90375	0.228444	-0.397495	-0.0875438	
-0.00550706	0.133371	0.132793	1.05193	1.44262	1.75805	0.0730253	-0.706637	-2.1951	1.24103	0.72871	-0.0787712	-0.151057	0.387313	1.34039	-0.396286	-0.532395	1.11286	-0.526676	0.412193	
1.25419	1.36634	0.0273589	-0.788809	0.483309	0.919357	-0.196026	-0.925612	-0.684044	1.07111	-2.47864	-0.700687	0.902756	-1.22656	0.511884	0.00918103	0.859703	-0.969911	-0.0810914	0.0276784	
-2.59319	-0.584106	0.407927	-0.133091	0.430543	0.83196	0.0237818	-2.44153	1.35701	0.248675	0.779747	0.710001	2.21204	-0.13462	-0.353743	-0.292279	-0.819595	1.00947	1.37769	0.0972409	
-2.19241	-0.228045	-0.520342	1.04606	-2.03942	-1.40392	-2.04996	-1.2014	0.729375	0.986748	-0.792882	0.773408	1.35524	-1.39095	-1.22098	0.622249	-0.287889	-2.4532	0.0821334	1.30384	
1.22646	1.83631	0.632584	-0.579104	1.21939	0.139382	-0.221273	0.350669	0.414536	0.642439	-1.7391	-1.599	-1.08033	-0.422612	0.699095	-1.95578	1.08151	0.636723	-0.593354	0.367113	
0.757807	-1.36845	-0.343251	0.297717	-0.249207	-2.12981	0.0304473	1.69192	0.747322	0.401972	0.442176	-0.321926	-1.19422	2.18214	2.42218	-1.11303	-0.573505	0.300421	-0.371232	0.902108	
0.621722	1.4818	0.228074	0.431765	0.150193	0.220843	1.16211	-1.47597	-1.606	-1.20143	-1.28703	-0.768029	0.0836218	0.62666	-1.12756	-0.365878	-0.162226	0.883035	-2.86943	-0.538247	
0.746726	-1.5362	-0.717884	0.0543379	0.11087	1.60283	0.442536	-1.15626	-1.87945	-0.50762	-0.712483	-0.97898	-0.138685	-0.731131	-0.0666188	-0.493373	-0.583999	0.0608804	1.17376	0.362651	
-0.889043	0.898975	-0.127442	-0.8823	1.18508	-1.49034	0.066945	-0.114412	-0.787272	0.997082	-0.191509	0.670014	0.448626	0.398854	-0.713802	-0.254441	-0.53174	-0.61398	-1.26863	0.674892	
1.69347	0.488121	0.898097	-0.259324	-1.7011	0.0100265	-0.854677	-0.889313	0.512142	1.3163	1.86638	0.476858	0.285784	-0.76236	0.33812	0.330971	-0.623401	-0.783842	-1.96184	1.16566	
-0.151308	-0.0809114	0.415402	-2.14969	1.43668	-0.0463398	-1.94619	-0.193462	1.5257	-0.572164	-0.350845	0.0961708	-0.0790355	-0.563232	0.220436	-0.118612	0.401227	-1.08656	0.547043	0.205384	
-1.3514	0.088356	0.515885	0.508707	0.518057	0.550651	0.724096	1.02677	0.781162	0.590381	1.63122	-1.08849	-0.538899	-0.0375391	-1.06999	-0.799728	-0.758008	-1.43904	-1.28478	0.851475	
2.59355	-1.44501	-10.1884	-0.330678	-1.84618	-2.95962	1.27903	2.62551	3.89545	2.88799	3.04286	-2.36224	-2.4802	4.53547	-1.93879	3.71405	2.08475	-6.21532	-4.7961	3.08019	
2.4142	1.02846	0.36034	1.2304	-0.939558	1.39739	1.0813	0.732881	-0.92736	2.01187	-1.69907	-0.0117015	0.990034	0.143596	0.740582	-1.79135	0.0127014	0.944491	0.166488	-1.34417	
-0.0853783	0.0703865	0.555516	0.799861	-1.69511	-0.0951672	0.572303	1.56781	0.40137	1.85066	0.769599	-0.00943562	-0.0735683	0.483681	-0.380751	-0.121403	0.262191	-0.175728	-1.65938	-0.917017	
0.789694	-0.408331	-0.301466	-1.36751	0.920248	0.898802	-1.53692	-0.00930028	0.190136	0.019718	1.73775	0.500375	-0.333291	-0.76485	0.0414806	-1.06028	0.102973	1.67653	1.03697	-0.817175	
-0.148766	-0.856274	-0.922497	-0.804896	0.960483	0.570617	-0.818379	0.224881	0.676857	-2.71138	-1.07249	0.192034	0.687804	0.588428	-1.28912	-1.19789	-0.211391	1.28031	3.12489	0.100298	
16.7646	-0.165888	0.944211	11.7982	5.05472	6.89611	13.9214	-1.4069	-1.24603	-3.78643	7.89999	-2.79876	-8.3715	-7.84706	2.22822	-14.9956	1.03107	-8.56402	-0.613091	-7.58112	
-1.02843	0.0122865	-0.752932	-2.00067	0.595377	-0.569656	0.0764437	0.513887	0.188194	0.0962582	0.28839	0.410656	0.142439	0.643912	-0.445098	-0.17032	-1.41848	-0.0231072	-0.981429	0.21306	
-0.213363	-1.47593	-0.917524	2.66892	-1.28537	2.12334	-0.0729475	2.07469	-0.00659299	0.801905	0.680902	0.41925	-0.876138	-0.982507	0.307118	2.11574	0.0515662	0.135398	2.66096	0.429238	
1.88512	-0.170136	1.74265	3.5013	0.0964945	-0.524243	2.07366	-1.22964	1.55495	-0.132277	-1.81828	0.236823	0.0473954	0.81306	1.01766	-1.65268	1.25541	-0.146765	1.89789	-1.05078	
0.220545	0.165163	-0.295778	0.890317	-0.151776	2.29994	0.336814	-0.244652	-0.50749	-0.706	0.154389	-2.25184	0.710169	-1.03257	0.734093	0.534333	0.942924	0.317272	0.983075	0.300479	
0.0190332	-0.674606	0.0786313	-0.431274	-0.946506	0.588072	-2.21064	-0.73745	-1.49703	-1.08302	0.53402	1.10264	0.742869	0.974822	-0.39384	-0.0907128	-0.383193	0.680973	0.368187	-0.478056	
0.566974	1.24244	0.288974	0.393046	0.791668	-1.10186	0.582162	-0.247104	1.11446	0.446415	-0.00688939	-0.542603	-0.299331	-0.220339	-0.841078	-0.0602614	-0.260283	-0.46988	1.23277	1.24235	
-7.05001	-1.05697	0.226184	-4.54619	-2.75154	-2.43886	-7.53907	1.55892	1.54928	1.55863	-3.48577	0.0697643	4.90224	2.45053	0.375234	5.66024	-0.1185	5.44565	-1.66944	3.07118	
1.32576	-0.297629	0.157597	0.302042	-2.52585	-2.18628	-1.2697	0.890543	-0.605643	0.721955	-1.16607	0.608368	-0.881592	1.19574	-0.652576	0.127983	-0.368148	-0.664302	0.117938	0.928334	
4.68891	-0.79521	0.265168	2.81666	2.02596	1.28212	3.95558	-1.33419	-0.940795	-1.41676	2.3204	-2.11136	-1.2592	-1.86891	0.514063	-4.64126	0.0192534	-1.2661	1.01769	-1.34705	
1.42288	-0.207158	-2.03264	1.94565	-2.16267	-0.772733	0.337058	0.790081	0.659868	-0.153101	-0.859769	1.96193	0.725178	-1.31329	-0.113942	-0.406587	-0.242883	0.333155	0.161438	-0.718227	
0.0806288	-1.53017	1.72996	-0.294611	-0.253445	-2.53643	0.763858	-0.668828	2.31971	-0.404638	1.41402	0.63477	0.483801	0.194621	1.6015	0.298845	-0.527426	-1.36402	-0.760701	0.328901	
0.553215	0.409491	0.77018	0.0422166	-0.807464	1.06579	-0.115194	0.499651	-1.73069	-0.951508	-0.739405	-0.362864	1.56592	0.344575	-0.661484	0.231532	0.703629	2.43204	-1.61201	-0.0167314	
-1.68492	1.37715	1.30843	0.621567	0.919575	-0.013392	0.382452	0.0147057	0.46824	0.50296	0.143932	0.718187	1.8081	0.453558	0.816353	-0.0419563	1.97349	1.54937	-0.233764	-0.611274	
0.207766	1.33601	1.71679	-1.09767	0.40859	2.1546	1.0144	-0.204581	-0.660494	-0.122171	-2.06904	-0.0827483	-0.126003	-0.553915	0.255136	0.526844	0.507638	-0.321626	0.166029	-0.166348	
0.60423	-0.0162668	0.5676	1.34491	1.08682	-1.60543	0.916518	-0.110973	0.971118	-0.215219	0.75821	1.24261	0.119085	-1.26866	0.38107	-1.31007	0.633888	0.343011	-0.035696	-0.238423	
-1.10683	1.21891	0.265932	0.233941	-0.4385	-1.14076	-0.308591	0.353277	-0.0747622	-1.99477	1.86265	0.381594	-0.677984	0.334091	-0.48638	-1.348	0.0630766	-0.350107	0.457242	-0.93265	
-0.556411	-0.521978	-1.51436	-0.950653	1.34528	-0.137771	2.24311	1.13881	1.24712	0.590062	0.947453	0.68864	0.910314	0.900288	-0.877798	-0.543211	1.002	-0.440172	-2.04014	0.354665	
0.66054	-1.34039	2.98809	-0.367621	0.664097	-0.655087	0.162374	0.802343	-0.837871	0.877985	0.831703	-1.47164	-2.07278	-0.128693	1.27098	0.660182	1.71945	1.62507	0.0728354	-0.579165	
-1.07114	-0.390453	3.38034	0.779478	0.651397	1.49373	-0.938583	-1.29194	-0.151283	-0.0352088	-0.709545	1.45305	-0.241321	-2.45701	1.22349	0.355214	-1.47052	0.824265	1.85706	0.451845	
0.918144	0.886984	-0.882972	-0.222247	0.338487	-0.656464	1.05893	0.931309	-0.669412	0.191908	-0.358042	-1.67081	-2.11353	0.230936	0.176065	-1.15548	-0.116388	-0.664058	0.56426	-0.363004	
0.428923	0.810996	-0.634864	1.43	1.3491	1.85592	-1.19953	0.560555	0.830277	-0.33313	0.279514	0.237205	-0.0872403	-0.378997	0.216867	-0.409004	-0.812264	0.133626	1.38104	0.00631338	
1.02827	1.29403	0.290928	1.47889	1.70119	1.04596	1.54677	1.13935	2.50831	0.666208	-1.00219	0.443894	-1.1515	-0.545089	0.92629	0.17868	0.308814	0.380941	-0.813307	1.07836	
5.06124	0.273103	-0.309246	5.25492	1.30534	0.18763	5.87384	-1.5035	-2.61536	-0.693211	3.20365	-1.33243	-3.42629	-0.405723	1.11813	-3.1178	1.07709	-5.1297	0.236637	-4.68417	
9.11759	0.899718	-1.22067	7.65617	2.8693	3.73114	9.33782	-2.27891	0.0019082	-1.90196	5.75707	-1.72324	-4.60531	-6.40153	2.26036	-8.48898	1.14321	-6.02004	0.732261	-4.35699	
1.56606	0.0935773	-0.428487	2.34485	-0.981588	-0.633274	0.260051	-0.444504	-1.57691	0.197622	0.589484	-1.6184	-1.9681	-0.127291	1.66577	-2.35271	0.870832	-0.0368988	-0.737939	-0.499735	
-1.17806	-0.685242	-0.0879513	0.740446	0.635911	2.2411	-0.319876	0.485373	0.303386	-0.821106	-0.845461	0.34683	-0.341393	-0.409015	0.640925	-0.250146	-0.606287	-0.623643	-0.9393	0.800504	
-0.893976	-0.222249	0.181214	-0.001712	-0.734173	0.771267	0.448869	-0.879622	-1.24902	-0.633766	-0.440921	0.532333	0.740462	-2.25888	0.82696	-0.318721	0.368444	-0.245252	0.457235	1.15036	
-0.707504	-0.0281771	0.321128	-0.316799	-1.10625	0.314441	1.86536	0.844896	0.731427	0.121116	-1.18014	-1.03123	-0.188025	0.779438	-0.247865	0.274833	-0.94472	-1.07188	-0.922028	1.3603	
-5.98941	-0.902352	-0.522555	-3.12969	0.827964	-0.638406	-4.15745	1.75795	0.836081	2.00455	-0.701051	1.66621	1.43222	0.174741	0.875925	5.83604	-0.445276	1.95495	-1.22331	3.45461	
-0.704605	1.08501	0.426905	7.82273e-05	0.390245	-0.258392	1.25181	-0.776734	-1.09067	0.392397	0.146471	-0.944912	-0.742374	-1.46043	0.125974	0.637618	0.814008	-0.591985	0.262251	1.76274	
13.5519	-1.96659	-3.73929	6.88194	1.27829	2.56873	10.0785	-1.17144	1.4218	-2.72896	8.34192	-4.49927	-5.65932	-1.06268	0.268718	-8.97335	3.54163	-8.52904	-2.15034	-3.41326	
-0.39857	-1.64044	0.0401844	-0.296837	-1.33759	-0.759482	-0.670988	-0.37705	1.24387	0.447289	-1.10624	0.695137	0.118106	-0.130049	-1.20151	-0.552824	0.680421	-0.175946	-2.33133	0.755135	
-1.42649	0.599493	-0.835961	1.32705	0.321498	-0.560458	-0.0898858	-0.478182	-0.293846	1.07745	-0.0401662	-0.0286043	-1.44911	0.725261	-0.076064	-1.27411	0.550623	1.19138	0.438508	0.311292	
0.0121324	1.01485	1.56919	-0.700923	-0.846495	0.233846	0.192496	-1.50581	-1.04359	0.256536	-0.146486	-0.974161	-2.40162	-0.0326161	-1.23965	1.3461	-1.29152	-0.525304	-1.09199	1.14632	
0.646739	1.57629	1.66336	0.618166	1.96596	0.4607	0.905718	0.657294	-0.412776	-0.584947	0.911647	-0.785308	-0.507643	1.21423	0.888032	0.0476852	-0.691775	-1.43556	1.08599	-0.674696	
-1.4607	-2.38576	1.22194	1.27192	-0.0251401	0.978826	0.389293	1.16783	-0.16411	-0.166753	-1.23427	0.111368	0.713713	-2.01956	0.687432	0.583795	0.329323	-0.909438	-0.810167	-1.00697	
1.44421	0.76405	-0.531998	-1.1045	0.383875	1.04267	0.364095	0.365581	1.02968	-2.00995	-1.12047	-0.0910277	-0.043403	0.373868	-0.197252	-0.11428	0.434918	0.0968778	-1.4307	0.657646	
-0.450074	-0.438602	-0.549347	0.447017	0.131295	0.286931	1.6477	-0.819802	-0.550171	-0.608162	1.86848	-0.0461374	2.45104	1.05329	-0.986981	0.698328	0.00833508	0.596716	-1.00348	1.21504	
-5.20645	2.68411	13.6692	1.4763	4.72937	3.14174	-3.25083	-3.79248	-3.57525	-2.66753	-5.11306	3.96351	4.1988	-4.40485	2.13534	-3.04619	-6.30428	6.59392	3.20479	-3.97903	
-0.26107	0.776781	-0.986749	0.465823	0.82156	1.41619	0.956283	-0.773679	-0.426407	0.853497	1.34163	-0.991975	0.4677	0.752091	0.551475	0.57459	0.450388	-0.0125474	-1.3243	-0.00161996	
1.09173	1.21846	-0.751617	-0.288918	-0.258832	-0.633744	1.67648	-0.934905	-1.06657	1.88553	0.646529	-0.263877	1.20534	0.460591	0.611791	0.252436	-1.61331	1.88879	0.244791	-0.856671	
-0.615558	0.811384	0.826135	-1.49711	0.717044	0.838113	1.85104	-0.199201	-0.991979	0.679556	-0.13388	1.02155	0.674348	-0.553262	1.32112	-0.926105	-0.282748	0.343311	1.34777	1.39853	
-0.0933137	0.223165	0.809405	0.709922	-0.689938	0.319059	-1.71774	-0.341812	1.37099	-0.0337552	-1.03205	2.06252	0.176523	0.457705	0.675411	0.603079	-1.70877	-1.79422	0.0461449	-0.871723	
-1.98129	-0.285232	0.0358323	0.0278852	-1.442	-0.284819	-0.478833	1.23676	-0.447048	-0.351635	-0.751476	0.966433	-0.348686	0.0398209	2.23748	-0.193097	0.924193	0.56555	0.13222	-1.31917	
-1.29287	0.33025	1.23874	-1.46032	1.03645	-0.67345	-0.55726	-1.15633	-0.398145	-0.865562	-0.668348	-0.310731	0.388521	0.724228	1.76465	0.762656	1.00375	0.0363625	2.31351	-0.501475	
0.0939312	1.59799	-1.68589	-0.197174	-0.44428	-0.0470767	-0.0119646	-0.190067	-0.378189	-0.519621	1.21257	-2.77076	-1.57812	-0.259139	0.481449	0.0793457	0.717014	-0.729092	0.107982	-0.931949	
-9.34917	-3.44581	-1.70584	-8.28247	-2.05929	-3.35004	-8.39548	1.91325	1.7568	2.45847	-7.27031	2.3017	5.08998	4.61968	-0.805191	7.49685	-2.30086	6.19814	-0.274485	4.17687	
0.695196	0.292406	-2.14158	1.11045	-0.716371	0.356316	1.35644	0.154162	0.350846	-0.179946	0.541906	-0.432251	0.756551	-1.31143	0.00860033	0.0239664	0.237927	0.988089	-0.219129	-0.438188	
-0.124988	-0.415619	1.15548	0.39839	-0.831248	2.44867	1.19268	-1.48261	-0.556527	0.566531	0.275916	-0.189694	0.291434	0.789998	-0.582402	0.321191	0.388018	0.647617	1.71793	-0.154879	
-4.83433	2.7187	8.37517	1.63302	4.07347	3.27119	-1.69186	-3.48386	-2.96998	-2.06935	-3.46149	0.75546	1.70812	-5.07408	1.11051	-1.86237	-5.84576	4.44026	3.48179	-2.68023	
-0.285838	-0.563396	-0.243311	1.21286	0.872672	0.896599	1.20209	-1.36586	0.294099	-0.0809926	-0.0351089	0.513815	-0.104213	0.50859	1.49887	0.0396542	-0.0617811	-1.79555	-1.79247	-2.06224	
0.618564	0.629661	0.637002	1.48736	-1.50065	0.773245	-0.115791	-0.288794	1.49174	0.823939	-0.877282	0.00229682	1.64834	0.460249	1.36378	0.691629	-0.0742845	-0.354907	-1.30152	0.870696	
0.0367819	-1.1694	1.45095	0.270925	-0.61194	1.01661	0.780989	-0.218623	-1.69342	-1.6371	0.442028	1.499	0.125719	-0.0156427	1.50051	0.183076	-0.670082	-1.34087	-2.69967	-0.451954	
-0.433417	-1.29553	-0.479044	1.33196	-0.34186	0.200126	-0.731119	0.053153	-1.26707	-2.47016	0.320312	0.282091	0.228973	-0.851572	-0.88745	-1.34861	-1.72034	-0.937703	-0.434281	-0.468854	
-6.27072	3.22474	12.1047	2.66325	4.41439	3.01884	-1.42075	-2.10414	-4.32451	-2.79717	-5.5252	4.7459	3.06475	-8.22148	1.94582	-2.49532	-3.98984	4.75484	4.51646	-5.25923	
-0.177635	0.146383	-0.341887	-1.32847	-0.376723	-1.30439	-0.114148	1.16116	1.02956	1.41754	-0.762502	-1.02118	-0.878159	-2.43586	0.235324	-0.287158	-0.987813	-0.577208	0.812483	-0.50424	
0.768083	1.44357	0.857398	-1.24346	1.18216	0.11209	0.300568	1.06501	0.240235	1.12953	-0.442169	-0.517137	0.362962	0.897561	-0.573213	0.872189	-0.933248	0.177674	-0.508277	-0.708163	
-0.527002	-0.100544	0.105678	1.59736	-0.536133	-0.826523	-1.56039	0.963837	-1.09996	1.2002	0.489966	-1.21327	-0.619319	0.470685	1.15846	-0.439942	0.981248	0.59338	2.32816	1.1323	
-2.81552	-0.21699	4.87986	0.603395	1.38838	1.07969	-0.360778	0.190445	-1.32243	0.29047	-1.60924	-0.25598	1.73671	-3.12769	2.02656	-0.110716	-0.165783	1.46427	0.509802	-1.63675	
3.40506	-1.55189	-8.00927	-1.28258	-1.70536	-1.31612	0.143012	2.77535	1.13366	2.30406	0.9996	-0.542708	-1.61651	2.86481	-2.4713	2.12378	3.58585	-2.45415	-4.81557	3.72683	
-0.672962	-0.137599	-0.930123	2.93643	0.142201	2.54011	0.820859	0.834768	-0.202826	-1.07604	0.089013	0.0389115	-1.20902	-0.277448	0.893617	-1.63	-0.00132013	0.646819	0.0758854	0.750106	
-0.406431	0.606234	-0.0440151	-1.2345	-1.33692	1.00212	-1.25663	-0.261761	0.452026	-0.131912	0.582831	-0.31889	-0.964533	-0.765336	0.388739	-0.030259	-0.921265	2.58089	1.547	-1.85309	
-1.93749	1.68424	0.401247	-0.37272	0.0865536	-2.64178	2.2634	0.449267	-0.554756	-0.117783	0.0823225	1.22394	0.83587	-0.604305	1.82711	-0.840598	-0.630494	0.0211232	0.523671	-0.622251	
-1.34284	-0.494479	0.429765	0.46236	0.730032	0.704611	-0.0508772	0.622995	-0.281553	0.0718144	0.898222	0.317135	0.928471	-1.5943	0.177476	-0.265298	-0.15773	-0.376322	-1.8694	0.20029	
-14.8296	-2.05803	5.84329	4.9406	-0.990137	3.87248	3.77093	5.61563	-1.00552	7.34396	4.84578	-3.48693	-9.02452	-1.90462	-2.96548	5.358	-3.3414	2.82917	6.42205	-3.85507	
0.536049	0.705535	-0.024707	1.25848	-0.698544	0.862006	2.24573	0.165471	-0.491701	-0.471092	-0.567897	-0.477419	0.444059	0.615797	-0.873953	0.430789	-0.54439	2.31451	-0.0473158	-0.305845	
0.440953	-1.06237	1.06686	0.38611	-0.392923	0.417613	-1.66275	-0.323132	-0.438771	0.00331599	-0.319438	1.41964	-0.750477	1.40196	-2.15124	-0.802124	0.932118	-0.323752	-0.482621	0.393631	
0.601244	0.155686	-0.1796	-0.125412	-0.421195	1.52712	0.151589	-0.241033	0.0833001	0.39637	-1.23751	0.152772	-0.570184	-0.406268	-0.404204	-0.803525	-0.0840053	1.74225	-1.18619	-0.254945	
8.28705	-3.77742	-16.2835	-2.88475	-7.9879	-3.55928	2.8008	3.86655	6.016	4.34059	4.41994	-4.25165	-3.23972	6.70033	-2.19211	2.66011	5.59144	-9.79592	-7.08953	7.27406	
-0.723646	0.445085	0.822846	0.373835	1.50901	0.399875	0.879608	-0.818429	0.863796	0.534211	0.552873	-0.0633461	0.788016	0.247767	-0.405974	-1.05562	1.52176	-1.13449	-0.243826	-1.2073	
-0.284455	-0.0430185	1.44509	-0.579288	-0.47139	-0.563103	-0.00304797	-1.18804	-0.0582856	-0.089516	-0.185164	0.686441	1.24944	0.0976791	0.286209	0.13044	0.0646072	0.248414	-0.255123	0.483889	
5.71404	1.38054	-2.31366	-1.27424	0.171597	0.873467	-0.564366	-0.925277	2.92378	-2.13855	0.468083	3.55465	2.64718	-2.00663	0.723315	-1.79456	1.46218	-1.13585	-3.96159	1.53579	
-0.496885	-0.813958	0.982928	-2.75421	4.06976	-4.44396	-0.325734	4.61472	-0.458027	0.825776	0.606384	-1.71519	-0.275498	2.01068	-4.60285	0.250873	-2.34699	2.83259	0.0063205	-2.77321	
3.41839	-2.29455	-3.85037	-1.68832	-1.62355	-0.166736	-0.352034	1.41052	1.89471	2.46877	1.66331	-1.52945	-0.885561	3.60017	-1.77451	0.455855	3.04647	-3.30143	-1.16411	0.855145	
-2.77422	3.13251	6.29926	1.63349	1.3148	2.52079	0.732883	-2.49572	-2.50722	-1.46264	-1.35377	1.57637	1.1526	-2.15171	-0.78056	-2.07935	-2.05096	3.98447	2.83379	-2.67978	
1.4518	2.11274	-1.02862	3.43884	-3.2021	1.97803	2.54729	-4.84636	-0.296538	2.14433	0.799466	3.20989	1.67616	-1.25886	2.90974	2.25946	0.934968	-4.00131	0.205148	1.32809	
0.578571	0.926694	0.648444	0.654309	-0.38859	0.00594131	-0.310166	-1.42948	0.639249	2.83419	0.303896	-0.349058	-0.350845	1.0971	-0.118999	1.95478	-1.43406	0.570363	-1.36896	-2.21476	
4.38521	0.99703	0.0703441	0.884314	0.0844898	0.715135	-1.12679	-3.32079	1.10772	-1.72904	-1.94508	2.27514	2.15725	0.444682	1.98838	-2.43296	0.974484	0.298391	-2.91073	1.58275	
-2.35612	1.294	4.846	0.0341061	1.39091	1.07182	-1.26713	-1.0247	-0.524679	0.0242064	-1.99199	1.40317	1.45018	-2.36719	-0.140142	-1.53836	-1.1965	3.15562	1.15611	0.729064	
0.355604	1.09849	0.086093	-0.243253	0.64978	-0.818014	-0.558606	0.081721	-1.14645	-0.495165	-0.0135832	-0.156343	-1.714	0.646349	1.9681	-1.11049	-0.95934	-1.35788	1.74123	0.0606767	
0.0140697	-0.170668	-0.527485	0.3154	-0.0775312	-0.293715	-0.751671	0.322542	-2.40373	-0.4248	1.09915	1.89785	-2.33833	-0.012628	0.816329	1.04893	-0.0331506	1.51617	-0.365172	0.153652	
-1.41734	0.681097	-0.714511	-0.0346976	0.740788	-0.746854	0.26977	0.731637	1.04932	-1.63976	0.376075	-0.462866	1.2695	-0.708359	-1.93402	2.16432	-0.139367	0.824851	-1.50493	-0.723087	
-0.358848	-1.01744	1.55721	0.296323	0.196014	0.264365	-1.56112	0.598966	-1.59269	1.8497	1.55996	0.506823	-0.0321909	0.875616	-1.06002	-0.148528	-0.0892488	-0.686329	-1.21322	-1.09338	
1.21854	-0.150569	0.849816	0.79944	-0.596399	1.38252	0.0965146	2.5921	-0.081893	-1.30438	-1.241	-1.51755	-0.270034	0.0727483	1.57668	0.878468	0.192242	1.48235	-0.162211	1.61331	
0.622446	0.794962	-0.179198	0.634001	-1.65347	0.406819	0.185058	0.118976	1.3486	0.524713	0.805963	0.603234	1.06599	0.594336	2.01798	-0.192805	1.42729	-1.3713	-0.332617	-1.25662	
20.9183	3.31605	-6.05148	-8.61034	-0.579204	-10.235	-2.42257	-7.65617	1.11335	-10.7366	-9.26551	1.89218	13.616	7.29143	-0.991003	-7.17892	4.42468	-5.59128	-11.3795	5.75676	
1.55914	0.385891	-0.53994	0.301437	-0.197147	0.151967	0.206237	1.41038	-1.12858	0.494515	0.511515	-1.10281	0.124255	0.729212	1.66626	0.525722	0.998797	-0.533141	0.490927	0.517581	
-0.76561	-0.0677522	1.02899	-1.0047	-0.532471	-2.26203	-0.774783	-0.700621	0.656894	-0.239146	-0.546434	-0.334397	-0.773947	-1.63211	-0.10062	1.79724	-0.618197	-1.19807	0.132164	-0.704652	
0.901368	-2.32317	-0.0773452	-0.237216	-0.260934	-0.052555	0.419785	0.241215	1.03133	-1.84515	0.252693	-1.11134	0.372762	-1.27298	-0.552499	0.532767	0.334764	-0.825777	-0.580725	-0.768966	
-0.468016	2.15447	0.293067	1.67502	-1.03678	0.858413	1.35746	-0.86299	0.0633525	-1.30501	0.0185658	1.31479	0.2495	-0.826986	1.58798	-0.557647	-0.0585981	0.561982	0.758782	-0.8114	
1.0634	0.572508	0.653829	0.409755	-0.978726	2.02946	-1.1435	0.6329	0.478931	-0.570586	-1.7971	-1.36515	0.963402	1.63701	-0.862685	1.48259	1.11234	-0.134586	0.00800674	-0.547984	
0.520439	-1.19389	0.349261	1.03101	1.0256	1.14723	1.55933	-0.685471	-0.749313	0.244908	-1.10816	0.210951	-0.575113	-0.324429	0.291396	-0.56212	0.413964	0.237345	0.984242	0.85658	
-0.0619917	-1.54454	-0.755121	-1.09667	0.197528	0.275338	-1.06297	-1.67627	0.28627	-0.693706	0.76707	-1.36727	-0.211028	-0.711373	0.771654	1.43159	-0.133756	-0.873692	1.24008	1.19859	
1.29426	1.21164	0.25716	-1.02964	-1.31778	-1.53863	2.23777	-0.299837	-0.0487188	0.487023	-2.65362	-2.03066	-0.91662	1.26456	-2.92359	-1.05007	-0.0439456	-0.944033	-0.55071	-1.71076	
-0.129607	-1.21194	-0.0137976	-1.59729	2.04038	-4.30225	-0.639192	4.15819	-1.55446	0.540824	-0.126846	0.223879	0.203573	0.919552	-1.06805	-0.466793	-1.61699	2.35803	-1.73911	-0.148126	
15.0338	0.447323	-5.75226	-5.65988	0.574879	-2.26298	-4.96359	-2.61535	2.46037	-8.57942	-3.03468	6.45656	7.17084	0.558387	3.20524	-6.42779	4.71719	-1.25642	-7.12299	6.28557	
-0.438856	-0.662377	-1.70465	-1.44387	-1.23873	-0.541968	0.228635	1.36331	-0.655909	-0.112377	-0.886072	1.19571	-0.556676	1.17963	0.169533	0.520237	0.00568442	-0.890775	-1.23267	0.381443	
1.20616	-0.11686	-1.41652	0.960489	-0.509087	0.132694	-0.260572	0.9837	-0.235824	1.05514	0.379045	-0.833386	-0.0839661	0.734209	-1.38166	-0.687766	-0.0751747	-0.00241872	0.92315	-0.434783	
0.486574	-0.252062	0.189427	0.128947	0.634005	-0.204007	-0.820664	-0.339607	0.632151	-1.6777	-0.721578	-0.523659	0.667741	-0.677287	-0.414063	-0.356503	-2.04833	-0.537343	-0.787141	-0.505621	
3.67544	3.79442	6.61276	-1.88035	4.52704	1.97434	-2.91001	-4.0108	-2.1082	-5.98587	-5.56333	5.22298	4.66615	-3.15765	3.60258	-5.5421	-1.36661	4.59333	-2.96882	0.257798	
16.0231	0.806855	-8.82388	-5.3266	1.19713	-2.00803	-6.13174	-2.39264	4.25676	-9.32929	-0.662951	7.73402	9.286	0.432813	3.99527	-9.5409	3.52276	-2.83077	-8.69096	5.52713	
0.0414308	-0.170383	-1.39359	1.12524	0.719801	0.828674	-1.9021	-0.695196	0.622642	-0.492767	1.40778	-1.22146	0.123262	-0.196485	-1.04519	0.150944	-1.47259	0.702148	0.317897	-0.204853	
1.45547	-0.675903	-1.36681	-0.547675	0.391899	0.80015	-0.851764	-1.28934	-0.485026	1.1491	-0.623039	-1.05447	0.206228	-0.699799	-0.851787	0.666157	-0.256311	-0.201712	0.89077	1.34071	
1.77059	0.955002	0.791892	-0.492409	0.629075	-1.11495	0.316638	-1.1785	-0.114334	-0.250639	0.224819	1.4823	2.03144	1.74769	0.110596	-0.123397	-0.216212	-0.6976	0.101551	0.155111	
0.57827	-1.4276	-0.121577	-0.378877	-0.0719901	0.470966	0.669699	-1.1342	0.0581035	0.142759	-1.89054	0.0697888	0.239336	0.693712	-1.10505	-1.78119	-0.140609	-1.57342	0.569337	-0.663891	
-0.402688	-0.888914	0.298999	-1.5132	1.30017	-2.15761	0.0715321	-1.87921	2.21018	0.523811	1.8182	0.902492	0.764082	0.0229436	-1.07372	-0.91917	-0.786373	-0.939473	0.234898	-0.820638	
15.1089	2.8063	-5.38147	-4.09438	0.527016	-2.82031	-2.4502	-2.64184	2.13115	-6.30356	-2.37432	6.86907	7.71496	0.849568	2.23819	-4.34573	3.97243	-4.00588	-7.63193	5.10474	
1.55877	3.63506	-2.40465	3.49243	-6.52416	5.20516	2.92618	-9.09149	-1.92984	3.31413	-1.13985	2.71815	1.6986	-1.8987	4.86789	0.318977	1.75379	-7.70229	-0.315821	3.48868	
0.311288	1.09165	0.192051	1.61072	-2.79376	1.2333	1.14246	-2.66831	1.20161	0.830478	-0.356156	1.8192	0.681839	-0.946889	0.987353	1.14133	-0.353968	-1.96691	-0.729804	0.0346236	
1.13756	0.599627	-0.106764	0.142365	-0.00201249	0.370518	0.0224364	-0.636739	-2.52733	-1.04579	-2.00134	0.407706	1.45852	0.936977	1.29639	0.649323	0.419497	0.272082	0.424498	-1.19769	
-5.3098	-1.25634	2.51755	3.3916	0.352107	0.994125	-0.748565	3.97505	1.36815	2.05516	2.21152	-1.92541	-1.64905	-3.81653	2.18342	3.46284	0.229505	-0.561994	2.48042	0.354399	
14.5841	1.28214	-7.06665	-4.69989	1.71627	-2.62141	-3.95897	-3.99064	3.74828	-5.70632	-2.74781	5.33764	7.98377	-1.03645	4.06474	-4.87198	2.24707	-2.99869	-8.48725	5.72652	
0.686954	-0.692343	0.729587	-6.36681	0.782054	-10.1161	2.38674	-2.43784	-7.83688	-1.48788	-8.89636	-9.15316	4.62068	10.3391	-8.1185	-0.0618962	0.532507	0.468855	-4.35482	-5.69786	
-1.83139	-2.45504	1.85767	-2.77881	3.91388	-2.88143	-3.08742	4.77398	0.799977	-2.16675	2.2239	-0.0816661	-0.978108	0.19407	-3.83292	-0.388716	0.212621	3.50273	0.350258	-1.14311	
0.28732	-0.828246	-1.79522	2.16057	0.727845	0.544346	-0.968454	-0.175458	-0.104441	0.25631	-0.22453	0.210757	-0.574719	0.0258676	-0.782189	0.358879	-2.73215	-0.583738	-0.733916	-1.62324	
-2.46894	0.308761	1.49767	0.174662	0.972621	0.352667	-0.0362473	-1.16456	0.735902	-0.368526	-0.189804	-0.272516	1.77049	0.590228	-0.281925	0.396824	1.04214	-0.232779	0.0136952	-0.139595	
-1.93672	0.508446	1.95966	-0.313666	0.484092	1.04989	1.44354	1.23376	-0.544999	-2.12787	-0.927884	-1.12736	0.22683	0.343885	0.876189	-1.18764	-1.02738	-0.526475	-0.380772	-1.10099	
-0.306761	-0.543962	0.489586	-0.555397	1.47862	0.770593	0.784984	0.0480725	1.45512	-0.103672	-0.855191	-0.621744	-1.93475	-0.499392	0.375757	0.0174687	-0.0236703	0.429652	1.91367	-1.42737	
1.44292	-0.982325	-0.917914	0.737754	-0.807691	-0.0789264	-2.33261	1.21931	-0.670174	0.633227	-1.38558	2.02715	0.491536	1.03491	-0.168801	-1.85958	-0.402547	-1.50025	0.317263	0.0284483	
-0.840662	-0.275079	0.926555	-0.920649	-0.397243	-1.09299	-0.211143	-0.663514	-1.55106	0.701425	0.871944	2.05296	1.45161	-0.514608	0.698392	1.08672	-0.385815	0.928889	-1.91942	-0.013038	
0.458602	1.96234	-0.595851	-1.46653	1.34636	-3.47897	1.90579	-3.36625	-3.15032	-1.58089	-3.77018	-1.90876	1.132	4.25087	-1.53605	-0.299502	-0.0608502	-3.35575	-1.79201	-0.477931	
0.708158	0.147172	1.55906	0.787085	-0.168748	-0.658736	0.190171	-0.928685	0.593782	-0.523291	0.0757009	-0.971572	1.30684	1.58352	-3.38724	-0.316876	0.581115	-0.529378	-0.959518	-0.65042	
-1.21775	-2.08922	0.527443	-0.542197	-1.28114	-0.0357492	-1.03159	2.9411	-0.266263	-2.35339	-0.667976	-0.295458	-0.618287	0.62579	-0.245517	-1.05203	-0.0592466	0.736435	1.34485	1.37247	
-0.27191	-0.863796	1.57449	0.613964	-0.191303	-1.96414	-0.186378	0.584224	-0.574508	0.303016	0.829661	-0.644119	-2.43697	0.257557	-1.18513	-0.78575	0.0452332	0.398225	0.436015	0.677087	
-0.740821	-0.590676	-0.0321554	0.517651	-0.412601	-1.14555	-0.444049	-0.0783472	-0.755179	0.692223	1.31095	-1.64341	0.140747	0.79581	-0.366798	-1.18939	-1.24426	0.243204	0.14961	-0.713072	
-0.773731	1.55385	-0.21429	-0.480693	0.0775859	-0.786637	0.976846	1.97248	0.236922	-0.580622	1.30381	0.963161	-1.04795	0.55088	0.10302	2.41163	-0.442844	0.286347	2.82122	-0.293383	
-1.04634	0.00228105	-1.2056	0.410592	0.410279	-0.428477	0.368543	-0.585128	1.5928	-0.0280857	-0.259494	0.891633	2.09987	0.688121	0.216732	0.148415	0.287202	0.703605	-1.18474	0.504367	
0.813671	0.740688	1.1103	0.92487	-0.463759	-0.440961	-0.228567	0.463052	-1.02405	-0.872842	-0.43275	-1.38976	0.166677	0.491784	-1.41604	-0.264741	0.174404	-2.04858	1.274	-1.40118	
1.99268	-0.210415	-0.350466	-0.467474	-1.3108	-0.125931	-0.377472	-0.614869	0.509238	0.610146	-0.604546	0.280059	-1.16314	-0.384818	-0.191119	-0.708105	1.16925	-1.68021	-0.470032	-0.699179	
-0.915271	0.0952682	0.482955	-1.11097	-2.29872	1.5786	-0.885109	1.26542	-2.25989	0.106885	1.56916	0.0829711	-2.10088	0.250872	0.961946	1.47693	0.188206	0.223236	0.0690506	0.900253	
-0.723289	0.94062	2.47672	1.0751	1.4215	-0.650452	1.19042	0.649227	1.44508	0.449087	0.63503	0.4469	1.45044	0.534544	0.867014	-1.60831	-1.76096	-0.167848	0.0885945	-0.641128	
5.52103	1.21812	-0.902096	-1.65198	1.18249	-0.731645	0.156121	0.506752	0.581371	-3.20761	-0.347085	2.45793	3.12103	-0.887028	0.449023	0.137532	1.59512	0.246186	-2.35895	0.270593	
-0.518513	0.345952	2.45984	-1.87718	-0.75683	0.607717	-2.12249	-0.895983	1.31216	0.0765509	0.857132	-0.873382	-0.658792	1.45467	-2.26999	0.549175	0.578659	-0.109686	-0.314247	0.00991763	
1.47872	-0.313174	0.813925	0.309264	-0.195332	1.2259	0.271715	1.78836	1.17152	-0.427321	0.476264	-0.593038	-0.2367	-0.562924	1.85507	-0.261477	0.763027	-0.350999	0.878934	0.785011	
1.35059	-0.311531	-1.26394	-0.116344	-0.770742	-0.168389	0.900625	0.280287	0.0467659	1.9902	-1.18542	0.0386128	2.35023	-0.146984	0.294204	-0.633739	0.835988	0.165357	-2.45051	0.0202991	
0.20359	-0.507671	0.198563	-0.0801619	-1.3256	-0.271817	-0.218833	-0.742805	2.76414	-0.0749042	1.06625	0.46452	-2.13382	-1.0169	1.17343	-0.0429968	0.112238	0.557213	1.06261	0.0838669	
-0.487715	-0.836215	0.656199	-2.01354	-1.78127	-0.349934	2.14781	1.34698	-0.259866	-0.0867091	1.83991	-0.70066	0.304495	0.522425	-0.872212	0.99099	1.36444	-0.117476	-0.734117	0.357242	
-0.906097	0.358469	-0.862577	0.763031	0.49826	-0.415506	0.135885	1.75074	0.657909	-0.0823913	-1.39528	-0.439336	0.291614	1.59038	0.140494	0.611958	-0.0547543	-0.786188	0.724543	-0.0856492	
-1.13394	1.55226	-0.824574	-0.675469	-1.35455	1.12622	1.08162	2.88859	0.646781	0.807799	-0.461175	-0.396387	-0.461565	-0.184925	1.85542	-1.03108	-0.0148961	0.754043	0.608337	-0.979406	
1.01489	-0.144778	0.0715107	3.15944	-0.400305	0.863492	0.154001	0.970282	0.526376	-0.643108	-0.76926	-0.0114145	-0.0333107	-1.26051	0.396297	0.432294	-1.04892	0.695386	0.431909	-1.32085	
0.512835	-1.44405	0.634076	-0.942284	0.198703	-0.144178	0.520246	0.83238	0.0930043	-1.17847	1.17324	-0.719454	-1.11915	-0.737601	-0.897668	0.756014	1.54144	0.480019	-0.190009	2.16955	
0.515966	4.70084	-2.5165	-1.15796	-10.1624	-1.29271	12.0812	-19.302	-9.81238	-0.365754	-10.7479	-5.96577	5.98054	10.0193	-1.33131	0.931	2.19283	-11.2373	-4.55264	-5.64557	
0.18858	-0.371872	3.69367	0.228476	-0.173144	0.186869	-0.73586	1.79546	-1.1804	1.03419	-0.376348	0.134844	0.341627	0.0676103	-0.786528	-0.168546	-0.620725	0.412949	1.08318	-0.00780686	
-0.032348	1.07408	-0.115174	-0.158028	0.512587	0.43853	1.37494	0.52425	-1.52977	0.642429	0.239741	-0.851369	0.666276	-0.454912	2.99809	1.24253	1.83486	-0.219578	0.256763	-1.5129	
-0.756846	-0.463075	0.440647	0.197729	-1.07973	-0.426534	0.737265	0.98731	0.00589736	-0.732853	0.322217	0.35227	0.108505	0.195253	-2.34037	-1.45788	-1.16017	-1.93758	-0.0420452	0.457607	
-0.386867	-3.56181	0.147351	-1.7983	4.5993	-4.40783	-2.0084	5.17886	-0.451609	0.0495637	0.850233	-1.70701	-2.38236	0.832713	-2.99275	-0.387429	-2.12136	1.63502	-0.24493	-3.0761	
0.867068	0.107597	0.0426863	-1.90965	-0.105973	0.194045	-1.47381	0.226024	2.91151	-0.435376	0.848288	-0.523086	-1.10539	-2.31484	-0.387856	-0.427723	0.644426	-0.952266	0.536961	0.65095	
-0.614607	0.255348	2.09453	1.58353	0.639854	0.508682	-1.00934	0.471628	-0.578212	1.24518	-1.42875	0.567	0.303494	0.126104	-0.468453	1.36822	-0.23616	1.48569	0.5026	-2.41962	
0.0913667	1.40727	-0.0558087	-0.231451	1.151	0.738947	0.0970322	0.0304037	1.1776	-1.77324	0.304327	-0.719414	-1.78253	2.07404	-0.984047	-1.07575	0.873824	0.371857	0.13186	-0.262538	
0.832725	-0.650366	0.474205	-0.00681857	-1.62952	0.442134	0.410148	-0.925677	0.204664	1.36545	0.775138	-0.621745	0.511847	-0.434357	0.142364	-0.383157	1.18205	-0.813176	0.0710392	-2.1926	
0.841393	1.55912	0.341668	-0.837928	1.72101	0.567393	0.75526	-1.38182	-1.73547	-0.0841397	0.260917	0.506672	-0.980376	0.0275821	-0.366321	1.62995	2.37413	0.912036	-0.499845	0.0565154	
1.47886	0.0810881	1.4941	0.959403	-0.553313	0.76522	0.963449	-2.32338	-2.60477	-0.532223	0.880068	-1.7846	-0.277724	0.558518	-0.24543	0.153315	0.642075	-0.487248	0.072804	0.501246	
1.80491	-0.00960575	0.21767	-1.10316	-0.826846	-0.142696	1.00821	-1.53254	-2.53193	-2.0364	-0.0178444	-0.65725	0.587018	-0.87008	1.17504	1.38432	-0.930387	0.550427	0.851829	0.503355	
-0.310809	-1.30935	1.34036	0.525711	-0.25527	1.14527	-0.334048	1.12613	-1.59748	-1.30263	-0.0746975	-2.08359	-1.1272	0.354889	0.226393	0.696745	0.132794	-1.17302	0.169362	-0.133685	
0.34401	-1.63893	1.92963	0.64909	0.298465	-0.553378	0.784243	-0.491373	-1.48691	-1.09605	-1.59595	-0.134054	-0.268232	0.777235	0.679574	-0.640057	0.945735	1.72498	1.04267	-2.87699	
-17.4364	-0.847939	5.65385	5.34666	-1.24309	2.20606	3.27841	2.86425	-2.51684	7.21005	3.23178	-6.32376	-7.69368	-1.14715	-4.65054	7.36347	-6.12078	4.07418	7.39392	-6.37785	
0.468619	-0.482363	-1.07915	0.577267	0.820012	-1.17799	0.305978	0.0896249	0.0927829	-0.6899	0.457959	-1.8198	-0.553671	0.0645099	1.6646	-0.811027	1.6681	1.5304	0.292118	0.27755	
-0.512254	-0.108392	0.311246	-0.514334	-1.0119	-1.8131	-0.2822	0.339935	-0.405297	1.42559	0.99471	-0.0296912	0.0314721	-0.934627	0.0378801	-1.58659	1.10345	-1.5895	0.526901	-1.60379	
1.9182	-1.13558	2.94078	-1.74095	6.40713	-2.28153	-2.11367	4.32839	0.0727729	-1.45251	1.37532	-1.30533	-1.53736	0.289188	-2.93306	-0.526996	-1.3088	0.557838	-0.891862	-0.387399	
1.41403	0.597082	-1.40818	0.0386118	0.293283	1.109	-0.801785	-0.220625	0.336405	0.83661	-0.390364	0.601304	0.455305	0.221979	1.04313	-0.839508	0.615861	0.980701	-0.453557	-0.54762	
0.649435	-1.88239	1.29402	-1.24559	-1.80722	1.28528	-0.786671	1.79033	0.665031	0.0415398	-1.17068	-1.53175	0.341107	-0.507361	1.90633	0.925683	-1.27883	-0.83814	0.539658	1.3662	
-0.535921	0.117926	-1.73691	-0.519041	-1.71644	1.81862	0.142691	0.254608	1.33212	-0.559586	0.0227528	-1.32391	-1.03667	1.08197	0.660846	-1.37083	0.748666	0.708121	0.773065	-2.23386	
1.85378	0.0604081	0.756615	0.312804	0.254568	0.280275	-1.66137	0.880485	0.440417	0.419136	-0.426777	0.638812	-0.184622	-0.0409738	-0.921537	0.685198	-1.56611	-0.0510128	-0.0997207	-1.06684	
1.55911	1.33634	-0.100187	-0.671115	-0.194952	-0.0213806	-0.820066	1.57127	-1.00016	1.40862	-0.19134	1.18575	-1.55142	0.461726	-0.0611633	0.859388	0.449266	-0.443299	0.0758037	-1.08186	
-0.00578963	0.592742	-1.41801	-0.00371889	-0.355884	0.303687	-0.531234	-1.86158	0.171169	0.604606	0.0953574	2.32919	-1.69018	1.12155	0.547717	-0.501397	1.66191	-0.290298	-0.465013	0.80811	
-0.45629	-0.266782	-1.63533	3.3643	1.74034	2.78228	0.896989	-0.637339	-3.32831	3.35949	-4.57336	-2.36225	3.44033	-2.16432	-0.972007	4.56147	-2.33145	2.35149	-4.03686	-1.62406	
7.54781	0.304873	-4.42641	-2.63795	1.18143	-1.39472	-3.37135	-0.560274	0.183592	-2.56323	-0.182917	3.09934	3.49304	-1.06688	1.49234	-4.17353	2.26899	-1.66679	-5.09154	3.59933	
0.228549	0.14593	1.36244	0.633943	-0.574093	1.95811	-1.91027	-0.818782	-0.677074	1.06783	-0.0993551	-1.63621	0.113816	1.17819	1.1451	1.96945	-0.738085	-1.40018	-0.566762	-0.0121725	
-4.88065	0.529994	2.11105	1.30458	-0.222256	0.505303	2.76317	0.768563	-2.22173	3.10071	0.748171	-1.38834	-3.75732	-0.710511	-2.22133	3.48418	-2.7419	1.57034	3.26723	-4.47249	
-0.287074	0.0430289	0.792591	-0.436142	-1.60069	-0.477721	0.151974	0.508958	-1.181	-0.56437	-1.68158	0.494072	-0.655553	-1.48052	0.39614	0.843381	0.918229	1.51539	-0.556085	0.190558	
1.02821	-0.243434	-0.737698	0.585783	0.771016	-0.437021	-1.37793	1.93672	-0.10673	-0.779355	1.98071	0.149956	-0.173656	-0.0268622	-0.354588	-0.61636	1.83579	-0.356352	1.83512	0.0669371	
-0.732042	0.901989	-0.416698	-1.94503	0.697216	0.633399	-1.14331	-1.41461	-1.27349	-1.20851	0.487107	1.01256	-0.146898	-0.00997862	0.983971	1.41599	-0.115699	0.759914	1.49237	1.10404	
-9.03648	0.325256	3.44106	2.50291	-0.17193	1.68619	2.74356	2.92348	-1.85392	3.4276	1.76669	-2.22125	-4.09053	0.208252	-1.89099	3.13801	-2.13067	2.73329	3.43542	-3.53822	
-0.915725	0.796673	1.07893	2.52417	1.67206	1.03962	0.420186	0.0634899	-3.57534	0.461366	-3.66821	-0.0804077	0.242151	-0.812006	-0.29168	3.94998	-0.944086	0.730979	-2.58472	0.702069	
-0.974412	-0.287552	-0.18244	-0.508363	1.00027	-0.873298	-1.26189	1.61377	0.21487	-0.772608	1.01301	1.74045	1.4043	-0.464572	0.729251	-0.310648	-1.26771	-0.0427438	0.682385	-0.371191	
-0.334833	-4.13725	3.15394	-3.37179	6.84139	-6.45252	-3.51774	10.049	-0.811927	-2.69534	-0.061497	-3.85393	-3.14193	1.78648	-6.10853	-2.04617	-2.68873	5.11328	0.0525294	-0.998809	
0.523542	-0.494351	-0.223527	1.10026	0.144365	0.446975	0.58059	1.18185	0.0674135	0.928889	-1.67433	-0.400392	-0.826332	1.03955	-1.02906	0.840634	-1.31297	-0.104642	-2.3767	0.252684	
-0.571415	-0.678543	-0.439081	1.04842	-0.914905	-0.683061	-0.941326	0.247083	-1.19704	0.0815303	0.34445	0.451967	-0.739598	-1.9363	-0.020368	-0.734552	-0.611817	0.110778	1.44962	-0.190569	
-0.442407	-8.31125	4.01059	-8.75574	13.7018	-9.99543	-5.18159	16.3143	-0.0806945	-2.23671	0.811866	-4.01856	-2.56588	2.06693	-9.85728	-1.20182	-1.00966	11.2368	1.07226	-1.61457	
-1.77727	-0.579675	0.285742	0.402798	1.92546	0.545683	0.00789224	-0.360762	0.155969	-0.738076	0.19127	0.765022	-2.22236	-0.270565	1.38112	-1.08685	-0.492313	-0.809557	-0.0708791	-0.894849	
-0.763842	0.841677	-1.1417	-2.22031	1.54864	1.01303	-1.38794	1.08217	-0.804782	1.06793	-1.40987	0.263497	-1.32237	-0.179537	-1.01536	0.431974	1.26499	-0.145523	0.148357	-1.64269	
-1.31653	0.488976	1.28243	1.18893	0.71185	0.0190604	0.0107474	0.625243	-0.611853	-0.0400636	0.254443	0.551366	1.32188	-0.111852	-0.0354215	-1.30849	0.708625	-1.79808	-1.022	0.153756	
0.708269	0.482375	-1.20885	-0.599173	-1.26501	0.838988	0.322365	0.558366	-1.56152	2.01265	-0.982939	2.33361	-0.491414	1.49962	0.274328	-0.799569	1.28207	-0.557659	-1.12014	-1.16738	
0.410951	0.00659271	1.90062	-0.394705	-1.68143	-1.09328	0.2842	-0.94342	-0.744738	0.165616	-1.17423	1.16611	1.70286	1.04469	-0.639835	-0.527916	-0.838632	0.561684	-0.170628	-0.607265	
0.36159	0.669189	0.658104	1.04261	-0.795091	1.1361	1.47931	-0.0501541	1.24433	0.00786861	-0.0832344	-0.185064	0.958103	-0.262013	-0.356375	-0.907988	0.435395	-0.245566	0.802568	0.705627	
-0.98781	-1.20969	-0.268695	-0.0660632	-0.928565	-0.826353	0.173521	0.182145	-0.535261	-0.0846657	0.718941	0.329248	-0.28979	0.258347	0.25782	0.386534	-0.645768	-1.05171	-0.671067	-0.852064	
-0.188245	-0.532131	-0.310757	-2.0784	1.98722	0.734378	-0.166051	0.0825595	-1.61482	-1.17142	-0.147898	-0.297873	-1.20682	-1.09455	-0.394674	2.28102	-1.81304	0.477419	2.88502	-1.33974	
0.189449	-1.70779	-0.75359	1.16867	-0.152446	0.281578	-0.336646	-0.585307	0.710765	-0.559441	0.593429	0.130944	1.16895	0.0475663	-0.239862	1.45333	0.0051455	1.37117	-0.96349	0.512312	
-0.507828	-1.22291	0.0239224	0.493222	-0.783415	0.854338	0.145518	0.473762	-1.28304	-0.386467	1.04738	1.19966	0.344472	0.232818	-0.755521	-0.694293	0.162338	0.0772346	-1.5194	0.458259	
0.0497808	-1.17109	-0.360582	-0.589638	-0.225397	-0.23367	-0.429009	0.909718	-0.485843	-0.894689	2.72695	-1.54989	0.0254092	-1.7719	0.730525	-0.151538	-0.798108	0.445716	0.843717	2.07773	
6.11097	0.0945418	-1.7434	-2.47043	0.385035	-0.605966	-1.40713	-1.4463	0.936824	-1.45041	-1.61961	3.12241	4.0326	-0.553139	1.93414	-1.70289	-0.753161	0.302132	-1.61463	1.67642	
1.10397	0.0403534	0.160273	-0.121398	0.140352	0.65778	-0.83025	-0.582176	-0.672226	2.83253	-1.47821	-0.375032	-1.24826	-1.47945	0.106167	2.25051	-0.379525	-0.356229	0.809908	0.49943	
0.198622	-0.0332898	-1.15367	-0.566367	-0.801772	-1.33834	0.249775	-1.11888	0.485437	0.791267	0.809341	0.362101	0.676582	1.09438	-0.732792	0.16002	-0.507653	-1.69852	0.720263	0.112491	
0.644184	1.37279	1.85217	-0.867646	0.690955	0.527101	-2.15314	-0.636423	1.41154	-0.18312	0.299409	-1.15829	0.261736	-1.73038	0.352056	-0.647756	1.87128	-0.684099	-2.2468	-0.749024	
-0.0680704	0.348317	-0.876747	1.82519	3.26434	0.148706	0.216765	1.37112	-0.673004	1.70416	-1.67697	-1.67328	2.9015	-1.468	2.34475	3.27496	-0.692807	0.212786	-3.08791	0.0805268	
-1.70788	1.27871	-2.64022	3.79893	0.464206	4.58709	-0.980896	0.297647	-2.32809	2.01417	-3.85847	-1.23273	2.02765	-0.788107	-1.65862	1.55067	-2.48122	0.479509	-2.32138	-1.69799	
-2.01188	1.77599	-1.13778	5.35794	1.45973	5.08042	2.84851	0.591047	-3.81382	2.06257	-6.91456	-3.47324	3.88535	-4.38697	-1.10687	7.2724	-5.45935	3.05099	-5.10656	-1.82408	
-0.805143	0.0347245	-0.0996002	0.643389	-0.974175	0.0613994	0.958832	-0.411734	0.49837	-1.63523	1.50238	-0.980162	-0.705683	-0.233044	0.191483	-0.542562	-1.11856	0.195412	-0.0236962	0.400339	
0.174203	0.595513	-0.144717	-1.71786	-1.09349	1.26554	1.51443	0.0873734	0.458113	-0.522731	1.2979	-0.707296	-1.24617	-1.37504	1.1429	1.39568	0.808845	-2.2131	0.436124	-1.16645	
-0.592475	-0.669292	-0.251012	0.415821	-0.787086	-1.80366	-0.201175	0.0757231	0.278466	1.79	0.341065	-1.12751	0.768885	-0.598225	0.665167	0.627558	0.647771	-0.185667	-0.249845	0.261386	
0.0214265	-0.0430449	-0.497269	-0.0071449	-1.1004	0.745191	0.621385	0.656983	1.16189	-0.386239	-1.3407	1.48929	1.07023	0.561003	0.520236	-1.47448	0.274245	-0.324935	0.548781	0.138817	
0.749633	0.63049	0.295122	0.641458	-0.12506	-0.817159	-1.5142	-0.152589	1.42789	-0.812232	0.349201	0.487876	1.1532	-0.724143	-0.354242	-0.611056	-0.92147	0.553986	-0.509312	-0.0137068	
-0.167018	-0.798518	1.27379	-0.294767	1.32015	-1.42202	1.95591	0.781693	1.55396	-0.205953	2.0447	0.164897	-0.181631	-0.908651	0.768354	1.00462	0.098387	-0.909415	0.252374	1.03803	
0.931334	-0.100138	-0.187161	0.377291	1.97476	-1.64394	1.05512	0.233691	-0.256683	0.0354375	0.650791	-0.431911	-1.47473	1.73291	-1.46042	-0.331635	0.41815	1.66942	-1.04305	-0.20907	
-2.71753	-0.961734	0.438881	0.0219218	-0.319568	-1.72846	0.322765	1.87021	-0.529821	-0.444354	0.382394	-0.0127733	-0.872463	-0.447832	0.45969	1.30539	1.74464	0.113399	-0.716274	-1.42936	
-0.663757	0.132385	-1.47795	1.02554	-0.242399	2.07635	0.749247	0.258934	0.83361	0.821221	-0.914143	0.593298	-1.6311	-0.25107	-1.41623	-1.10787	-0.957367	0.00323507	-0.462797	0.697352	
-5.10661	-0.396054	2.13913	2.71156	-0.200664	1.56215	1.72722	1.31898	-0.739872	3.58765	-0.0253829	-0.103249	-2.04005	0.0960734	-0.943267	2.43575	-1.3007	1.04387	2.90722	-0.901532	
-0.478943	0.939796	-1.13233	-0.5727	-0.776637	-1.85655	1.28122	1.2423	1.07166	1.65766	1.72707	-1.18008	-0.569202	-0.880901	-0.0837509	-0.750254	-0.918013	-0.374498	0.0752524	0.337508	
0.831212	-0.952226	-0.171357	-0.506447	-0.301831	0.614271	0.0644814	0.293849	0.80167	-0.787268	-0.69499	0.409747	-0.713864	0.433964	0.183454	1.38312	0.141064	0.283413	-1.90739	-0.642955	
-0.533995	-4.17134	4.57818	-6.07896	5.99165	-5.38666	-4.76196	4.9121	2.77178	-2.74753	2.48557	-1.24003	-1.73296	3.25805	-5.10053	-3.36006	0.837891	5.21728	2.94108	0.0640805	
1.12499	1.68301	-1.2901	3.24826	-5.72701	3.11947	2.22099	-4.78473	-1.50566	0.0204054	0.592108	2.9913	2.06499	-2.54413	3.16821	2.16742	-0.057568	-4.41944	0.417703	1.58132	
1.7427	0.467848	-1.13286	0.521548	0.49598	2.0715	-0.202699	0.385107	0.656165	1.83324	-0.435992	-0.403379	-1.09333	1.0301	-0.121443	-0.29615	1.23192	0.341347	-1.6992	-1.08834	
0.347419	-0.728507	1.16841	0.260624	-0.608509	0.376288	0.961863	0.421181	1.9387	0.565972	-0.37468	-1.3478	-1.18828	-0.134607	-1.26402	-0.253509	1.22152	-1.22917	0.182498	1.36405	
-0.42137	0.871768	-0.475939	0.199849	-0.00281925	0.397316	0.0403528	2.53025	0.509778	1.15344	0.451566	-2.55964	-0.683584	-0.0300361	-0.518821	0.18084	0.448761	-0.0710666	-1.32862	0.440137	
-1.51054	0.509227	0.384421	0.0626829	-0.564779	1.82383	-0.598739	-0.537403	-1.5056	0.433689	-1.50979	0.6338	-0.898362	-0.369455	0.251501	0.579172	-1.09048	0.184773	0.484951	-0.283442	
-0.649423	2.1889	0.225581	0.594129	0.828186	-0.861646	-0.0768167	0.731645	0.767594	-0.411034	-0.0143119	-0.783442	0.560277	-1.65673	-0.290119	-2.19209	-0.226759	-0.795372	0.71862	0.87951	
0.61292	-0.50166	-1.73957	-0.337784	-1.8561	1.13364	-0.114295	1.18868	-0.53077	-0.24213	-1.00773	-0.171091	0.16322	-1.22444	-1.48524	-1.75153	-0.260311	0.416788	-0.2022	0.59695	
-0.10476	0.388195	0.421067	-0.551823	0.308898	0.233096	-0.509479	-0.886717	-0.145246	-1.13017	-0.311798	1.66276	0.0539896	0.876026	-1.97428	-1.37368	1.03114	1.02557	1.00131	2.03476	
1.93711	-0.288081	-0.0945208	-0.848756	1.3035	-0.685738	-1.20411	-0.487765	-0.121333	-1.58625	-0.183485	1.60057	-0.250991	0.12064	0.336308	-1.43446	-0.628593	-1.71892	-1.28693	-0.0545832	
1.7525	-0.697987	0.0656598	-1.82265	1.39785	-1.71637	-0.92306	4.08642	-0.259846	0.14001	0.170125	-1.67767	0.958918	-0.259291	-2.55815	0.915686	0.00550758	1.97507	-0.729216	-0.271054	
0.0578614	0.581002	-0.269082	-0.0600755	0.532099	-1.09998	1.30599	0.616715	0.0838692	1.48259	0.320729	0.58358	0.907128	-1.53064	0.629637	0.703578	-0.01243	1.76699	-0.355123	-2.31409	
0.11894	-0.810037	0.0977632	-0.380521	1.10395	0.186782	-1.01182	1.77139	0.452906	1.98409	-1.02508	0.0699991	-0.484066	-0.133099	-1.29421	-1.77036	1.92289	-1.54115	0.133867	0.03346	
-0.0316486	-1.32471	1.31108	2.78021	-2.86115	1.83457	0.595212	-3.50833	-0.393884	2.03812	-1.27705	0.909545	1.91038	-0.699805	2.93659	1.35605	-0.299065	-2.99231	-0.237683	0.844979	
-0.633453	0.328305	-0.106502	1.37556	1.88072	-0.66987	-1.07582	0.69325	-1.58093	1.09539	-1.15589	0.0336117	0.64691	-1.30516	-2.30777	-0.235328	-1.05862	1.19821	1.11974	-0.0444021	
0.469988	1.32244	-0.474206	0.281209	-0.170181	-0.0454629	0.872452	0.95833	1.57959	1.44605	1.02333	0.90354	-0.182178	2.10562	1.01543	0.169732	-1.67441	-1.18309	0.156915	0.720691	
-0.414418	1.30906	0.459535	1.36547	-2.06622	1.05066	0.956802	-0.731422	0.744231	0.706689	0.464713	1.54404	0.803963	-0.300997	1.08674	-1.77228	1.14115	-0.496829	-1.00084	0.0258495	
-0.16971	1.8311	-0.0348694	-1.43078	0.49959	2.4667	-0.534563	-0.820866	-0.206464	2.13607	-0.511877	-0.682321	-1.13257	1.54592	-1.39662	-0.774352	0.983797	-0.486723	2.37222	-0.645797	
-0.548444	-0.907389	0.259467	-1.28808	1.29722	-1.21876	0.0236738	2.08184	0.366422	-2.55852	1.29399	-0.299694	-0.0302261	-1.61561	1.11429	-0.794215	1.47473	0.86289	-1.40432	-0.601737	
0.695759	-1.5065	1.83654	-3.92063	-1.60387	-3.33292	-0.0913788	0.647953	1.44322	-1.00832	4.53763	0.70808	-2.92966	1.49123	0.70916	-4.50037	5.95603	0.40162	3.67239	0.690868	
0.0823729	0.889019	0.767922	-1.15436	-0.775028	1.75175	-0.496677	1.47042	-0.642629	0.12398	1.31487	0.997419	1.00439	-1.14465	0.309635	2.00479	-1.02667	3.38017	0.342485	1.18505	
1.4688	0.673309	1.01884	-1.9021	-0.4458	-0.938351	-1.11793	-1.48455	-0.186723	-1.32782	1.97891	-1.04107	-0.443064	-0.783202	0.141328	-0.900471	1.50094	0.162413	-2.29403	0.452257	
-0.249915	-0.511407	1.37476	-1.43145	-0.124393	0.453707	1.03809	1.01506	0.040053	-2.20336	-0.507135	0.732176	0.660021	2.50075	1.195	0.0725177	-0.419896	-1.35147	-0.808186	0.161847	
-0.609401	0.75686	-0.816646	0.63831	0.676702	-0.0565231	0.6564	-0.121963	0.402012	-0.478647	0.844594	0.490311	-1.2208	0.0366988	0.64225	-1.49598	1.47063	1.24978	-0.202567	1.63962	
-1.70423	2.5487	-2.17697	7.46965	2.60029	2.86783	0.674186	0.36983	-4.00303	2.00277	-7.13863	-4.95991	4.02113	-2.10439	-0.173488	10.6957	-5.23793	1.75418	-6.90634	-0.841248	
0.819784	1.74725	-0.90941	-0.392122	0.389257	0.398103	-0.709446	-0.58301	-0.698755	0.451073	1.61869	0.603688	-1.17565	0.95313	0.0278974	-0.0641156	-0.775705	1.05179	-0.854061	0.421937	
2.00608	-3.62182	1.40384	-6.31891	0.02136	-4.44517	-1.28562	-2.13182	4.10145	-4.25427	6.99876	3.1444	-5.4523	3.70925	1.93264	-8.99972	5.18965	-0.451394	6.47046	0.504287	
-3.49289	4.18649	-5.2306	14.4469	4.62463	9.42958	5.83241	1.36027	-7.10597	6.45981	-13.8596	-10.3418	9.45282	-9.07779	0.417877	17.0264	-11.4002	4.84906	-13.6103	-3.09733	
2.54713	0.985418	1.18943	-3.32548	-1.03902	3.66812	-0.743001	-0.166819	-0.637539	-0.269053	-0.00211964	-1.24942	-1.7513	2.02848	1.66508	0.494084	0.178231	-0.675557	-1.5894	-0.506023	
1.15853	-0.0418613	-1.85007	-0.942681	1.07504	-1.02182	-0.558658	-0.868348	0.158061	0.169379	-0.0372022	1.23426	-1.16838	-0.538388	-1.57095	0.718839	1.22808	-0.330813	0.915347	1.60295	
-1.58342	0.168908	-1.06757	0.0234813	2.14582	0.0865931	-2.41917	1.42052	0.452673	0.0500383	-0.0506118	1.69668	0.677001	-0.443119	0.385819	1.52165	-1.12461	1.10753	0.364182	-0.564423	
-0.0803395	-0.958652	0.264888	-0.187018	-0.527102	0.838489	0.620424	0.376002	-0.267702	-2.10098	1.04718	-0.468689	0.496397	-0.760042	-0.475983	0.411916	-1.22846	-0.216807	0.193414	0.846592	
5.46848	1.01931	-3.01671	-2.214	-1.58904	0.894523	-0.821674	-1.58041	0.616775	-2.42733	-2.0192	-0.565653	3.48268	-0.921574	0.496618	-2.7511	2.7274	1.10991	-0.707714	2.2543	
0.211196	-0.000588211	-0.742289	1.70432	-1.42644	-0.759368	-0.220812	0.428574	1.29167	-0.336964	0.672125	1.10438	1.24877	0.0931562	-1.04576	0.962047	0.412032	0.434202	-0.645568	-0.528693	
-0.467634	1.49328	0.680115	0.602342	-0.293375	-0.430747	-0.298879	-0.468136	0.412724	0.540933	0.387196	0.0249142	-1.86119	-0.466179	-1.57884	0.192555	-1.47223	0.574421	0.467958	1.08994	
1.12161	0.484252	-1.14825	-0.293498	-1.64901	-0.777243	2.32109	-0.056979	0.315551	-1.00734	-1.36252	1.31485	-0.816667	-0.514939	0.132247	0.584296	0.33614	-0.804464	-0.632602	-0.760332	
1.41215	0.901352	1.07688	0.539604	-0.499639	-1.44556	-0.307179	1.35171	0.44286	-0.596436	-0.182448	-0.298055	0.0304197	-0.167786	1.20579	0.19012	-0.678832	1.00941	-0.213157	-0.0424348	
-0.235459	1.6657	0.00590398	0.155532	0.0876111	-0.399758	0.399652	0.248804	1.25579	1.79137	0.435865	0.843504	0.303681	0.285068	0.795955	-0.125205	1.2397	1.68682	0.676097	-2.42223	
0.387081	-1.63259	0.913829	-0.356111	0.132996	-1.38281	2.04388	-0.778887	0.624182	-0.0807055	0.103451	-0.96914	-0.979782	-1.23662	-0.35483	-1.02453	-0.448919	1.53821	0.503248	-1.24266	
0.844233	-1.95666	-1.31874	0.514536	0.563026	1.51298	-1.96089	-2.17981	-1.68367	1.18626	0.457309	0.766988	-0.617193	-0.134378	-0.492363	1.30767	-0.262977	0.623056	0.131315	-1.47323	
-0.356036	-2.55979	-1.70292	-0.22533	0.780557	-1.18614	0.2595	0.171494	0.889369	-0.935542	-0.310548	-1.40165	0.153227	1.52119	-1.63558	0.951383	-0.0326399	0.547261	0.494305	-0.928856	
-1.12042	0.474152	0.0103964	0.869764	0.872891	1.28584	2.0905	1.92873	1.02799	-0.561071	1.28008	1.69024	-0.25512	-1.93556	0.461339	1.27491	0.946795	0.996215	0.883995	0.575638	
0.969457	1.7268	-0.484707	2.78706	-2.80131	2.4755	3.06997	-4.96357	-0.365393	-0.0685836	-1.6751	0.887537	1.46329	-1.80747	1.09257	1.86688	-1.79585	-3.2006	-0.619542	0.261955	
-1.57651	-0.271356	-1.56948	0.553136	-0.695961	0.166853	1.70423	1.18549	0.783976	-1.07034	-2.13349	0.169952	-2.63036	-2.43371	-0.39477	0.434302	-1.09833	1.11693	-0.928669	-2.05381	
0.837557	0.115403	-0.0951805	-1.06556	-0.632951	0.374474	-0.661627	-1.61069	0.189348	0.201569	-0.293664	1.33744	0.326239	2.55403	0.995478	-0.395504	-2.61827	-2.05075	0.915401	-0.36241	
-0.454729	0.450407	0.798713	-0.339744	1.87035	-0.794062	-0.986493	0.582453	-0.155832	-0.602024	1.12931	-1.37018	0.410038	-0.447313	0.0287438	1.08773	1.08565	-0.456836	1.33957	0.474244	
-1.62774	0.614519	-1.41718	0.9591	0.230217	1.85167	0.0218228	1.41404	-0.809617	1.41182	-0.466842	-0.132963	0.456751	1.74373	0.239622	-0.290384	-0.214994	-0.0880048	0.750416	0.794721	
2.31433	-0.521197	-0.24644	-0.435714	-1.91334	-0.185203	-0.695512	-0.153393	-0.624241	-0.660847	1.73777	-1.79869	1.01174	-0.356334	0.20202	2.03671	-1.55219	0.589025	-0.395244	0.317662	
-1.14438	0.505783	-1.01214	1.218	-0.287436	0.619435	-1.15095	-2.19318	1.30169	-0.733639	0.312625	-1.38694	1.13884	-1.73923	-1.05087	-0.61748	-0.96385	0.470491	-0.631318	1.30288	
1.15894	0.876044	0.970592	-0.194576	1.52876	0.830805	0.542112	0.574831	0.179575	0.238353	-0.570732	0.229341	-0.790348	-1.5959	1.68443	0.973045	-1.15577	-0.193063	-0.472263	-0.0702733	
0.271767	0.0859119	-0.173867	-0.183847	2.79608	1.15403	0.814063	-0.321059	0.592264	-0.477928	-0.711104	-0.24592	1.24548	0.420313	-1.2034	0.125838	-0.189284	-0.15547	-0.938793	-0.611185	
1.33769	-1.63169	-0.106937	-1.83755	0.494763	-0.290758	-0.185656	1.14922	-0.701074	-2.84302	-1.30465	-0.659639	-0.0490532	1.76978	2.68602	1.1512	0.311183	0.219446	0.973363	-0.520712	
0.0604796	-0.760246	-0.140598	0.173487	1.33174	-1.14978	-0.216491	-0.294787	-0.649072	-0.208064	0.0031376	0.229191	-0.741187	-1.82096	-1.16161	0.121674	-0.438341	0.867439	-0.42625	-0.770122	
-0.365622	0.393382	0.12903	-0.869487	0.64266	0.370204	-1.80328	-1.89155	-2.08224	-0.378602	0.266693	-0.841335	-1.27607	0.109131	0.166278	-0.566414	-0.251035	-0.744479	0.886689	-0.853004	
-2.58451	1.22272	-1.91748	1.97942	-1.37496	-1.02346	0.393363	-2.61724	-1.55653	0.526783	-2.25667	1.45974	0.230439	-0.834803	1.22497	-1.61594	1.79769	-0.99079	0.63694	1.70957	
1.71521	1.01737	-0.11949	0.506795	-0.429617	0.708905	0.168598	-1.24488	-1.27011	1.34831	0.580029	-0.514424	-0.91552	-0.350803	-0.738821	1.28466	-1.16444	0.808465	1.40624	0.130467	
-0.0300952	0.425505	-0.371369	-0.595568	0.0869428	-0.983456	-2.29936	-0.347648	1.59627	-0.522703	-2.79804	-0.213016	0.200994	0.601018	2.5147	0.899968	2.92242	0.163378	0.541708	-1.25506	
0.367059	-1.82658	-1.20887	2.54372	1.77422	-0.713355	0.115575	0.44869	-0.30278	-1.43942	-1.18586	1.15817	-0.716311	-0.688235	-0.0350139	-2.34802	-1.17913	-0.799088	1.24181	0.74316	
0.18316	0.72875	1.23865	-0.461357	-0.213206	-1.53813	0.763538	-0.695548	0.8674	2.04217	0.552395	-1.63736	0.830197	-0.833642	0.344054	-0.100495	-0.145377	-0.665	0.721295	1.61926	
-0.516225	-1.08697	-0.182683	0.573326	-1.3465	-0.360797	-0.53829	2.81747	0.934974	-0.307098	-0.836169	-0.111198	-1.96668	-0.845775	-0.0235572	-0.527591	-0.145713	-0.37884	-0.680916	0.0526429	
-0.119281	0.921357	-0.899762	0.280466	-1.20828	1.52477	-0.833963	-1.03494	1.39111	0.0161489	0.0393154	-1.08488	-0.0438624	1.95921	0.600445	-2.03691	0.686717	0.814031	0.831453	-0.0611565	
-1.3491	1.12827	1.34771	1.32723	-0.105093	-1.49184	-0.159117	0.0779396	1.80604	0.204198	0.975213	0.844352	1.34986	-0.164443	-1.50756	-0.508286	2.53281	0.068433	-1.02278	-2.05062	
0.119892	0.452603	0.634929	-0.105744	-1.01631	0.461546	0.374652	0.115641	-0.265163	0.572379	-0.497765	-0.820387	0.965764	0.813501	-0.360559	-0.540495	0.217668	0.846683	0.22121	0.671979	
0.00214198	0.423222	1.21436	1.42482	-2.11546	2.56873	-0.145893	-0.152667	-0.440258	0.0219797	-1.28197	-0.295097	0.370353	-0.0648892	-1.9805	1.8173	-1.5837	0.871162	-1.1175	-0.247693	
-0.224759	1.30491	-0.157303	-1.46984	1.69427	-1.418	2.28974	-0.172242	-1.64238	0.0377083	1.70477	0.654882	1.25796	0.366043	-2.24653	0.949259	-1.55554	-0.353898	1.20773	1.2045	
1.39302	-1.27361	0.715479	1.16552	0.344068	2.39985	-0.368983	0.630475	-0.754109	-0.877748	-0.409696	0.468092	-1.08569	2.2327	-0.192084	0.731409	0.095543	-0.267397	0.543664	-1.78131	
-0.0553563	-0.555488	-0.172366	0.682804	0.914126	-1.38892	-0.546502	0.212675	-0.127861	2.22884	-0.0384607	0.428681	1.25395	-0.768344	-0.697913	-0.499071	0.45427	-1.01124	1.37397	-1.6217	
-0.249712	-1.62516	0.397022	0.840492	-0.591921	0.492625	-0.739157	-0.0235575	-0.661607	-0.380135	1.8983	0.269539	-0.723153	0.606699	0.442155	-1.76244	2.23964	0.418478	-2.2395	0.476864	
-0.15672	0.454492	-0.819553	-0.176696	0.958	-1.44515	-0.768847	-0.027182	-0.616129	0.118533	0.844125	1.29518	0.903807	1.31547	-0.44429	0.41806	-0.635885	-1.4507	2.56495	-0.0644326	
0.423921	1.48452	-1.51031	-0.775656	0.0670648	-0.783178	-0.0789505	-0.080494	-1.36105	-0.0872302	2.53474	0.115733	-0.217909	-0.215171	-0.587883	-0.185307	-1.61595	1.60443	-1.2685	0.563366	
0.389296	-2.1315	-0.533153	-0.738303	0.317793	1.31769	-0.879023	0.282099	0.117956	1.05339	0.931753	-0.595596	-1.78095	0.281928	0.144912	1.97902	-0.956486	0.152411	0.679147	-0.466572	
0.715304	0.948006	-0.80489	1.17846	-1.7864	1.01963	1.26199	-1.06411	0.740473	0.634381	0.740543	1.6026	-0.323405	-2.24889	-0.347734	-1.25327	1.0104	-0.227587	1.43819	-1.23566	
1.72462	-0.810868	-0.648464	-0.435696	0.196652	0.893883	0.542796	0.0795791	-1.04797	-0.074796	0.756178	0.662466	0.714304	-0.324684	0.808756	-0.0655153	-0.233473	2.30653	0.100415	-1.46849	
0.271954	2.50629	-0.00766682	1.18429	0.0726936	-0.652062	0.586613	0.117148	-1.44079	0.174861	-0.153427	0.705683	-0.619887	-0.584943	-0.632961	1.14704	-0.395099	-0.460255	-1.97728	1.55512	
0.132315	0.903252	0.44748	0.858201	-0.0567459	-0.377824	0.790113	0.142132	0.921692	0.980304	0.247946	0.685894	0.529651	-0.489095	-0.162468	0.267322	-0.000743278	-1.54177	1.85848	0.239478	
-0.0358484	-0.0450377	-0.116093	-0.145861	2.09811	-0.519123	0.942531	-0.0031136	0.0992074	-1.29417	-0.301416	-0.552324	-0.162893	0.396142	1.14488	0.0492679	0.797422	-0.832925	1.21023	0.410814	
1.17971	0.515496	-0.399478	2.01631	-0.911188	-0.658088	-0.0207912	-0.797396	0.232102	1.77346	-0.728931	-0.308443	1.07646	-0.134794	-0.903402	0.349546	0.156242	-0.0543313	-0.893744	-0.901607	
0.405792	-0.0142993	3.03194	1.08597	-1.03732	0.049199	1.05506	-1.71998	-1.13157	-0.000291084	0.619675	0.794439	0.452884	-1.1571	1.53753	0.197823	-0.0928641	0.14101	-3.07505	-0.344113	
-0.593601	0.836125	-1.54498	-1.53088	-0.483974	0.660272	1.04005	1.13286	1.15822	-0.0210925	-0.77814	0.555991	-3.22469	-0.301048	-0.790452	0.802848	-0.460164	0.258497	-0.744724	-0.724127	
0.735348	0.208903	0.304717	0.0550082	0.259564	0.12919	-0.529102	-0.163059	-0.642825	-0.0252685	-0.590618	-0.417073	0.484782	0.185125	-0.391809	0.335089	-1.52156	0.412608	-0.263027	0.0256557	
-0.865198	-0.222988	-0.984018	-0.684647	1.0422	-0.86528	0.35536	-1.38622	-0.466753	0.122081	1.20894	1.12873	-0.136039	0.246006	-0.568695	-0.822407	-0.644646	0.0622573	0.465721	1.61155	
0.507816	-0.775737	-0.0687125	-0.648177	1.59261	0.640268	-1.79018	-2.4558	-1.52485	0.179092	-0.834587	0.374402	1.58082	0.565341	-0.6069	-0.714124	-0.700528	-0.630846	0.184052	-0.197394	
1.56593	-0.897481	0.632769	0.873486	0.315257	0.00798996	1.45144	-0.62437	0.0103615	1.29219	-1.29215	-1.7403	1.27179	0.000462647	-1.3058	1.26411	0.521419	0.261962	-1.79111	0.714468	
-0.579404	-1.95001	0.0336682	-0.825193	-0.494451	1.13939	-0.627426	-0.0286386	0.700816	0.0735315	0.351927	-1.5173	-0.222183	0.8797	-0.688794	3.04151	-2.05099	2.48348	-0.442339	2.02209	
0.227936	0.798376	-2.74452	0.34377	1.78587	-0.951506	-1.57498	0.327458	-0.675452	-0.716175	1.21118	1.72137	-0.393174	-1.11131	0.369217	1.74666	-0.0844707	-0.880648	-0.841916	0.0951129	
0.601778	-1.58627	1.96163	1.49182	-0.375507	-0.0279009	-0.153806	-0.978681	-0.821349	1.25602	-0.242144	0.101836	0.462747	0.391838	0.223734	0.641849	-0.0194624	-0.436753	0.21145	0.466634	
0.647219	0.105662	0.0993291	0.498247	1.20937	-0.879746	-0.568143	0.218245	-0.398527	-0.792694	1.48493	-1.02079	0.352149	0.556971	1.78622	0.924395	0.0956804	-1.92067	0.583567	0.164599	
-0.719521	0.0217961	-1.49636	0.0591823	0.377964	0.771674	0.0831396	-0.0718835	2.50154	1.41861	0.97215	0.708165	0.142594	0.309854	0.204795	-0.283531	0.793513	-1.99887	-1.00981	1.62371	
0.695575	-1.42394	0.903223	0.800749	1.07173	0.450981	0.458861	-1.10825	-0.969419	2.75781	0.981785	0.265154	1.76086	-0.9353	1.84648	-0.599571	-1.58586	-0.240411	0.716411	0.704436	
-0.807594	-2.99752	-0.774536	0.652474	-0.326486	-1.39274	0.00686608	-0.120102	2.55727	-0.588942	-1.07628	0.129763	-0.952703	-0.411411	-1.18428	-0.570092	-1.31634	-1.33143	-1.14608	0.156409	
0.260274	0.707056	1.02649	0.761716	-0.347908	-1.30291	-0.121233	1.21818	-0.209415	-2.02311	0.866408	-0.313009	-1.03888	-1.40221	-0.60048	1.88315	-0.299255	1.11947	0.194299	-0.744313	
-0.8728	0.076411	0.259389	0.0260443	3.43997	1.39534	1.2589	0.276818	0.738937	1.64678	-0.338416	0.462458	-0.632465	-0.801706	-0.597455	0.0848352	0.991428	0.487612	-0.121896	1.15788	
0.224414	-0.462151	0.785278	0.421033	-1.32112	-1.39393	0.524556	-0.364516	0.279283	-1.36298	0.100255	-0.0456228	-0.710005	-1.4035	-1.26957	-0.891619	-0.109511	-0.828671	1.75813	-0.485664	
-0.811513	0.00360053	-0.0771224	0.626324	0.412395	-0.785449	-1.1688	-0.481252	-0.814299	-1.4731	1.14203	-1.71655	-0.512104	0.687213	-0.713454	-1.78509	-0.844358	-0.441879	0.411026	0.108506	
1.01107	0.316223	-0.623163	0.68677	-0.78427	-0.394017	0.154282	-0.915363	-0.440221	0.175892	0.00723931	0.737236	-0.878316	2.12055	0.837245	-1.03109	0.901815	-0.769207	-0.235159	3.27889	
0.762289	1.24719	1.12498	-0.417041	1.68739	-1.18659	0.757901	1.72082	1.24584	1.611	-1.04136	1.39466	0.436197	0.0292522	-0.727901	-0.781981	0.623076	-0.286426	0.772103	0.793258	
0.915038	0.472257	-0.131484	0.662236	1.128	0.533519	-0.197198	0.810161	-1.12936	0.591139	0.383397	-1.7353	0.456306	-1.16256	2.60456	0.367216	-0.723458	1.47214	1.02027	-0.459873	
1.91135	0.685821	0.369278	-0.582013	2.6066	-0.635875	-0.554972	1.31533	-0.115509	-0.2879	-0.123671	1.23379	1.11977	0.670173	1.03179	-1.969	1.05571	-0.237386	-0.705762	-0.762085	
-0.651459	0.308844	0.433783	-0.827311	0.0490688	-0.712495	0.213882	-0.325345	-0.774805	-0.527528	-0.187401	-1.05703	-0.247753	1.6045	-0.373074	-1.62958	0.966031	-2.61487	-0.113975	0.0788718	
1.32568	0.589713	-1.42588	0.0979632	-1.2495	-0.0656586	-0.153518	-1.14473	0.41898	0.357474	1.04469	-0.396971	0.209734	-1.98337	0.227773	0.313129	-0.910333	-1.53717	-0.777975	2.45074	
0.656143	2.91962	1.39301	-0.0255338	-1.72808	-0.0937749	0.940791	0.294651	0.843563	0.602566	-0.0643166	-1.43468	0.0157893	-0.538623	-0.13089	-2.57985	0.648263	-0.0866355	-1.08255	-1.70298	
-0.529433	1.74349	0.870222	-0.662544	0.185369	-0.753683	-0.0586144	-0.0912775	-1.42567	-0.116174	2.1547	0.376316	-0.630371	1.29221	0.0425011	-1.16273	-0.157607	-0.716356	-1.16838	0.622043	
-0.0690328	-0.306394	-1.41552	1.36561	0.0618667	-0.442173	0.643981	1.32093	0.933984	-1.05021	-1.02722	-0.043289	0.212019	1.38516	0.493996	0.539986	1.15574	2.29744	0.297847	-0.845005	
0.0721603	-0.240083	0.395882	0.0496064	-1.34516	0.763267	-1.40441	1.01012	0.45229	0.710047	-0.0646908	0.526911	0.814329	-0.707151	-0.138944	0.791875	-2.59425	1.33718	0.0839184	1.17767	
0.510303	1.51229	0.0484019	1.12774	1.07362	-1.70774	0.145478	1.05007	0.36774	-0.583357	0.516025	2.11168	-0.748028	-1.67582	-0.844466	1.92936	0.442746	-1.70024	-0.392241	0.063934	
-1.34873	-0.159456	-1.60047	0.320606	-0.610002	-0.984423	-1.76862	-2.23896	-0.611959	-0.678217	-1.34259	-2.10243	0.670079	0.350051	0.156281	0.337385	-0.589165	-0.329596	-1.00983	0.199117	
0.426205	-1.19522	0.701029	-1.64795	-0.951463	-0.236641	1.46059	2.37172	-0.245454	-0.876436	-0.576188	1.52592	0.390054	0.696344	-0.128061	-1.4255	-0.479778	2.56413	-1.35722	0.400927	
-1.14029	0.69243	-0.00819153	-0.256602	0.461398	-1.86077	0.101926	0.18982	0.911265	0.489524	0.432974	1.36787	-1.70934	-0.264281	0.457006	-0.668187	0.528316	0.963319	-1.19977	-0.253749	
-0.894152	0.134986	-1.68113	0.923047	-2.33142	-0.0810896	-0.676973	-0.154839	-0.0998479	0.838903	0.166211	0.60498	1.33607	0.771562	0.308243	0.176382	-0.300406	-1.00292	0.992136	-1.03438	
-1.25938	-0.521903	1.73397	-1.76273	0.514985	-0.296024	-0.280447	-0.562957	1.22752	-0.0845117	-0.213572	-1.14764	0.690378	-0.500728	-0.515036	0.54539	0.893072	0.694782	-0.208529	-0.913381	
2.83184	1.24761	0.984595	-1.59125	-1.2788	0.712131	0.0712519	-1.32553	0.354155	-0.945302	-0.484966	-1.34158	0.600638	0.357105	-1.54746	0.859293	0.664025	-0.94909	-0.345406	-2.88643	
0.919728	-0.61825	0.526007	-0.513881	0.329476	0.7831	-1.25363	-0.596921	0.44167	-0.0389284	-0.429668	0.246032	-0.200202	0.148142	-1.25727	1.39057	-1.5295	-1.72582	0.62002	-0.954586	
-0.387881	0.742415	-0.292545	0.376649	-0.0160419	0.132401	-1.41484	-0.459659	-0.326702	1.34588	0.0851102	-0.809686	-0.0793009	0.960397	-0.557827	-2.06833	-0.198719	-0.950431	0.916469	0.328129	
-0.738353	1.82192	-0.149817	0.738999	-1.18256	2.5359	2.31325	-3.53325	-0.182841	0.66625	-0.134893	0.590124	1.09847	0.290432	0.87822	-0.0244047	1.2069	-0.30685	-0.216184	1.0703	
-2.56868	0.788595	-0.434984	-0.419187	-0.255495	0.139638	-2.46698	0.387826	-0.66197	-0.424214	-0.0727323	0.963481	-0.0598585	-1.14087	1.45217	-0.0991615	0.251768	-0.960787	-0.246481	-0.00801767	
-0.133454	0.391853	0.811462	-0.140019	-1.57367	-2.2504	-1.296	0.111232	2.04275	-1.11636	-1.16541	-1.03677	-0.526592	-1.57708	-0.00133332	-2.03369	-2.58818	0.466918	-0.997546	0.150271	
-0.746233	0.647924	-0.381437	-0.986164	0.388836	0.685355	0.152225	-0.542397	0.382169	0.371863	0.319323	0.00556721	1.25614	1.54239	-1.26981	-0.17523	0.51145	-1.98008	0.0419206	0.320134	
-1.17591	0.409173	0.578405	0.992624	-0.986105	-0.488027	-0.16698	-1.94404	1.76007	-0.510853	0.190992	-0.643391	-1.55072	1.67937	-1.50709	-0.0187122	1.90051	1.23617	-0.984561	1.06622	
-0.756971	0.563784	-1.51498	0.558161	-1.00885	-0.223338	-0.231491	2.17544	0.145101	0.0317387	0.0829293	-1.33346	-0.0466293	0.99683	-0.133115	1.54721	0.639868	-1.79103	0.0182882	-0.586052	
-0.73134	0.643324	0.364511	2.61429	-0.644077	0.781103	0.319548	0.0254955	-0.87899	1.47808	-0.428959	0.670214	1.46335	0.784662	1.06173	-0.484311	1.49958	-0.535726	-0.775487	1.32284	
-0.859763	-0.748308	-0.257365	0.504109	2.05431	-0.668801	-0.264436	-0.0465016	-0.43093	-0.0691654	0.796138	1.47425	-0.286925	-0.969384	-0.100809	0.990259	-0.185404	0.437549	-2.05659	0.0336933	
1.2537	0.945337	-0.26372	0.199733	0.893972	-2.05051	-0.554018	0.158188	0.876848	0.442933	1.25892	0.529261	1.05258	0.0761184	1.20938	-0.278646	-0.261434	-0.15842	0.246715	-0.369369	
-1.93621	-0.150667	0.475744	0.887747	-0.12311	-0.45442	-0.821444	-0.542995	2.12069	-0.910022	1.20085	-0.842306	-0.701028	1.38705	-0.663345	0.60267	-1.17715	1.90969	-1.41637	2.02354	
-0.751839	-1.32615	-0.632566	1.48092	-1.18684	0.235595	0.765874	-0.343874	2.61428	-1.29492	-1.00459	-0.0737936	-0.353682	-0.221031	0.0637606	-0.447777	0.337288	-0.731819	0.538113	-0.477122	
0.894952	-2.09953	0.601319	-0.511702	1.33489	-0.139579	-1.33104	-1.34679	2.18498	-0.145018	-0.914551	-0.331889	0.114679	-1.77838	0.165455	-2.51652	0.101819	-1.64176	0.162457	-0.895483	
-1.02973	0.609901	-0.282697	3.1694	-1.99686	1.3925	0.370801	-1.21188	-1.47737	-0.457048	1.12446	-0.155761	1.20815	1.03558	0.195128	-1.96375	0.471035	0.341662	-1.15497	-2.04606	
-0.0860051	1.11652	-1.60542	-0.856652	-0.611662	1.1758	1.20027	0.321165	-1.94498	-0.427205	0.179605	0.792635	-0.011255	0.0449968	-0.677456	-1.46169	0.291692	-0.393906	1.18509	-0.691704	
0.31678	1.7909	-0.985332	1.28051	0.716143	0.586989	0.638039	0.962361	-1.13153	0.197681	1.54179	-0.160941	0.398413	-0.296724	0.302171	-0.0610433	0.127436	-0.506424	-0.1008	0.0298715	
-0.246183	0.202794	0.32893	-0.228577	0.311134	0.899696	-0.671256	-0.170737	-1.68942	1.88358	-0.981569	-0.442762	-0.768187	0.89985	1.09615	0.671945	0.0753519	-0.321815	-0.264704	0.307805	
-0.679559	-0.56552	0.717509	1.35872	-1.32594	-0.731098	-0.472712	-0.280505	-0.594393	1.2955	1.09979	-0.119203	-0.630555	0.882665	0.161134	-0.77279	-0.207679	1.12141	2.72822	-1.16672	
-0.248645	-0.831168	-0.887851	0.169162	1.36266	-0.279835	-1.81651	-0.681142	-0.628814	-0.195157	0.799834	0.399836	-1.75459	-0.472731	1.37258	0.0641276	1.05267	1.53146	-0.42338	-0.86347	
0.642536	0.656422	0.214525	-1.23515	1.0344	1.87051	0.0122079	1.13115	-2.00401	-1.76177	-0.512715	0.620695	1.4003	-2.29965	-0.0394612	-0.054979	-1.68485	0.588461	1.4591	0.712831	
1.26227	-1.85507	-0.629963	1.42137	1.89171	-3.85012	-0.185108	-1.2425	1.12581	-0.0783268	1.31418	2.08951	2.09782	-0.848748	-0.206325	1.62748	0.0591059	-0.382837	-2.913	-0.462544	
-0.299072	0.900977	-0.913986	0.108538	-2.58123	1.20738	2.83937	-0.000162437	2.49297	1.84176	-0.638797	0.104162	1.52313	-1.0736	1.81747	-0.616981	2.07534	-0.409791	-0.3796	-0.163005	
-0.596074	-0.39461	-0.0495187	1.00122	-0.779986	0.132108	-1.11329	1.10863	-1.03541	-0.449167	-1.49653	0.580083	-1.06864	-1.24198	-0.797866	0.525749	-0.533343	0.277757	0.214478	-0.592625	
-1.31764	1.57848	-1.26182	-1.26446	1.65323	-1.52951	-0.391548	0.419652	-1.83114	0.725437	0.785547	0.464342	2.81815	0.491298	-0.587302	0.624742	1.91241	-1.05278	-0.312165	0.453849	
0.0306171	-0.505518	-0.486953	0.102783	0.598373	-0.858564	0.178829	-0.992108	0.523905	-0.62987	0.558583	-0.137779	-1.28203	0.189633	-0.657318	-0.228987	-1.719	-0.534931	0.669616	0.245571	
1.00577	-0.509697	-0.548499	-1.28738	-0.399876	-1.53422	-0.357596	1.8689	-1.8912	-0.880685	0.0706058	1.4985	-1.49461	0.503934	0.347932	0.106188	2.13826	-0.12897	1.02417	-0.396852	
-0.346753	0.680404	-0.0595345	1.04514	-0.233617	-0.800908	-0.70492	-1.27025	-0.683717	0.699727	-0.539819	-1.1057	0.270745	-0.610903	-0.730339	0.617922	0.484468	2.54387	-1.65807	0.0167914	
-2.44241	-0.349231	0.511418	-1.63919	1.6017	-1.87743	-0.418398	1.59637	-0.494169	-0.489022	-0.254235	-0.102161	0.0684669	-1.43998	-0.493803	0.284094	-0.0929312	-0.126428	-0.274681	-1.32031	
1.08413	0.00869623	0.406231	2.26972	-2.21739	-0.238661	-0.52388	-0.275943	-2.00958	0.83348	1.26948	-1.02624	1.76024	-0.479472	0.584861	-0.221209	-0.35692	-0.0502016	-0.806719	-0.987019	
-1.05115	-0.165996	-0.425776	-1.02247	0.602944	-1.22446	-0.275151	0.602816	0.120487	-0.345195	0.943825	-1.89321	-0.322979	-0.568674	0.59797	0.262255	-0.804309	0.135933	-0.214605	0.566491	
-0.160979	2.05581	-0.500651	-0.0780857	-0.153816	-0.597064	-1.15258	-0.0803333	-0.244255	-0.241958	-0.435164	-0.48021	-0.874543	-0.0594704	0.703028	-0.166615	0.480143	0.530237	-0.227067	0.673745	
-1.23839	0.0494782	-0.327735	0.0672864	1.63587	-0.502036	0.108085	0.584602	-1.11638	-2.27717	0.30349	2.12771	0.636437	0.00853622	-0.171622	-1.22041	0.830894	-0.457502	1.26247	-0.356091	
1.71162	2.72898	0.881899	0.83001	-3.81798	1.99031	0.990204	-4.47995	-1.99162	0.554638	-0.0190889	1.68453	0.209103	0.414099	2.11027	1.34309	0.646943	-1.74248	-1.10638	1.02772	
0.0837048	-0.499439	1.25108	-1.00317	-0.380286	0.84808	-0.187822	-0.366238	-2.1343	-0.333953	-0.478453	-1.46517	-0.0320288	0.679531	0.498001	0.740655	0.655077	0.116391	-0.163873	0.804753	
0.30942	4.79691	-2.8082	6.01776	-5.95016	5.71615	3.88444	-8.72373	-1.65774	1.04785	0.899894	3.39757	-0.22809	-2.69006	6.54745	1.66955	1.46064	-5.93463	-0.480068	0.751924	
1.40181	-0.535099	-0.36813	0.611133	0.354263	-1.05174	-0.736221	-1.95683	0.203841	2.36258	0.368893	1.36353	1.17403	0.218574	0.971486	-0.595638	-0.929642	-1.32501	0.847242	0.862544	
-0.548812	1.93803	0.210091	-0.307889	0.870779	-0.766037	1.69644	0.500186	1.57119	-0.523542	-1.30347	0.661145	-0.158201	1.28377	0.764963	0.064956	-2.1675	-0.421955	-0.391862	0.194607	
