0.662273	-1.172	-0.79587	-3.03196	0.385061	0.690715	1.28302	-2.27714	0.677379	-0.290925	0.679799	-1.69913	-1.03599	0.969254	-0.638199	-0.534592	-0.423367	-0.687549	-0.84997	1.53294	
1.61146	-0.157159	-1.4389	0.830105	2.45499	0.584571	-1.19591	-2.26444	2.89389	-2.03157	-0.599334	2.68893	-0.476093	2.23598	-0.819818	-2.05039	-0.032815	1.64166	1.77724	3.20039	
-10.4395	-1.40604	10.5725	4.7484	-9.86492	1.96382	-0.196442	3.27645	-10.2951	8.42299	0.869855	-13.2804	5.09023	-11.0121	-0.770959	5.36732	-0.053111	-17.2904	-8.16849	-21.156	
1.6583	-0.716938	0.839601	-0.99022	0.0149018	-1.28917	-2.29895	-0.677691	1.78082	-0.616129	0.543571	0.28719	0.254482	0.189629	1.45379	-1.04287	-1.09839	-0.551645	-0.0326927	0.364076	
3.99388	1.73698	-0.891294	-1.89126	0.36223	-0.451901	0.177604	-4.45878	3.63973	-5.33527	2.60294	2.22821	-1.16575	4.03891	1.61022	-0.688292	1.19061	6.29952	1.29414	4.43774	
0.743215	0.413489	-0.910428	-1.84159	1.34067	0.853243	-0.839746	0.605931	-0.705622	1.34878	-0.512864	0.783524	0.0698833	-0.784467	1.0231	-1.47199	-0.277967	1.0209	-1.00092	1.01835	
0.172841	0.791221	-0.61233	-0.764353	-0.563399	1.23008	-1.33882	0.0548112	0.851709	-0.321869	-0.12728	-0.926347	-1.354	-0.463875	0.592048	-0.77084	-0.942898	-0.979797	0.879108	-3.14707	
1.33491	-0.189052	-1.25066	-0.886406	1.54042	-0.643782	3.01748	-2.12076	4.04812	-1.33139	0.63006	2.66893	-1.91332	1.55032	1.69748	-1.33311	0.88402	5.28929	1.80744	4.19264	
3.59346	0.235167	-0.61269	0.948094	2.46743	-0.843369	0.889173	0.0543774	2.85143	-2.26611	2.32327	3.66277	-1.61017	4.44305	0.273769	-1.62183	2.46669	3.06794	1.85865	2.52668	
4.08504	0.154944	-0.770073	-1.43039	2.72539	-0.5185	-0.00442244	-2.2678	1.98432	-5.01504	2.39455	1.69732	-2.74024	2.32971	0.425798	-2.33265	1.19613	3.17054	2.57158	3.00235	
8.45824	4.263	-3.39108	-4.0284	6.42268	-1.95706	1.04188	-5.59207	10.2567	-8.31653	2.97156	5.8041	-5.95122	8.90982	-0.598462	-4.29406	2.48429	10.959	6.69946	14.4845	
8.8947	2.32633	-2.91521	-5.22654	6.39635	-2.10316	0.0685884	-6.54534	11.5804	-9.10037	3.77889	7.30929	-6.26457	7.1659	-0.0803314	-3.15822	1.84912	13.5599	5.89153	15.6381	
-7.79894	-2.37668	2.67959	3.48179	-2.75029	-0.284229	-1.46559	3.9083	-7.50485	6.72381	-3.34315	-5.513	5.00594	-7.29542	-0.207546	2.87775	-0.392455	-8.02856	-2.12936	-10.9725	
6.93821	1.11203	-4.96234	-3.61083	7.90977	-2.25103	1.11388	-4.05758	8.86608	-5.41977	2.96655	5.69694	-4.63445	8.86149	1.60815	-3.04171	1.20879	11.9028	4.98626	12.0192	
-1.52444	-0.767603	-0.111807	0.938563	0.0172871	-0.0395228	-0.595212	1.02454	-5.33937	5.33239	-0.973873	-4.05683	2.47517	-4.68649	-0.0576527	1.44445	0.539842	-6.24683	-1.46426	-5.60908	
-2.62668	-1.66791	2.69393	1.52985	-0.369991	0.296878	-0.898482	2.59337	-3.32578	4.26473	-2.41987	-1.9329	2.23428	-0.757482	-1.42071	2.24019	-0.813355	-3.23665	-2.07341	-6.8319	
-1.93543	0.931889	-1.49059	1.71459	-2.24642	-0.206066	0.57264	1.71928	1.26176	0.922258	-0.224349	-2.82149	1.11899	-1.97769	0.585403	0.077765	-2.66922	-0.570771	0.509814	-2.50564	
5.27521	-0.453202	-1.91557	-1.89714	2.34496	-1.51952	-0.259647	-3.57641	6.28321	-5.09982	1.27199	3.12364	-3.31612	6.08111	-0.0453593	-1.27226	-0.416187	7.18694	2.5575	9.31151	
-3.35117	0.153309	2.12176	1.68242	0.0612009	-0.480347	-1.70517	1.80376	-3.45688	1.63756	-1.71228	-2.31436	2.58751	-3.41828	-0.961556	-0.00361508	-0.436957	-3.76923	-3.34415	-3.93393	
-2.46431	-0.0474014	-1.11911	1.52795	-2.6604	-0.104395	-0.692774	1.80742	-2.4514	2.09277	0.577998	-1.2058	0.696432	-0.179435	0.0138228	1.0632	-1.42634	-2.358	-1.04728	-3.56516	
-2.14568	-0.905732	1.22908	1.97352	-4.2075	0.426099	0.219378	1.42718	-5.19288	3.12667	-2.64931	-1.56208	1.09276	-1.21367	0.484017	-1.0475	-2.10624	-5.16051	-2.07318	-2.84613	
4.55032	0.199621	-2.48864	-0.374966	3.36515	-1.17468	-0.674747	-2.85495	1.38972	-2.63832	0.969851	1.60522	-1.76336	4.29314	0.515745	-2.41157	-0.522338	3.94302	1.82363	4.42582	
-7.19725	-1.95423	4.53627	1.94004	-5.74968	0.908218	-1.08378	5.53145	-7.9809	9.37863	-4.02471	-7.83118	4.63272	-9.41483	-1.96546	3.69851	-2.03723	-11.5158	-3.92055	-12.9265	
-2.24592	-3.66745	2.40413	0.597129	-1.0703	1.27534	0.390779	1.8977	-4.4606	0.643885	-2.09734	-2.55922	0.911239	-2.51347	-0.220821	0.414752	1.18011	-4.13864	-1.57839	-4.50516	
-0.0777049	0.461419	-0.254672	0.959961	-1.54382	0.651043	0.359403	0.154589	0.0837574	0.752464	1.71741	0.173388	0.603239	-0.288725	-1.04385	-0.0759411	-1.8323	1.99627	-0.585608	-2.25834	
-1.00697	-1.48899	-1.12126	0.375737	-0.00215862	-0.595913	0.889634	0.501436	0.43801	0.980225	1.20277	0.699493	-0.562046	-0.397887	0.282564	-0.383246	0.739753	-2.01683	-0.806336	0.268179	
2.07563	0.0649297	-0.316561	-0.125267	0.316611	0.892485	0.787178	0.0298888	0.378013	-0.513938	1.22701	-0.355719	-0.491532	0.759439	0.53295	-0.491561	-0.419397	-0.0496849	1.41729	0.552652	
-3.69992	0.0196274	1.43391	1.8257	-1.72071	-0.093441	0.169908	0.634301	-3.58352	1.48382	-1.3059	-3.26573	2.48046	-2.22352	0.703721	2.9145	0.764738	-4.08305	-1.42543	-5.6332	
2.88667	0.903033	-3.69605	-0.508411	0.862029	-0.862452	-0.787374	-1.9813	2.24843	-2.95057	1.06505	4.3593	0.797375	2.48075	1.47076	-1.59685	0.134833	5.87788	2.88464	3.29222	
0.793405	-0.235136	0.519566	-0.350422	-1.23694	-0.576807	0.149007	-0.288149	0.117193	-0.611999	-0.757459	-2.65336	0.490724	-0.819708	0.723041	-0.0411038	0.535934	0.482451	1.39498	-1.18884	
-1.78226	-0.560786	-0.308261	-0.119703	-2.43812	1.59844	-0.911149	-0.0938654	-1.28445	1.94578	-0.460184	-1.24554	0.477067	-2.36405	-1.4964	0.493655	-1.0814	-3.60081	-1.33799	-3.1582	
-1.15311	1.42175	1.66567	1.47631	-0.117562	-0.0552992	-0.244248	-0.516147	-2.29594	2.22722	-1.39505	-1.08083	0.0817349	-2.88087	0.470712	-0.405961	0.368801	-3.24935	-2.13177	-2.23111	
-8.75524	-2.47745	4.29142	3.15	-5.99999	0.0730677	-0.59863	3.37205	-8.30154	6.93184	-3.34619	-6.25548	5.78525	-6.22344	0.665287	2.68165	-0.83624	-10.0617	-3.77882	-9.22236	
-3.15337	-0.965271	0.976639	4.01612	-1.66751	0.0786793	-1.10993	1.42333	-1.82747	2.05265	-1.93552	-1.18187	0.726022	-0.935226	0.533874	0.826539	-2.64169	-3.31526	-1.49532	-3.69461	
1.09947	0.548787	0.638412	-1.70248	2.49287	-0.589138	-0.813893	1.63014	0.667611	-0.389837	-1.73708	0.836225	-1.00606	1.84568	0.00307717	0.165696	-0.365252	0.860473	-1.44279	0.269271	
3.76997	-0.019806	-1.59382	-1.45811	1.47393	0.0503052	-1.46452	-0.494765	2.35638	-1.24563	1.87865	2.26674	-2.44376	3.28576	0.194357	-2.07894	1.13191	3.76494	0.96164	3.19729	
-1.59993	-0.515459	-0.614309	0.136091	0.332947	1.53719	0.312245	0.798584	-1.00196	1.2904	-0.231778	-1.44556	-0.0314641	-2.06881	-0.0189599	-0.945381	-0.300563	-4.46867	0.176989	-2.28443	
4.29798	-0.0513104	-1.24594	-2.14506	0.972473	0.353879	-0.310811	-1.72463	1.6713	-3.52737	1.59746	2.7164	-0.88738	3.12568	1.40405	-1.0282	-0.398352	3.01328	2.07925	3.39649	
-5.0046	-0.834998	3.64837	1.8267	-0.350179	1.29569	-0.181452	2.75563	-5.07653	5.01651	-2.37593	-5.6879	2.82562	-5.03223	-3.53482	0.917762	-2.67748	-8.93475	-1.74925	-6.97647	
-3.97354	-0.353628	3.43838	3.39626	-6.10917	2.53767	2.36476	3.00814	-6.33242	3.72455	-1.74899	-6.48535	0.97363	-6.64514	-0.349276	1.06875	-0.863141	-7.21008	-3.74136	-10.9721	
-7.16853	-4.52453	-6.15836	4.08389	4.68175	-0.68208	-3.88114	7.62083	-10.7315	10.592	-10.699	4.13358	6.09509	-2.98035	-5.3226	-2.74198	-6.64131	-5.2069	0.768453	-0.499228	
0.331759	1.11814	0.207065	-0.565201	-0.177343	-0.991012	0.242382	1.167	-1.14142	1.86584	-1.1232	0.505607	-0.83175	-2.28106	-0.788354	0.0319883	-0.212239	-0.865691	-1.3142	-0.154771	
-5.16242	-2.44386	1.93633	4.03308	-3.36712	1.39686	1.23723	4.00934	-6.06863	6.60419	-3.63097	-4.85495	5.41013	-5.76787	0.271381	2.72422	-1.24245	-9.65536	-3.15573	-9.09019	
-1.73681	-3.92564	-8.27453	1.76485	7.21798	-1.80776	-4.05242	4.29363	-5.14568	6.12518	-8.69518	9.40126	2.60139	1.17351	-3.30117	-1.82403	-6.53412	-0.229981	0.153564	5.61006	
-1.58465	0.554432	2.40003	0.67895	-1.22539	-0.253668	-0.658536	1.51814	-1.36503	1.13739	-1.07618	-2.20642	1.13113	-2.86156	-0.874688	1.23903	1.29036	-3.29067	-1.5139	-2.39162	
3.71598	3.07665	-1.82447	0.787369	3.70812	-0.789221	0.872811	-1.57818	6.3917	-3.18888	0.492379	4.34461	-2.98952	4.21131	0.556222	-0.701779	2.15592	2.49615	1.83906	6.34571	
-1.79462	-1.79592	0.48242	-0.458035	-3.9828	0.891731	0.595635	2.56678	-2.97431	0.38795	-2.20089	-3.51669	2.16889	-2.74543	-1.59197	1.51963	2.26981	-6.34514	-1.93186	-5.07114	
2.47331	1.89104	2.6808	-0.850789	-2.46702	-0.396171	2.00193	-1.55822	5.97963	-2.79251	2.76703	-1.75956	-2.42372	-0.214652	0.8684	0.394413	1.98055	0.248091	-1.14226	-1.39487	
-0.85128	0.13557	1.81421	0.162206	-1.47077	0.504261	-0.880152	0.906275	-0.588789	3.09439	0.606395	-1.80471	0.139163	0.0335996	0.264371	0.341441	1.37156	-1.98947	-2.53463	0.117889	
-6.27275	-0.760686	3.72861	1.48985	-3.30807	0.147996	-1.45831	3.27861	-7.15722	4.7876	-4.58627	-6.49066	3.02729	-5.46207	-0.543998	0.725786	-1.29393	-7.70402	-3.88494	-10.5295	
-1.22275	-0.735257	0.59801	-0.132346	-0.724789	1.1196	2.12994	0.893767	-4.18498	1.48414	-2.13128	0.776202	1.58513	-2.03559	-0.781524	1.03475	0.139135	-2.34132	0.750654	-3.44471	
2.08855	-0.0253625	-1.538	-1.38882	2.22661	-0.0488871	0.126057	-2.67298	4.75569	-5.01137	2.56858	0.441513	-1.56207	3.11521	3.54876	0.512814	-1.03768	5.26114	1.07523	4.52737	
7.08599	0.82905	-0.457373	-3.23756	2.80517	1.12208	0.344209	-1.65651	4.80532	-5.42756	2.51238	3.456	-2.54524	4.30347	-0.146623	-3.27731	1.55853	4.65075	1.3676	7.18543	
-9.5688	-3.09126	5.97289	3.5458	-6.0845	2.49256	-3.08381	6.11973	-10.666	7.70848	-4.37249	-9.02962	5.18721	-11.2018	-1.40058	4.11086	-0.661328	-12.6308	-5.66106	-17.2819	
1.03295	-1.43828	0.982917	-1.1621	0.76446	1.16459	-0.409593	1.47071	-3.51524	0.855089	0.989477	-0.874606	0.716739	-0.19843	-0.737038	-0.513016	-0.555923	-2.37515	-0.677058	-2.74837	
-4.94597	0.485768	1.71217	1.87105	-2.3118	-0.304267	0.287272	0.29917	-3.62594	2.6801	-2.01305	-1.47436	2.07803	-3.3163	0.708877	3.00928	-0.794089	-6.06373	-1.62947	-6.76918	
5.91714	1.43581	-2.04205	-1.71599	4.13214	-1.2733	0.507884	-1.04042	5.76857	-6.7468	1.72941	4.03342	-2.65057	5.15439	0.588456	-0.859554	2.37549	7.03515	4.40056	6.86333	
-0.973337	1.01349	1.18756	0.456008	-0.066507	-1.86022	0.494299	0.316161	0.0456515	-0.31539	-1.88647	1.99962	-0.564672	-0.0526793	-1.30783	1.2524	0.273577	0.259278	-0.487507	0.857177	
3.12641	4.68937	9.18733	-1.99183	-9.75524	2.75087	3.59171	-3.2832	2.64494	-5.16209	8.65108	-10.1651	-3.88305	-2.20767	7.58823	2.81927	7.05106	-1.80167	-2.24108	-7.00679	
3.37333	-0.311696	-2.52193	0.349571	1.03278	-1.35565	0.404785	-3.24917	2.66318	-1.85932	-0.424396	2.37973	-2.42171	5.38908	-0.632871	-0.293731	-0.594025	2.1187	1.76936	3.21502	
-0.830799	-0.931169	1.18456	0.460577	-0.880754	0.744084	0.929159	1.15839	-0.18263	-0.451661	-0.213673	-0.94486	1.92681	-0.426224	0.734349	-0.833632	0.286797	-1.03594	-0.559002	0.0692437	
-0.183462	-1.62932	-0.516191	-0.788817	1.06011	-0.171259	-0.766494	-0.613076	-0.377154	-0.65267	1.19204	0.165816	0.246949	0.84715	-0.182587	-0.316002	0.95042	1.37456	0.30761	-1.82058	
3.38138	0.0492618	-0.426388	-3.67994	4.42913	-0.631961	1.07676	-4.8144	4.99987	-3.42234	2.19474	3.0943	-3.12044	4.50782	0.886993	-1.40645	0.396691	4.34555	3.90545	6.23823	
1.06632	-0.0257278	1.4971	-0.884021	2.03576	-1.0534	-0.430748	0.685583	1.58035	-1.67632	0.0969936	1.24915	-2.30147	1.48523	-0.445247	-1.56097	0.444655	1.0276	-1.08301	2.26083	
0.0511025	-1.39808	-0.373783	1.28487	-0.684007	-1.32826	-0.867513	0.976913	-1.0949	-0.0705023	-1.18536	-1.32733	2.25305	-1.27416	0.0274537	-0.386237	-0.104714	0.0202616	-0.264678	-2.494	
-4.53147	-1.10039	3.68466	3.093	-4.23334	1.40335	-2.55746	3.97777	-7.35519	6.72741	-2.22072	-5.3732	2.72488	-4.08371	-1.0526	1.50447	-2.52239	-6.91478	-3.40117	-7.54136	
-5.68022	-2.26501	2.28133	2.70022	-2.87289	0.656653	0.643723	3.27263	-4.89025	2.89979	-0.191041	-3.64222	0.408498	-5.69533	-1.38063	2.18594	-1.00117	-6.24398	-0.931405	-8.58011	
-2.5284	-0.675102	3.31956	1.36284	-2.55893	0.944546	0.731919	0.371709	-3.50252	4.2124	-1.49809	-1.7804	1.26499	-2.68292	-1.77078	1.71151	-3.17019	-4.17417	-2.67732	-5.70003	
-0.903301	0.553668	0.580183	-1.61752	-1.49928	-1.80981	1.75827	0.925854	0.92657	0.268775	-0.0365802	-1.40235	0.279376	-0.31401	0.150713	2.56368	-0.238994	-1.13299	-2.07632	-2.85532	
-1.60758	-0.226908	0.437324	0.468796	-0.602743	1.44156	0.486714	-0.274565	1.43157	0.798653	-0.422712	0.8903	-0.852128	-0.937694	-1.16918	0.253412	-0.555067	1.63985	0.424465	1.00395	
3.33244	0.350333	-1.1318	0.295339	1.47144	0.355229	0.0930132	-2.85281	3.27874	-2.3884	1.70944	2.48352	-0.599777	2.60796	1.3153	-0.330007	0.691056	4.86659	2.16036	3.59182	
-3.74196	-1.3074	0.271561	-0.205015	-1.11443	0.953675	-0.0244701	0.587271	-3.74558	3.52798	-0.975615	-3.09095	0.895307	-2.48375	-1.00542	1.52424	0.0679359	-3.11812	-2.48352	-4.04463	
5.51889	0.99083	-2.15371	-0.00539654	3.30733	-2.66468	-0.0958776	-2.03863	3.7784	-1.79971	1.11524	2.0667	-3.6375	3.24278	-0.8463	-0.840326	0.269556	5.20499	2.69385	4.77852	
0.325159	1.26057	-0.765138	1.77054	0.947952	0.20209	0.190894	-0.470805	0.906164	-1.42287	0.0513528	1.14975	-0.959845	0.630188	0.56777	-0.364571	0.496654	0.788982	0.587851	-1.56908	
-0.557889	-0.238561	-0.988523	1.98097	-0.812052	-1.06563	-0.882881	1.78997	-1.61209	-0.171031	1.1715	1.45632	-1.19554	-0.810398	-0.911001	-0.936493	0.255741	0.105926	-0.209068	1.14744	
-5.54189	-2.75604	3.74629	0.319519	-3.52904	0.463353	-0.689352	2.93223	-5.86678	5.27875	-2.08085	-4.40044	3.17545	-2.64803	-2.47678	1.27523	-1.24638	-7.13277	-2.86357	-8.10937	
-5.56396	-0.776324	2.46561	3.3184	-1.30466	-0.234711	0.219508	1.46029	-4.66604	4.92587	-2.98929	-2.8433	4.69879	-6.00576	1.51247	1.9168	0.76167	-5.98778	-3.75682	-4.89881	
0.140546	0.244712	0.0958671	-0.561708	0.366319	-1.92919	3.15029	0.0639083	-2.39172	0.34603	0.220714	1.17598	0.987119	-1.73656	0.628674	1.78474	-2.01088	-0.623645	0.124236	-1.36856	
-0.520284	-0.137481	-0.49874	-0.524638	-0.673787	-0.045178	-0.854897	0.0736583	-0.666511	0.178345	0.541973	1.7515	0.738713	-0.0448483	-0.304165	-0.0644151	0.494482	-1.23105	-1.51017	2.43392	
3.22758	4.42122	10.9541	-2.86457	-10.1984	2.10869	4.69048	-7.15628	5.95696	-6.64079	9.90204	-9.28839	-5.09339	-3.76193	7.05427	3.48875	9.19216	0.633394	-0.952732	-6.74623	
2.14792	0.360948	-1.44565	-0.0981777	2.17859	-1.29713	0.180396	-2.06653	1.91374	-2.17336	0.0193228	1.94205	-1.71499	2.22063	1.42813	1.41849	1.62417	3.78571	0.366512	3.02792	
-5.53206	-2.53099	2.85117	1.48827	-3.19177	0.84978	-1.37356	2.0959	-3.08808	4.2707	-1.04057	-5.31532	1.54595	-3.05841	0.945233	1.39505	-2.2582	-6.96954	-3.84788	-7.49784	
2.11946	0.834723	-1.29631	-0.48759	1.78141	0.988269	-0.0729344	-0.811561	-0.148201	0.330815	-1.29711	1.28083	-1.50237	-0.772425	1.66503	0.332629	-0.889635	0.961456	-0.0549063	-0.0829326	
-2.20882	-2.19511	-0.350898	0.953952	-1.29302	1.44182	2.26404	2.2769	-5.30411	1.82944	-0.193193	-3.53301	1.11795	-2.74546	0.28042	1.88932	-0.13202	-3.17341	-3.09097	-4.30051	
-5.22781	-0.573728	2.26985	1.89986	-1.94973	0.604308	-0.432202	2.74059	-3.41077	4.07531	-2.52655	-3.24396	1.47578	-4.50151	-1.10205	3.24505	1.40007	-6.82861	-3.68375	-7.80512	
4.10684	0.527577	-1.62638	-1.96344	3.8399	-1.08882	-0.611339	-2.86659	4.89778	-4.63678	0.545946	-0.250645	-2.97902	4.91486	1.59506	-2.28865	0.833377	5.25701	1.00161	6.47677	
-0.0375632	0.654917	-2.1485	0.223961	0.3625	-1.56739	-0.243811	-0.761993	2.18004	-0.368549	1.07364	-0.426753	-0.532645	1.14022	0.2833	-1.45152	-0.955343	2.44635	2.54642	0.823653	
5.88236	0.541601	-2.64031	-0.869537	4.70427	-0.28907	0.160409	-4.4544	8.44133	-6.84966	3.05624	6.81949	-3.67071	6.84733	0.0601438	-2.54093	0.388669	10.1292	3.36265	10.9679	
2.67648	0.908812	-2.67894	0.0260421	2.55051	1.16852	2.05331	-3.05092	3.10352	-2.61516	1.14203	0.936975	-2.89985	3.53074	0.49515	-2.50137	0.924751	6.43812	3.19728	5.0049	
4.47475	0.55173	-0.452726	-0.627611	2.73674	0.164325	-0.0711333	-2.71018	3.58596	-3.46336	1.0208	2.17955	-2.68515	2.41538	0.625363	-1.49899	0.943573	4.45825	2.49723	4.6219	
-6.53909	-3.0403	4.52888	3.3037	-5.5224	1.63029	-0.941276	2.90741	-7.67985	6.23949	-2.16687	-5.01435	4.7091	-6.57982	-1.68858	3.66751	0.462065	-8.11459	-5.13773	-10.5608	
1.64678	0.88875	-2.97106	-0.0436717	2.49695	-0.193703	1.37167	-2.5073	1.39038	-3.29146	1.39178	1.55191	-1.4037	2.17748	1.16666	-2.24494	-0.299784	3.83234	1.5152	2.51757	
2.36687	0.372894	0.705407	-0.783263	-1.22068	-0.0973307	-0.690355	-2.52271	2.49804	-1.97974	3.89131	-1.88061	-3.34987	0.929256	1.54635	1.74489	1.00071	1.83664	0.941728	1.12209	
-11.0571	-0.397858	4.29664	3.369	-7.2508	1.61722	0.428335	5.90516	-11.3553	9.47933	-5.22734	-7.47368	5.00172	-9.82315	0.312677	2.82865	-2.15249	-14.8747	-6.35033	-15.17	
5.25478	0.528487	-2.71493	-3.21079	2.72656	-1.17003	0.292	-2.86164	4.99511	-5.0882	1.71458	4.33727	-5.18324	5.99804	-0.273718	-3.38044	1.91783	7.9063	5.10531	9.67315	
-6.07415	-2.98354	1.0558	3.14488	-4.54468	1.61133	-1.35811	3.59117	-6.52207	6.46807	-3.15739	-2.18932	4.83117	-4.48142	-0.614784	1.74322	-1.92406	-7.78276	-2.60068	-6.23702	
-2.67529	-0.987394	1.11048	0.917895	-0.680235	-0.0406308	-1.54438	1.63134	-2.76973	3.42839	-0.671199	-4.06737	5.02069	-4.1813	-0.323424	0.962332	0.11156	-4.33918	-1.01846	-7.15278	
7.61058	3.56239	-3.59522	-4.29481	4.2675	-1.90682	0.674988	-5.12492	10.4514	-7.21947	1.30173	5.99866	-5.06796	6.37381	1.25841	-3.30048	-0.205136	11.422	5.09099	12.0181	
-3.91454	-2.09191	2.75059	1.33793	-4.3048	0.86858	0.18589	1.64681	-6.43242	5.46821	-3.59753	-4.53043	5.49733	-3.24928	-0.475836	2.80792	-2.17444	-6.54571	-2.40382	-7.24621	
-2.29521	-0.0246513	-0.0354078	2.55922	-1.01501	-0.683086	1.46247	0.364726	-2.19762	4.31207	-0.344427	-0.665569	0.610968	-5.40456	0.524118	0.619431	0.833384	-2.70297	-0.0221812	-2.76636	
2.51273	1.14804	0.579276	-0.117452	-0.455773	1.59262	-2.08901	-1.16968	-0.0719976	-1.87752	-1.03023	-0.246746	0.368952	0.158522	-2.83268	-0.842106	1.86226	0.820366	-2.58033	-0.723686	
1.99166	-2.58367	2.07151	0.466176	1.02666	1.80303	-4.3183	0.809024	0.115542	-1.28709	0.381124	1.81965	0.40812	0.656968	-6.63273	1.0196	5.80073	-2.55276	-3.38491	-2.5632	
3.5233	0.434213	-2.70728	4.42588	1.66259	-6.56125	8.05013	0.321646	0.22328	2.12774	-0.255041	1.39715	-4.58936	-3.49561	8.30995	-3.14946	-15.346	10.3467	10.2325	1.37025	
-8.74047	4.47551	-6.62958	-11.9439	-8.0714	-2.63678	9.05131	-8.70689	2.02347	2.97316	-0.509299	-12.1334	2.40081	-2.79789	20.7842	-10.4792	-8.481	-5.91583	-3.46163	13.4336	
-1.10561	-2.14007	3.49063	1.3807	-0.472734	2.01627	-1.66699	-0.669037	-2.47511	-1.23144	-1.51495	2.69579	1.01798	1.74579	-7.2293	4.27571	5.817	-1.66406	-2.0796	-1.62431	
0.840679	-2.16801	2.8015	0.561536	1.69388	4.11762	-3.87364	0.953423	-2.1474	-1.14021	0.498182	3.24577	0.739502	2.3819	-11.1035	4.20841	10.5989	-3.91233	-3.89339	-4.40978	
0.317615	0.735904	-0.371408	0.859782	1.24432	-1.08478	1.22357	-1.10588	0.592492	-0.0213987	-0.33519	-0.425457	-0.644898	0.222795	1.96248	-0.87241	-2.70594	2.10578	2.50746	0.249022	
-4.10832	0.203781	1.38758	-5.65169	-4.30671	2.2446	-2.41961	-2.55014	-0.100369	-0.840245	-1.92178	-5.216	2.93187	0.576482	1.88261	-1.99017	4.88049	-7.41972	-6.63479	2.65018	
-3.50747	5.39027	-4.7125	1.27441	2.45167	-10.8598	15.2726	-5.39723	5.65452	15.1604	-7.77938	-7.55627	2.18224	-5.79128	23.0696	-10.6747	-26.3201	15.1855	11.2039	4.12881	
-2.30022	3.74519	-4.48406	-3.07481	-1.74553	-7.44953	8.35467	-1.87582	0.36292	3.91363	0.939897	-4.65759	-2.24216	-4.77878	13.4803	-6.7353	-14.5813	5.33744	6.28793	4.95805	
0.0798057	-2.79195	1.78286	1.519	1.09492	5.47341	-5.64986	2.66182	1.59222	-2.51314	0.855858	3.01377	2.925	3.55414	-12.0847	3.06972	9.40459	-2.18407	-4.70532	-4.00313	
-1.38836	2.67956	-2.3894	-0.51374	-2.24856	-5.54996	4.53722	-0.176187	1.11697	0.61405	-1.20162	-3.47365	-2.19932	-2.12899	10.9067	-6.5015	-10.6018	4.77858	6.28279	2.96948	
-1.9483	0.798758	-0.863202	-1.1327	0.210583	-4.98755	4.06241	-1.91621	1.37351	3.55954	-1.24287	-1.37934	-1.57561	-3.16074	7.35386	-3.79854	-7.98114	3.46323	2.00145	3.80647	
-0.113951	-2.57151	2.2652	0.444938	0.320569	6.22785	-6.12049	1.53917	-0.527604	-3.65087	-0.664659	4.80859	2.06751	1.38037	-11.18	4.08504	9.94904	-3.81784	-5.15616	-3.67781	
-0.0987174	1.16614	-5.24563	-1.27363	-2.61318	-3.31195	4.24945	-1.7557	-0.967289	2.24705	0.054998	-4.79702	0.15412	-1.57134	7.63087	-1.4995	-8.5871	1.18405	3.76775	3.91209	
-3.32385	3.95333	-5.92881	-2.05079	-1.80714	-10.406	11.909	-3.08521	0.741348	5.59135	-0.621698	-7.38218	-3.0589	-5.49016	22.8338	-8.61166	-21.6647	9.27361	8.52271	8.49493	
-1.50677	-0.136869	1.85574	0.167649	0.38937	0.92786	-3.01257	1.97306	-0.688364	-2.68589	0.113076	-0.447415	1.70267	1.32627	-1.88406	0.655443	2.50281	-1.2594	-0.941029	-0.611702	
3.06141	-5.65912	6.90788	3.15878	-0.019562	13.7834	-15.9612	7.01157	-2.46373	-7.22709	1.91172	11.465	4.09575	5.75139	-28.3156	12.8278	26.45	-7.56549	-10.1263	-10.6964	
-1.86478	0.400719	-1.70782	-1.45668	-1.5527	-1.9044	1.61675	-0.938442	0.770439	1.12098	0.0356957	-0.923311	-1.41503	1.6771	2.7351	-1.02869	-2.56607	1.47747	-0.0567611	2.09056	
0.281844	-0.540518	2.47694	0.607667	-0.245265	0.686254	-1.7529	1.90749	0.405209	-2.42138	-0.0921083	1.28934	2.18489	0.105362	-4.52923	0.798091	3.11122	-2.76344	-2.00625	-2.23812	
-1.11826	-0.444528	0.708838	0.362421	0.232456	1.85876	-0.442376	-0.0904499	-0.252638	-1.56872	1.33089	-0.225615	-1.70153	0.415273	-1.97174	0.285391	0.942937	-0.393958	-0.510773	0.866266	
0.598439	-1.3783	4.05961	1.26302	1.77513	3.82725	-3.05087	1.33339	-1.47287	-0.616359	0.10583	1.53274	-0.934708	2.55411	-7.90307	3.33038	8.00618	-2.28926	-2.71803	-1.20341	
-2.47874	2.67171	-1.82652	-0.119388	-0.0976824	-5.25382	4.96255	-3.34558	-0.155419	1.38282	-0.0352781	-5.20769	-1.9017	-2.34667	10.1421	-2.56257	-10.6233	4.81568	4.96034	2.23939	
1.91992	-2.97636	3.28641	0.802918	1.39521	6.62494	-8.24935	2.15988	-1.19091	-2.41023	0.951314	5.86137	4.09844	3.05629	-13.544	5.3407	14.1284	-5.91616	-5.84454	-4.23642	
1.75869	-0.21822	-1.08678	1.23382	-1.20494	0.0864666	-0.441226	0.0236001	-0.13766	0.944722	-0.463481	-1.58011	-0.151601	1.7097	1.03559	0.903822	0.167559	-0.124825	1.72509	-0.415074	
-0.12037	0.369682	2.49599	0.352178	-0.406191	1.64085	-4.75888	-0.273755	-0.631329	-1.25389	-0.159558	1.2667	1.82722	0.822506	-3.72189	1.58337	3.08735	-1.48629	-1.1475	-0.0280044	
1.57531	-0.683608	2.46299	0.669254	-0.109318	2.3582	-1.47596	1.92686	1.08362	-1.52955	1.44129	1.1625	0.861597	1.6516	-3.7114	1.93578	3.88451	-0.371886	-4.19793	-1.04873	
-1.01357	2.26323	1.29298	7.06115	5.42819	-2.54079	7.7134	-5.06638	8.45468	15.6627	-9.18866	-3.16613	6.41915	-3.04801	4.08802	-2.6684	-14.5394	11.5582	6.36374	-2.4105	
-1.92557	0.722162	-0.469695	0.35348	-0.220985	-4.04781	4.0191	1.06104	0.548107	-0.116613	0.87152	-2.39084	-1.98838	-0.304972	8.46747	-0.639502	-6.07964	0.560965	2.44143	1.18472	
-1.43602	2.97925	-1.39742	-3.10774	-0.886574	-6.59329	7.31317	-4.15246	2.36277	0.330269	-0.164757	-5.48187	-0.405421	-4.6035	15.0927	-5.70283	-11.6075	4.8325	6.32225	2.72115	
0.857674	-0.776729	-0.318213	-0.58158	0.0813764	-0.473675	-0.488037	-0.730905	-1.30594	0.305027	-0.296325	-0.87186	0.0482209	0.129745	2.0762	-0.280124	-2.31504	1.55792	-0.126729	-0.38783	
-0.384943	2.81699	-3.05975	-1.66586	-0.538432	-5.83257	4.77516	-2.46858	0.905669	2.03592	0.446202	-1.46584	0.381738	-2.73542	7.83187	-3.26672	-6.65356	1.90813	2.67312	2.89445	
0.509885	0.366145	0.952989	0.121939	1.01683	0.506381	-1.08028	-0.00302649	0.118588	0.570091	-0.892347	0.64795	-0.33963	0.351642	-2.35982	1.38593	0.456875	0.469753	0.27037	0.475218	
1.66478	1.04827	-0.37684	0.537963	0.325395	1.71059	-1.67699	0.0274818	-0.15979	-0.161646	-0.464359	1.44692	2.80927	0.439316	-2.2611	1.33933	0.36393	0.455099	-0.364685	-0.980906	
1.33777	0.909221	0.959207	0.407012	-0.834891	-0.904765	1.47959	-0.551146	-1.44778	-0.871088	2.06558	-0.0186013	-1.52864	0.817972	-1.33512	0.321823	0.686881	0.520885	1.04777	-0.302898	
3.37196	-3.63231	3.24932	2.13231	3.59206	6.98483	-8.53477	1.41439	-0.425508	-3.00008	-1.13342	4.7303	2.03322	2.98283	-14.4611	5.45415	15.9399	-4.02557	-6.37846	-5.18284	
-2.51205	1.72601	-2.22506	-0.214911	1.99915	-2.76134	3.25483	0.483945	-0.255145	0.885225	0.517423	-1.99362	0.592843	-1.09189	4.73688	-2.65135	-7.61815	1.76347	2.78793	0.977153	
-0.348805	-0.56566	-0.228015	1.96065	-0.440271	-0.347894	1.1807	0.371417	-0.614802	0.410114	0.838166	0.648275	1.73672	-1.9496	0.754355	-1.48268	-2.19921	-1.25318	0.29529	0.927334	
-2.3958	3.24168	-2.27976	-0.133058	-0.985829	-5.74853	7.45649	-2.32711	1.85822	4.15433	-1.60306	-4.03675	-0.384969	-3.72937	12.6691	-6.11028	-11.1514	3.64996	6.0098	4.40967	
-1.30007	1.41545	-2.15022	-0.521346	-1.23235	-6.04289	6.69223	-1.58882	1.03641	3.17791	-1.65134	-4.40349	-1.51916	-3.21226	11.0658	-5.23038	-12.3871	5.24687	5.23313	3.57233	
0.541259	-0.626061	1.15006	1.59086	0.151039	3.395	-1.63102	1.06076	-0.126358	-1.3198	1.56716	1.47466	1.11339	2.77755	-3.85842	2.48884	4.15685	-1.46841	-2.60792	-1.79	
-0.279529	0.167687	0.388213	-0.549246	-0.712999	-0.853523	1.51673	-0.715326	0.323988	-0.520042	-1.15582	0.646016	0.0670494	-0.603914	1.84812	-1.45481	-1.60908	1.114	0.663407	2.76457	
-2.93545	6.68732	-3.51363	-2.80328	0.0803996	-10.2854	11.56	-3.49643	0.594137	4.0701	-2.83163	-10.1566	-3.4656	-5.89538	21.5077	-8.41338	-20.9699	7.268	8.15093	8.17668	
-1.74818	1.54379	-3.33753	-2.02277	-1.75746	-6.56946	7.12066	-2.65062	0.444471	3.44479	0.87794	-3.6774	-1.11889	-3.3432	10.96	-5.36045	-10.646	4.34778	4.13245	6.96328	
-5.28763	2.5337	-4.05525	-7.40256	-3.22674	-0.683687	2.21345	-3.46839	0.397502	1.95363	1.49382	-5.44651	2.48989	-0.914029	7.5186	-1.6864	-0.0350574	-4.9392	-4.77848	6.04111	
1.68017	0.613772	2.24155	0.886229	0.195018	1.67534	-1.89939	0.790754	-0.00526355	-1.80538	2.94079	1.37378	-0.791477	1.22148	-2.7499	0.834283	2.71121	-0.159291	-1.58802	-0.837967	
0.239528	-1.49868	2.65225	-0.0149816	1.32617	5.15426	-5.0703	1.19003	-1.99356	-0.116081	0.877495	1.81737	0.321066	0.843359	-5.41535	2.17617	4.89491	-2.36839	-3.01318	-1.92408	
-0.372406	3.83365	-1.95446	0.15244	0.212048	-3.05922	3.64016	-0.406458	0.548516	-0.0220107	-0.532207	-1.82197	-0.779362	-0.939883	3.09286	-1.66376	-5.11333	1.57046	2.19476	0.356846	
1.18096	0.175378	2.01438	1.45346	1.26463	0.747228	-1.16734	-0.755798	0.48257	-0.939354	0.628418	3.45348	-0.544938	1.48118	-2.94459	1.22351	2.66693	-1.86434	-1.28046	-1.62995	
-0.689718	2.23808	-2.55498	-1.43673	-2.09573	-3.01625	3.34076	-2.88244	0.144341	2.05046	-0.630626	-2.41843	-0.151957	-2.63608	6.62477	-1.9356	-6.46196	1.42269	3.06048	2.11496	
-0.601162	1.21633	-2.82317	-0.395584	-1.40274	-2.71151	4.33174	-2.18546	0.557886	1.86601	-2.29579	-3.22073	-0.170974	-3.28117	7.63245	-3.76111	-7.02613	2.6148	3.4862	1.74287	
-1.88072	-0.10146	-2.20314	-1.36908	0.0938429	-1.71236	3.69427	-0.432681	1.58207	1.16388	-1.34044	-1.59047	-1.02285	-0.530157	3.54614	-2.1838	-3.67803	1.91871	2.65001	3.65395	
-0.244571	-3.94461	1.85524	2.09789	0.250602	5.6085	-7.95103	2.85955	0.151796	-3.23911	1.42446	3.80443	3.02536	4.14127	-13.4692	5.07397	14.9906	-5.13306	-4.928	-5.35318	
-1.42751	3.25898	-2.36378	-2.15444	-0.581105	-8.36472	8.48257	-4.10892	-0.713717	2.24159	-1.69434	-6.78338	-3.48056	-2.88398	16.893	-5.89777	-16.3609	5.49888	7.41674	7.00037	
-0.968349	-1.77548	0.0185904	1.38416	-0.0266213	-0.419112	-0.849341	-0.728012	0.374065	2.23291	-0.158534	-0.107504	0.581956	1.25207	-0.153162	-2.42448	0.175954	-0.239414	0.122154	-0.991214	
0.998771	-3.56625	3.64521	2.53314	0.45841	6.90331	-7.90358	2.24181	-2.68179	-3.53892	0.0242044	5.32711	2.52911	2.86186	-14.6637	7.81454	15.7773	-3.26726	-5.82193	-6.9591	
-4.4596	-0.845854	-0.441123	-5.84213	-4.35785	1.31776	-1.41177	0.354009	1.14191	2.23555	0.0835054	-5.84262	6.82777	-0.952215	-0.488152	0.504853	8.05225	-9.69411	-8.47426	2.36394	
-3.18992	6.68061	-8.10716	-6.42377	-2.32443	-17.4143	18.8944	-6.11953	0.982345	6.75833	-0.583974	-11.9947	-7.3312	-8.40654	34.7774	-12.9994	-34.4209	12.2495	16.1891	13.5998	
0.0958567	-0.997008	0.942535	0.537629	1.80642	0.171201	1.20431	-0.839393	-0.0559124	-0.219777	-0.624814	1.52999	-0.0516536	0.188616	-0.953652	-0.826224	1.05567	-0.481714	-1.05941	0.320117	
-0.223755	2.1047	-3.16642	-2.74297	-1.58809	-4.44604	7.59907	-1.09693	1.93079	1.91767	2.24793	-4.82635	-1.23838	-2.30548	12.5192	-4.04496	-11.0392	4.42526	5.40153	2.05563	
-0.991081	0.151788	1.0381	-0.71311	1.21947	0.996546	-0.38342	0.367233	-0.986726	0.70137	0.905815	0.030483	0.670018	0.90391	-2.77027	0.548985	1.41838	-1.1691	0.649348	-1.01031	
2.09865	-2.31099	2.39551	4.44459	4.54412	5.84463	-4.33911	-0.242091	1.25262	4.40477	-4.56175	3.99518	5.02566	1.93408	-9.58944	1.63069	4.95079	4.27408	-4.49928	-6.27124	
0.992707	-1.38366	1.12793	1.34632	2.24554	3.38922	-3.84842	2.48069	-2.02279	-0.969415	0.486526	2.14015	1.44594	1.09764	-10.9348	2.65634	8.84024	-3.12303	-3.41836	-2.48763	
1.00312	1.25883	-0.771874	-1.0173	-1.39534	-1.94494	1.63968	-0.504108	0.42045	1.18671	-1.83733	-0.158555	0.559392	-0.283988	2.4172	0.249691	-1.19353	2.79929	0.904297	0.203778	
-0.563359	4.18069	-5.56547	-3.82813	-0.978405	-8.08343	7.76828	-3.31621	1.33927	1.85734	-0.669291	-5.95732	-1.7963	-3.00843	15.3013	-7.34399	-14.2863	5.70399	9.11766	7.26593	
-1.66311	2.38573	-0.241394	-0.287963	0.341713	-2.85524	2.62007	-0.39936	0.168988	1.94432	-0.385973	-0.164863	-1.06372	-1.25001	4.30213	-3.43582	-3.3004	-0.217792	0.648109	0.315271	
-0.943746	-0.69664	-0.547345	0.211265	0.0832528	-0.556972	2.18834	-1.25384	0.014816	-1.88562	0.342465	-1.0145	-0.299414	-1.93493	3.00828	-0.766437	-3.43447	0.800215	-0.00426741	2.13278	
-0.409135	-0.535959	-0.446632	-4.97967	-4.64694	-1.44501	-2.87984	3.54512	-3.76063	-10.3908	7.8614	-0.815672	-5.98198	1.5756	4.93226	-1.02264	4.38464	-6.92467	-1.72219	5.77899	
-0.419842	-2.28745	2.56602	1.91516	1.53914	2.3285	-4.93909	0.275327	-1.75093	-1.69812	-0.164211	5.77924	0.295197	3.04068	-7.84068	1.13708	9.00099	-3.95413	-4.76218	-2.49543	
-0.162648	-0.125741	-1.78887	0.063979	0.046713	-1.23888	1.50462	2.29815	0.0165981	-0.900387	-0.584786	-0.198316	-0.701294	1.40073	2.0151	0.269017	-2.86938	1.59117	1.72117	0.0657624	
-2.53856	4.59767	-3.90859	-2.58882	-1.7062	-8.05921	11.1438	-4.49787	2.10278	3.85467	0.300096	-5.87822	-1.22865	-5.29044	19.0625	-6.99792	-18.7206	7.52435	6.95052	5.74256	
-1.45525	1.06499	-1.15047	-3.29036	0.351102	-3.80971	1.66608	0.17622	1.80618	1.6766	-1.23709	-2.95108	-0.772174	-1.08321	7.49419	-0.868392	-4.83387	2.03355	2.93008	0.803516	
1.48355	-2.13621	1.61613	2.08647	2.78875	4.43341	-6.8227	-0.694697	-1.59138	-1.45003	1.63542	4.8443	3.57526	4.11743	-12.0681	5.11839	9.71639	-3.93384	-4.4804	-4.13343	
-0.517476	1.20541	-2.20065	-0.131847	0.650824	-0.169232	1.38767	-1.24687	0.0454538	1.15697	0.424474	-0.398579	-0.718925	-0.18916	2.56884	-1.24032	-4.14016	2.35409	1.10266	3.64472	
-2.13911	0.959254	-0.561242	2.95917	4.49841	0.666397	4.39161	-3.58932	6.13519	10.198	-6.5864	-1.64484	3.09665	-1.56451	1.81221	0.127962	-9.01655	7.79744	4.20441	-3.07504	
3.26387	-2.86938	0.160942	1.86173	1.99914	5.60514	-6.27393	1.60463	-0.085846	-1.65155	-0.120032	2.96626	-0.0816661	2.598	-10.2127	4.10536	9.55557	-1.96384	-2.53459	-1.53196	
-1.6305	0.85665	1.27929	8.08537	5.45365	2.78962	0.254085	-2.37361	5.57101	11.1019	-6.56052	2.44988	8.16082	-0.0627292	-7.27847	0.928029	-1.72571	5.66364	1.49199	-6.01744	
-0.951274	-0.727474	2.59656	1.47529	0.939237	2.91623	-1.43521	0.125901	-0.112684	2.0741	-3.40894	0.0683955	1.57833	1.64178	-2.17147	1.47284	3.21103	0.178052	-1.09179	-1.20232	
1.44096	-3.232	4.53377	3.06052	1.60865	9.46776	-9.79837	3.96214	-2.02233	-2.89192	0.652918	6.82634	2.16355	4.50475	-18.682	8.2268	17.0967	-6.19261	-6.99521	-6.79277	
-0.199356	-0.204326	0.606466	1.66466	-0.246032	1.52052	-1.80211	0.122636	-1.41744	-0.795961	0.622712	0.748132	0.908871	1.5364	-3.82938	0.340581	3.55611	-0.138645	-1.043	0.83294	
0.102543	1.07951	-0.560722	0.56127	1.47509	1.68293	-1.69802	1.00035	-0.956186	-0.854524	1.87455	-0.493073	-0.547278	0.685158	-0.948439	0.935802	1.68657	-0.634074	-1.67196	-1.50256	
1.09636	-2.26996	2.83144	0.415656	-0.858018	3.13246	-4.81786	0.907238	-2.58936	-1.32841	0.867686	-0.707103	1.14319	0.886277	-5.81133	0.620992	7.14937	-1.25136	-2.42692	-0.338391	
0.607053	-0.580756	0.139005	-0.0879767	1.00727	2.10486	-2.39587	0.764129	-0.308582	-2.16421	-0.512034	0.154063	-0.835567	0.638657	-4.90025	2.58025	4.62713	-3.15836	-1.03981	0.818763	
0.458169	2.95113	0.15965	-1.33175	-0.145214	-5.32566	7.10632	-4.25719	1.70666	3.23851	-0.111899	-5.01516	-0.109644	-2.65288	12.1512	-5.13024	-13.126	5.10371	4.57497	5.20141	
-0.783411	3.07493	-5.67636	-5.20707	-1.88252	-7.8978	9.43316	-0.831884	0.877018	-0.525154	1.76768	-3.3601	-5.24663	-2.49248	17.0963	-5.27621	-10.8658	2.77168	5.79595	6.53946	
1.86451	-3.72746	5.39688	1.0414	1.3178	9.18452	-12.9585	2.34447	-3.20816	-5.25298	0.515329	6.55075	3.72721	5.66886	-20.4475	6.81276	19.1327	-6.68986	-8.16362	-5.64593	
0.847686	0.469592	-1.34758	1.00275	-0.79055	-3.16766	5.34546	-0.740854	1.59682	0.383934	0.00434552	-1.90437	-1.16993	-2.99015	5.50801	-1.83999	-5.18604	2.62685	-0.00859386	3.86948	
0.593736	-1.33529	2.68759	-0.0262926	-0.952296	5.06368	-3.90131	1.21627	-1.0172	-2.27162	-0.591293	3.74584	2.86092	2.1542	-9.60363	4.19803	8.6629	-4.41405	-3.49503	-3.81491	
1.2503	-3.66324	1.82168	1.72331	1.55526	6.86937	-8.49823	4.5324	-2.53543	-2.96004	0.520124	6.57766	1.71526	2.41555	-16.2688	6.05667	14.4464	-5.16123	-5.97497	-6.72517	
0.700106	1.30679	-4.97375	-12.3307	-11.0373	-7.09817	4.92053	0.651082	-7.91644	-15.1166	14.3561	-4.13652	-11.2107	-3.38444	16.3476	-4.48624	-3.89079	-10.3262	2.70344	13.8669	
-0.651994	0.295561	-1.72697	-0.161767	0.405728	2.36351	-0.538143	-0.259194	0.542399	0.346615	-0.776255	1.15763	-0.645694	1.73114	-1.78385	0.158384	1.16368	-0.527084	-1.30126	-0.439594	
-1.2374	0.810455	-0.832037	-2.2925	-1.2515	-3.24943	4.50728	-1.27328	1.06861	1.25004	-1.07092	-1.53961	-0.444745	-0.175029	7.45667	-5.3807	-4.7271	3.28093	5.04727	2.08674	
-1.78375	3.10703	-1.26946	-0.634328	0.97327	-6.54416	5.53038	-1.99593	2.29935	4.89472	-1.0237	-4.51792	-1.55824	-2.78547	12.3243	-3.2912	-10.8045	5.76537	6.49142	2.75978	
0.163536	-1.13016	4.83269	9.13671	7.9368	6.27049	-2.22305	-3.2226	6.18457	15.0347	-9.97306	2.22384	10.8166	2.80479	-14.0785	3.81689	2.303	8.49323	-1.60077	-10.5058	
2.61968	1.17688	1.29548	-0.700724	0.0872411	2.76226	-2.09766	0.931498	0.416023	-2.37026	-0.361336	0.448655	-0.0112522	0.412796	-3.65344	3.70317	4.70105	-2.5433	-2.35453	-2.19269	
-1.12365	0.407296	-1.73144	0.642046	-1.43118	-2.82793	0.39461	0.655655	1.39175	0.385418	-0.094057	-2.73862	0.220957	1.08125	-0.246191	0.611508	-2.02438	0.918283	-0.0571211	0.042176	
1.67996	0.753356	-2.25305	-6.51381	-6.38688	-2.97488	0.466738	2.34202	-3.79935	-7.9259	6.57724	0.0153663	-5.57038	1.20785	6.5609	-1.43394	0.426925	-6.5043	-0.336405	4.2243	
-0.0476724	2.23873	-3.94949	-1.99609	-0.222535	-2.92229	5.76008	-2.15662	0.907985	3.18093	-0.571567	-2.73076	-1.77661	-1.6403	9.27411	-3.6718	-6.89726	2.12256	3.29922	2.26066	
0.4049	-2.73734	1.75732	1.54755	1.51364	5.03682	-4.40157	0.884052	-2.0114	-1.49201	1.96308	3.36026	2.04179	2.42705	-10.2476	5.67252	9.97899	-4.12034	-2.04734	-3.71509	
-1.75769	-1.20519	0.466134	-1.69797	1.19113	2.35651	-1.75407	1.81277	0.788678	-2.0959	-1.41338	0.682347	-0.0701774	0.699268	-6.01296	-0.115464	5.44374	-2.88865	-2.16576	-0.873056	
-1.1428	3.63518	-0.679074	5.32037	-1.1795	2.23823	0.897799	-3.77538	4.19797	-13.1015	3.12503	4.72304	7.78456	-0.342082	-0.793927	6.59475	-10.0034	5.12922	-4.73522	-1.87919	
-1.40315	-0.358185	-2.29984	3.17574	-0.135179	-0.830976	-2.96406	-0.945743	-0.410664	-7.76926	2.15957	5.28315	7.04319	-2.04276	-4.59317	6.20965	-12.5004	1.37587	-0.0164135	1.4604	
1.73914	-8.95838	-2.02835	-10.2949	-0.0813928	-7.99781	-5.8554	8.61053	-12.2517	25.0108	-9.13248	-3.48617	-15.7218	-7.76697	-5.29279	-8.59556	13.0449	-12.3102	11.2195	13.1016	
1.02531	-1.71811	0.440545	-2.59626	1.0736	-2.01109	-0.349231	2.20579	-2.62233	11.6885	-2.22116	-4.94603	-8.24685	-0.074388	1.46651	-6.06026	9.7808	-6.85223	5.35819	1.36702	
2.44902	-4.03847	-0.194793	-5.008	-0.540483	-1.30398	-0.790125	2.47498	-1.49172	11.4115	-5.94683	-3.96724	-7.63753	-0.157488	1.71462	-6.3055	12.1703	-5.16979	5.47214	0.769273	
1.22095	1.72711	0.466997	1.01918	0.0618127	0.757153	0.967172	0.185146	-0.476255	-2.27194	-0.765073	-0.141209	-0.284788	1.30707	0.442842	1.06503	-1.12114	1.0469	-0.636496	-1.93089	
1.68165	-1.09155	-0.37031	-1.61916	-0.00337183	0.347544	-0.380923	0.153344	-0.319748	4.18384	0.198134	0.040647	-0.554107	1.32398	0.577161	-2.41439	3.50603	-2.47286	1.51468	1.1552	
2.46212	-3.55016	1.7337	-6.74393	1.02386	-3.06725	1.31786	6.33601	-4.97052	18.7237	-6.87083	-5.02412	-14.7363	0.830738	2.22732	-7.57816	18.0553	-9.74433	5.68613	2.61291	
1.12035	-1.55107	1.65637	-3.51344	-0.314857	-1.21399	-1.75026	2.59425	-2.01068	12.8438	-3.28926	-3.43716	-8.38124	0.77886	-1.53224	-4.49385	9.98064	-5.36991	2.69153	2.48083	
-2.83432	0.629144	-1.73701	2.52318	-2.08402	0.372418	-0.723386	0.00741091	1.9047	-8.20368	0.853004	3.23635	6.91814	-2.44693	-4.48132	4.02255	-13.9551	3.46771	0.0161963	0.897365	
0.801589	-0.130065	0.335426	-1.43116	0.752117	-3.06611	0.392682	3.12363	-1.71186	4.44776	-1.08118	-0.849253	-4.25713	1.21523	-0.061687	-3.80877	5.17482	-4.0368	1.5822	0.206161	
-0.769499	-1.25522	0.0224093	-1.02068	0.266584	-1.2596	-1.49429	1.36314	-3.32305	2.07236	0.134535	0.926417	-2.46839	0.276708	1.44586	-0.748506	2.54399	-0.920452	0.869278	0.205479	
-0.281657	0.611163	-0.253179	3.79073	-1.44165	1.94564	-1.68377	-1.52761	3.99493	-6.33935	3.20069	2.78648	6.80559	-0.914063	-1.25665	5.51459	-7.10668	1.75268	-2.93577	-0.81908	
0.587933	-0.867233	0.133057	-1.67722	0.204339	-2.85798	-0.703299	1.62726	0.277124	1.77506	0.302414	-1.55874	-2.48779	-0.45495	-0.0170399	-3.22242	2.94362	-1.09743	2.5793	1.29239	
-1.48554	0.540377	0.717362	0.144275	1.42733	1.89101	1.02456	0.701087	3.92333	-2.62699	-1.80761	0.238172	2.58362	1.69768	-1.98565	1.88545	-1.77072	3.81888	-0.724707	-0.696492	
-1.33643	3.95119	0.990517	4.43226	-0.180878	0.613672	-0.34578	-1.48577	3.52634	-13.0532	2.76342	4.21004	8.92534	-0.264115	-0.491881	5.20999	-11.8905	4.47185	-4.66899	-2.4774	
-1.45286	1.77137	-1.58826	3.626	-2.13637	1.32308	0.353158	-3.62188	2.49646	-14.4915	4.31518	4.95321	10.0243	0.0512087	-1.12482	7.07787	-13.7791	6.94403	-0.148932	-3.32556	
0.299605	-1.36662	-0.382044	-0.560508	0.777882	-0.245985	0.939907	3.41214	-0.907435	2.2048	-1.78198	0.339134	-0.722398	-0.648722	-1.15112	-0.783305	1.92769	-0.89006	1.03428	1.57942	
0.880219	-1.5303	0.772091	-0.862142	0.745666	-0.300009	0.691091	1.0218	-0.907322	7.30704	-3.37269	-3.71019	-4.94248	0.496078	-0.877613	-4.9743	6.12111	-3.0703	2.68083	1.81743	
0.460794	0.344737	-0.0698334	2.00739	1.12729	0.178292	-1.43883	-1.49728	1.90694	-2.46913	-1.14501	-0.663627	3.26361	-1.17748	-2.01724	2.93888	-1.91602	1.44441	-0.438433	2.00687	
3.17543	-4.65711	-0.299147	-5.11068	1.13811	-1.94993	2.08137	3.33175	-3.51014	16.2592	-2.87583	-5.43677	-11.4188	2.0107	2.69261	-8.3869	15.4986	-8.11094	4.958	3.26264	
3.58055	-4.94564	2.74727	-7.7853	2.46184	-5.92219	1.6825	5.8721	-4.51786	23.3955	-5.64094	-7.33654	-15.1186	-1.04921	1.49256	-10.4294	21.6857	-11.5138	5.31092	5.10831	
2.44675	-2.21089	-0.504746	-3.03652	-0.733089	-1.8246	-0.654782	1.85957	-1.56705	8.94125	-1.30214	-3.44561	-5.00462	0.527257	-0.0762029	-5.42543	5.86427	-2.48284	1.33648	0.918549	
2.90764	-3.18732	-0.258476	-3.32226	0.900805	-2.12494	1.02835	2.87553	-3.89108	11.9351	-4.13608	-5.51583	-9.53431	0.484887	1.4791	-5.22225	11.4882	-6.60276	3.06093	2.73157	
0.189451	-1.16181	1.26369	-1.44546	-1.24493	0.329184	-0.107773	0.829447	-0.420268	1.90175	-0.273621	1.0515	-2.11701	1.99114	0.147867	-1.67825	2.12756	0.257717	0.123588	0.745237	
-0.606728	-1.20183	-1.68942	1.26103	-0.174288	-0.280059	-1.96678	0.444263	0.260715	-4.22922	2.0532	2.59289	1.6358	0.158002	-1.02376	2.63596	-3.49979	2.11258	-2.10693	0.840228	
-0.35475	0.883788	-0.440256	0.000472409	-0.662764	-0.773856	1.64911	-0.0113587	0.200405	-0.69235	1.83601	0.72068	2.93845	-0.635638	0.0213132	0.0990128	-2.36015	1.9992	0.00601266	0.419768	
-0.716755	0.888104	-0.389683	2.16735	-0.906291	0.945715	-1.14158	-0.7112	1.04586	-5.29188	1.07017	1.27079	3.31684	0.581676	-2.00409	2.50704	-3.83594	1.61424	-2.0844	-1.00092	
-1.80643	-0.826665	0.255214	-0.444281	0.488672	2.85978	1.52997	0.856609	0.529781	-1.25669	-0.486231	-1.07215	-0.192938	-1.54535	-0.653004	-1.31059	0.419316	0.344204	-1.35545	0.215692	
-5.25337	6.35513	-0.856733	7.57908	-1.46286	4.12927	-0.245735	-5.01112	5.3467	-24.5923	5.32986	6.90638	16.4406	-2.5305	-3.19379	9.40379	-22.2575	11.3739	-8.52249	-4.44932	
1.20131	-0.578258	0.55242	-1.05233	2.16695	-2.7988	1.59927	0.887608	-1.28909	2.77517	0.0252973	-1.21875	-3.34778	0.119791	0.086745	-0.319077	2.19578	-1.38118	2.01416	1.10123	
-0.783899	3.33132	0.633648	4.10427	-2.18966	1.63483	0.367631	-2.10262	3.08154	-12.2682	4.40697	4.7315	8.36135	-0.362256	-0.760582	5.28806	-11.2371	6.01605	-1.85991	-3.11712	
1.48275	0.0557209	0.37947	-4.35029	1.16629	-1.54201	1.03861	0.643702	-1.5795	10.3241	-2.88653	-3.34898	-7.89377	1.47109	0.7076	-6.02371	9.07127	-4.09456	3.15185	2.35239	
-3.27549	3.42617	-0.181255	4.22916	-2.04201	2.98794	0.705502	-3.28667	4.1606	-13.5378	3.23759	6.0512	9.49933	-1.36382	-2.23465	5.53505	-10.405	6.90578	-4.37189	-3.23378	
-2.90725	6.33749	-0.260451	6.04062	0.53739	2.54565	-1.66283	-4.14828	4.22706	-17.8272	2.78212	5.15182	12.4608	0.105076	-1.4093	7.10474	-17.3894	6.90571	-4.4643	-2.66274	
-2.09578	1.68929	0.658219	5.29734	-0.238199	1.50469	0.219705	-3.27781	1.99447	-15.2067	4.97002	4.85363	8.90022	-1.81617	-0.902471	7.41796	-13.5159	5.04427	-2.27913	-2.90069	
0.519896	9.43557	3.51784	7.73951	2.31803	6.3968	9.40839	-8.36956	9.70986	-12.5883	6.06692	-4.55603	5.16816	7.58814	10.4128	0.483574	5.99355	8.24014	-11.4453	-13.2039	
2.78169	-5.2369	0.196278	-11.8211	-1.53124	-4.46762	-0.70212	5.54944	-7.27047	14.6174	-0.353856	-8.123	-17.2659	1.06958	2.74899	-9.58918	23.3729	-15.0474	4.99432	8.20734	
-0.513024	-1.47187	-0.917358	-0.0776063	-0.138931	-1.00751	0.394864	-0.760759	-0.35532	3.88658	-0.811558	-0.418376	-1.41525	-0.427476	0.67384	-3.2081	4.33971	-1.75044	0.255139	0.605099	
1.03776	-0.630815	-1.2037	-2.85246	-1.98964	-0.0401407	-0.11159	0.784163	-0.406156	3.96109	-1.4528	-2.21937	-3.77372	1.04867	-0.160475	-3.27953	3.33967	-1.25037	0.667587	1.71861	
-0.171994	3.35679	-0.474746	5.83336	1.37091	3.64752	1.37598	-3.21447	1.99019	-15.4367	3.66663	4.54142	10.4863	-1.94448	-2.35528	7.36501	-13.7059	6.7584	-4.12264	-1.95984	
-1.09667	1.69569	0.175024	0.762925	-1.03196	0.67981	-0.397304	0.179756	-0.110805	-3.46893	0.634809	1.09991	2.50415	-0.446908	1.47739	-0.00257865	-2.7692	0.246745	-1.89302	0.260875	
-0.497774	-1.98366	2.2597	-0.803346	0.458861	-0.377698	-0.722255	2.03681	-0.0661127	6.67681	-1.22491	-2.46663	-5.66265	-0.0574516	-0.783208	-4.37368	6.46963	-3.46646	1.81159	1.7129	
-1.31676	-0.402024	1.76952	-0.224086	-0.623534	-0.792517	0.407398	1.27826	1.03332	2.79055	-0.150411	-0.444121	0.19636	0.634563	-0.329528	-2.27856	1.39038	-1.40836	0.893464	0.374546	
-1.1036	3.83782	0.0310299	6.94536	2.01368	4.0104	-0.757069	-1.66843	5.20402	-1.96176	-0.788902	4.56989	9.32877	0.1043	-2.0819	3.86478	-11.7285	8.60355	-2.14326	-3.39724	
1.18153	-0.449222	2.20659	-0.937264	2.07218	-1.2204	-0.500233	1.39234	-0.175534	6.17747	-2.40304	-2.19309	-5.99768	0.706474	-0.357215	-4.05897	5.16882	-2.68286	1.01304	0.621349	
0.778313	-0.157978	-1.20796	-1.26556	-0.117598	0.686596	1.60982	1.42824	0.955256	1.63363	-2.14955	-0.16778	0.0282553	0.78744	-0.445517	-0.176775	0.245107	0.708881	-2.17057	-1.65983	
1.30341	0.527883	-0.389414	-0.18261	0.544774	-0.753445	1.5751	-0.0363049	-1.74033	1.44177	-0.957807	0.509763	-1.0083	0.826641	-0.776915	-1.75881	1.32812	0.0392452	0.553246	0.672317	
2.01831	-0.925589	1.34328	-1.93046	-0.772336	-0.0699407	1.36561	0.459821	0.174001	1.04076	0.399024	-0.531682	-2.11688	0.686126	-1.73273	-2.11618	1.06375	-3.14415	2.97899	-0.38246	
1.79388	-2.70389	0.684892	-3.81425	0.771247	-1.61638	-0.221926	1.7003	-3.14845	8.03709	-2.63361	-3.44581	-4.02176	0.856711	0.297483	-3.09197	7.55582	-2.67853	1.53813	1.4162	
1.62594	-3.88548	-0.261929	-5.71597	1.53618	-1.46517	0.562075	3.07808	-3.68887	16.1896	-5.56886	-5.86152	-9.30418	1.19601	-0.809263	-7.35219	14.2389	-6.31627	5.11073	3.18518	
3.17812	-3.79	-0.901746	-10.9203	-3.96455	-4.8472	-3.71443	5.13057	-9.10075	3.37156	1.937	-5.14999	-13.6198	-0.910356	5.69333	-7.79345	18.2109	-13.881	4.08491	7.8264	
-2.66378	-0.10239	1.00743	-2.08283	-1.92428	0.116635	-1.92275	-0.932028	-0.471491	-5.08825	5.4977	0.0999696	-0.18671	0.965512	2.06469	-2.48384	-0.0935919	-0.421565	1.34604	1.21912	
-2.73122	1.88083	-2.0644	3.42195	-1.01532	0.683795	0.931739	-2.85496	3.70764	-11.335	4.72372	4.12976	7.78094	-2.06414	-1.46128	4.20242	-10.2188	4.6042	-3.24574	-3.80628	
0.480229	2.33816	-0.211023	1.52564	-1.47712	0.128671	-0.664211	-0.903367	1.30528	-4.92658	1.5491	1.89037	5.50312	-0.917623	0.779205	3.10061	-4.53617	2.37262	-1.88945	-1.90431	
-2.65982	3.9324	-0.846098	6.06909	-1.19547	0.965848	-0.617705	-3.89299	4.42745	-16.7882	6.10351	4.64913	11.2223	-1.67234	-2.72425	9.67622	-16.4108	5.87869	-5.67925	-3.40293	
1.28507	-1.54915	0.451549	-3.86535	2.7589	-0.546114	3.14336	2.27598	-4.29088	18.2484	-2.24933	-9.1668	-11.8757	1.33575	3.86835	-8.31852	21.7628	-7.57638	2.32502	0.107381	
0.841664	-1.13072	-0.3049	0.286371	0.173065	-1.16811	0.34615	-0.262048	-0.307473	0.640829	-1.03822	0.14879	-0.478183	-0.960828	0.484389	-2.21937	-0.805495	-1.57368	-1.06899	0.28841	
0.209515	-0.693882	0.829429	0.14481	-0.0381079	0.284569	0.338532	-0.603301	0.69328	2.71097	-0.341964	-2.87298	-1.30015	0.28145	1.19092	-1.98181	0.811972	-0.125914	0.328248	0.0766243	
1.17888	-0.778686	1.65822	-2.8556	-0.0190716	-0.670803	0.965254	1.88428	0.577923	3.729	0.102525	-3.59427	-0.896563	2.03965	-1.03187	-0.417302	2.16072	-2.83955	1.61523	0.85401	
1.84848	0.275246	-0.659038	0.803427	-1.4518	0.0301934	-1.37983	-0.543306	0.875486	0.932034	-0.707277	-0.150656	-1.25672	-1.73257	-1.23459	-0.705466	0.454691	1.2439	-0.825876	0.784723	
1.34491	-1.35089	-0.180019	1.46059	-0.460481	-1.0721	-1.52289	-1.10675	2.01503	-1.48265	1.23573	-1.95985	1.42197	0.738373	0.112675	-1.05155	0.274679	-1.0574	-0.00737323	0.17569	
-2.88526	0.106868	-0.984669	3.59235	-1.28877	0.166816	0.128765	-2.34505	1.99109	-12.0057	2.79199	4.54082	7.13421	-1.0506	-1.7965	3.84338	-10.732	3.95094	-2.58837	-1.57234	
0.536107	0.564347	-1.24164	-0.719614	-0.298067	0.520872	1.12506	0.891084	1.13364	-1.81867	-0.350599	1.07391	1.1881	0.435258	0.408026	0.021909	-1.76114	1.4604	-1.30159	0.184773	
2.52311	-1.76682	1.72541	-4.36495	0.310937	-2.25348	0.11427	5.10331	-2.80731	12.6657	-2.16082	-5.67975	-10.2781	-0.288978	1.34693	-7.84748	14.3017	-6.18603	4.31674	3.13635	
-1.52594	0.285154	-2.08824	1.04216	-0.774472	-3.10257	-3.10602	0.43185	-1.23653	-7.03498	1.09763	3.61528	2.05747	-3.26921	-3.71489	4.27651	-9.45913	1.2786	1.31275	4.1468	
-2.44472	-0.690675	-1.68831	0.0697789	-2.34091	-0.852358	-3.27095	-2.37185	-2.31635	-6.39505	0.0213543	6.08714	7.19967	-2.5411	-3.26191	8.36651	-13.1702	2.24207	-0.468305	0.299114	
0.71095	-2.60413	1.49464	2.27221	-1.67315	0.0900484	-0.807442	0.362203	-0.13422	0.872765	-0.485754	0.099595	0.184318	-0.0069386	0.937025	0.662693	-0.930764	-0.58564	-0.36973	0.437409	
0.965921	-0.193091	-0.402849	0.20547	0.313637	-0.0352612	-0.0200589	0.439636	-2.38836	-0.447766	-0.808246	0.906348	0.53824	-0.673496	-1.26637	-2.06843	3.28947	-0.600786	-0.673009	0.252004	
2.54487	-2.3981	0.845151	-2.64792	1.5625	-1.60607	-2.47246	3.10267	-4.21954	8.63817	-2.58085	-4.44018	-6.83266	-0.130809	1.3811	-2.91478	11.0681	-4.47092	4.06015	1.88126	
0.245824	1.10348	0.472868	4.24568	-0.388436	2.55323	-0.63705	-2.11334	1.71573	-8.84121	2.83468	4.41969	5.50606	0.116256	-1.72573	4.27898	-8.24892	5.11463	-3.53787	-1.6716	
2.04266	-0.473148	-1.40511	0.600022	1.59461	-1.16877	-0.335823	-0.244286	0.663315	2.89133	-0.872031	0.0128156	-2.98476	0.667112	-0.0255938	-1.73822	4.35568	-1.7019	0.649845	1.05963	
0.779738	-0.331663	-0.702401	-0.917969	-0.657475	-1.21145	0.942718	2.02675	-3.33942	-0.00577765	-1.82227	-1.26842	-1.00594	0.130522	0.0471342	-0.384231	1.93682	-2.4929	1.35258	0.603394	
-3.14615	-2.55179	-2.70762	-1.82861	0.361162	-2.27499	-3.62548	2.45436	-3.89198	-0.715691	-3.62209	4.21156	2.21793	-3.78922	-7.23716	1.80936	-6.73905	-3.02209	3.37032	2.22947	
-1.16246	0.143164	-0.292684	0.117685	-0.238458	-0.848152	-0.790007	1.36052	0.620746	0.701392	-0.192627	1.31088	0.14797	-0.996114	-0.377469	0.339456	0.190777	-0.144361	2.06839	0.590333	
-4.43616	3.89043	-2.63302	9.75642	-0.84299	3.71241	-1.1064	-5.77921	6.04394	-25.7929	9.35958	9.73077	17.2572	-1.75476	-1.31699	12.915	-25.5894	12.3913	-8.12964	-5.99956	
-1.77089	1.14989	-0.535439	-1.07861	-1.27676	0.665955	0.0568113	1.73387	-0.468479	-2.34491	0.468576	0.887025	2.52469	-1.02164	0.542664	1.34237	-1.9114	1.64336	-1.33029	1.03651	
-1.61178	-6.37909	-5.35819	-4.30967	-1.76978	-5.26455	-7.54189	7.75151	-6.63778	4.76371	-4.85167	6.4201	-0.681556	-6.26574	-8.79113	4.67405	-8.05625	-3.86859	7.36668	11.072	
-1.47653	7.43674	4.67851	14.9119	7.86769	8.2689	7.9008	-10.6631	13.5849	2.21733	-5.12926	-1.01832	13.5627	6.21721	3.34697	1.28815	-5.71349	15.5795	-6.52546	-14.8899	
-1.29711	2.8146	-0.623118	3.85085	-2.70514	1.458	0.687823	-3.50615	2.91937	-10.8468	3.01465	3.43222	7.25182	1.79899	0.214836	5.71305	-11.3746	6.1173	-4.26359	-1.84427	
0.965605	1.52538	-1.10224	2.25536	-1.73153	2.31328	-0.0260006	-2.22617	0.756565	-6.96228	2.41879	1.02569	4.00496	1.78983	-0.315201	2.48097	-5.63526	2.83857	-0.727859	-2.75865	
-2.84392	2.02041	-0.594165	2.90743	-1.62953	3.16422	-0.740977	-0.633326	0.562242	-5.9079	1.0929	2.04897	6.22381	0.639556	-1.20264	4.40979	-6.47124	3.86126	-1.22229	-1.83691	
0.136071	-4.09236	-0.204004	-4.50027	-0.781941	-1.8048	0.2594	2.28156	-1.78139	15.3742	-3.12894	-4.9226	-10.4232	-0.882942	2.57175	-7.56092	11.8637	-6.15323	3.80954	3.30907	
0.0588818	1.58856	0.0548798	2.17808	-0.114653	1.16517	-0.139181	-1.11703	-0.0208089	-4.28533	-0.29935	1.79124	2.96283	-0.291283	-0.5754	1.65063	-3.38236	0.68325	-2.67246	-1.59809	
2.30901	-1.83287	-2.52494	-0.336484	-0.569047	-2.25486	0.0561642	3.52431	-1.12383	4.87213	-0.533059	-3.14378	-2.91169	-0.697134	0.756714	-2.65464	3.12713	-0.401972	0.451559	2.32583	
1.48478	-2.84225	-1.1351	-15.1627	-8.93541	-5.41715	-3.68549	3.28138	-11.5553	-11.6998	11.4229	-3.88918	-16.5541	-2.03002	6.29001	-1.08061	13.4045	-15.6751	1.00879	10.5814	
-0.592794	1.25802	0.811107	-0.196473	0.599702	1.98435	2.34174	2.11634	0.671259	-2.68731	-1.72058	1.81893	1.16533	-0.822955	0.411424	0.340913	1.30133	-1.42529	-1.68799	-0.0863917	
-0.154901	-0.0555514	0.623441	-1.63002	1.18048	0.955857	0.0988116	0.556637	-0.682714	0.172804	1.68359	1.24519	-0.101053	0.0591079	-0.205795	-0.308493	1.3542	-0.598357	0.5286	0.287962	
1.18703	-0.0106131	-0.381414	-2.07079	-1.02943	1.01825	-0.56475	1.09587	0.962786	-0.776594	-0.311716	-0.613779	1.54185	0.662882	0.660408	0.956437	-1.23333	0.586049	-0.725094	-1.49944	
-1.46681	0.716409	-0.890174	4.45954	-2.13686	2.62939	-0.802215	-2.51709	1.77246	-12.3672	4.26531	5.4415	9.01432	1.4176	-1.09471	5.11571	-12.0213	6.7525	-2.82793	-2.65205	
-0.233685	-2.7387	-1.02685	-3.47039	1.701	0.775945	-0.480885	1.13511	-2.53594	8.97546	-2.22398	-4.8686	-5.67898	0.92486	0.968944	-5.68939	9.00429	-3.60091	0.744186	2.4615	
0.78339	1.2908	-0.0690777	5.64573	-0.263345	1.15066	0.351988	-2.6067	2.54932	-13.4673	4.1283	3.93322	8.90732	-1.35412	-0.395956	8.34572	-13.5826	7.60692	-4.71925	-5.22905	
-0.53559	0.106973	4.53483	12.3413	12.1923	3.59194	2.30466	-4.43637	9.14274	27.2691	-18.2332	-2.19064	9.59555	1.11944	-5.0027	-2.93054	-4.74275	14.8917	2.18153	-9.68623	
2.38284	-1.42902	-0.250052	-3.40929	0.933061	-1.86543	-1.22647	1.42189	-3.04209	12.4207	-4.26082	-1.17962	-8.42962	1.51064	0.531779	-4.44755	8.8136	-4.92424	1.55989	2.58647	
-1.0374	-0.650371	-0.792471	-0.267431	-0.0204065	0.536456	-0.422871	0.462318	-0.0522904	-2.23887	0.190415	-0.0607572	1.04039	0.105246	-0.0382966	0.462085	-1.77211	-0.432883	-1.60107	1.90423	
-3.55297	2.95226	-0.0237445	8.93006	1.06761	4.13868	3.0829	-4.00395	8.33872	-8.8842	-0.463995	4.68658	13.9062	-0.949266	-1.79309	5.96943	-17.7851	11.9599	-3.2432	-7.13798	
0.547391	-0.75964	1.16989	-1.46866	-0.901178	-0.288851	0.622669	0.185344	0.0178904	4.53678	-0.253487	-1.54301	-2.56393	0.0188179	0.526659	-1.45387	2.39132	-3.00764	0.898486	0.774	
0.428158	0.0566719	1.29714	13.7463	12.2193	6.46556	4.17748	-3.61667	9.42609	18.358	-14.5848	2.65821	14.5584	1.21566	-5.9195	2.1895	-10.4551	15.7322	1.12822	-10.3202	
1.75025	-0.82594	0.413933	0.391811	1.44131	-1.15847	0.0410915	-0.352545	-1.40916	1.70631	1.05013	-1.75392	0.587827	0.960133	1.1199	0.905925	0.952066	0.31544	-1.63476	-1.28582	
1.70146	0.339455	0.67506	-0.0215733	0.590926	-0.562598	0.13328	1.08055	-1.82715	1.35194	-1.37378	-1.63827	-1.84331	-0.341724	1.16452	0.212057	2.94537	-0.881185	2.16023	0.704332	
1.53175	-2.34164	1.53535	-2.37889	1.02607	0.780345	1.10951	-1.02589	0.00554827	2.47799	1.14004	-6.75979	-5.13487	-0.214782	3.57868	1.0229	1.61556	0.42173	0.0391734	1.11301	
-2.36841	1.18836	-3.7371	0.466011	-1.29136	-0.128676	-0.909271	0.889248	-0.000289704	-5.39849	-1.3039	4.27508	3.57937	0.29933	-2.08244	-2.62884	-1.50641	-2.24306	1.31559	-2.8016	
1.01071	1.45787	-0.451711	-1.16461	-0.66787	1.08557	1.44003	-0.278517	-1.47091	2.22323	-1.08128	-0.97138	-2.80862	-1.54978	1.51004	0.482976	0.638902	-1.87314	0.459965	0.196117	
-2.72074	0.580158	-1.50199	2.52732	-2.03582	-0.310772	-0.411736	1.73935	1.11657	-2.8968	-1.91065	5.80187	5.75684	0.557072	-3.05703	-1.96266	-0.416997	-1.0102	-1.6944	-3.70819	
0.651577	-0.536804	-0.743304	-0.292542	0.740319	0.658473	1.48188	-0.403098	1.18852	0.511392	-0.0722046	-0.31838	-0.895566	1.05254	0.206688	-0.347534	-0.606643	1.50208	0.0268608	1.40424	
8.33583	-5.97283	13.423	-6.43069	9.00212	12.1913	4.92336	-4.9634	-2.45536	19.0259	8.86149	-22.2362	-26.544	0.618211	12.891	2.76684	4.61953	7.64452	2.2945	14.4324	
0.25584	0.512591	-0.900944	-0.752619	-1.53275	-0.858725	0.203319	-0.493229	-2.06592	0.0311778	-0.266165	-0.651256	-0.0928268	-1.39182	0.967465	0.240337	0.308172	-0.870941	-1.06751	0.134115	
-6.07813	3.88933	-11.4269	3.23212	-6.20191	-7.69447	-2.88775	5.21651	0.437421	-15.7732	-6.83411	18.5632	19.7282	0.265855	-9.92692	-3.3167	-4.7947	-6.30506	-3.3218	-10.7481	
4.46908	-3.13019	4.09878	-1.92178	2.13765	4.24578	0.519188	-1.01911	-0.162495	6.51324	2.70776	-6.20115	-7.21613	-0.370325	3.52109	1.13001	3.03073	2.56407	1.09734	6.08751	
-2.05305	2.24887	-5.95418	3.00719	-2.8056	-5.63084	0.0482635	2.71485	3.00788	-7.9801	-2.314	9.32554	7.17806	-0.0342972	-4.66642	-1.89587	0.0656742	-2.47193	-1.93393	-5.57512	
3.30222	-2.17974	5.10568	-2.76107	3.91309	6.04778	3.11406	-1.96123	-0.667827	7.83548	3.37923	-9.4638	-9.34049	0.175422	7.44485	2.13796	2.05597	2.76078	2.70626	7.3123	
2.33748	-0.684981	0.962447	-0.439319	1.72724	2.34392	0.880189	0.998204	-0.933913	1.20703	1.24443	-0.860462	-3.58193	1.92183	0.0429442	0.0831771	-0.0294848	1.12965	0.31601	0.145557	
4.16217	-4.11497	6.10841	-3.29836	6.75779	5.58538	2.58405	-0.736759	-2.10808	8.33154	4.04927	-11.7467	-11.8001	-1.06124	5.45791	3.48477	3.09943	3.13967	-0.188584	9.54376	
-0.341051	1.67473	-0.264818	-0.182774	-0.106476	-0.0391705	1.64434	0.231749	-0.0363719	0.737712	1.57879	-3.45646	0.218182	0.0295205	0.955086	1.38798	-0.634729	-2.56099	2.65256	2.08953	
1.93612	-1.59189	5.3623	-1.37095	3.03964	4.01982	0.425253	-0.821518	-1.39282	6.87439	2.98236	-6.82321	-9.11744	1.91066	5.54178	0.948082	2.43579	1.44147	1.23549	5.30169	
-2.97389	-3.67698	-4.73972	-3.18275	-2.04569	-5.76794	-5.56237	4.92714	-4.72625	0.937977	-3.10043	5.65254	0.903384	-6.30328	-7.80178	3.4346	-11.3727	-1.15145	6.50359	8.769	
2.40355	-2.20075	6.66787	-2.50719	3.23836	5.7763	3.28689	-2.79116	-1.78077	10.8765	4.1385	-11.5791	-12.844	0.0890803	6.51487	0.953433	3.65445	2.94771	-0.0780262	6.24821	
-1.75177	1.37588	-4.62141	0.802235	-3.22191	-5.22897	-2.20932	0.300985	-0.634304	-5.76349	-3.08423	6.36599	7.96002	0.0668488	-3.96785	-2.73838	-3.50027	-1.14671	-1.08886	-3.67512	
2.27753	-1.69056	1.84917	-1.06899	2.34643	2.91068	0.600948	-2.16589	0.155039	4.35539	3.25509	-5.5728	-4.84571	1.82504	4.21685	0.0598345	2.11639	1.7532	0.410338	3.88745	
4.90818	-3.89266	6.9428	-5.08888	6.34781	7.73689	2.5484	-3.53158	0.197445	10.683	6.27205	-14.1845	-15.1191	0.684094	9.87357	1.73975	3.90547	5.41793	1.01709	8.93838	
3.05529	-1.40497	1.25109	-1.11712	-0.365199	1.93518	-0.197055	0.237692	0.0682969	1.65552	0.804145	-0.906225	-2.88392	1.49998	0.421976	0.961194	0.816676	-0.536926	0.845577	-0.1183	
1.57526	-1.67727	6.80033	-1.10456	1.26304	4.59608	1.16725	-0.674002	-0.637338	7.96065	2.86339	-9.22463	-11.1891	0.454623	5.62654	-0.71138	1.47012	1.73972	-0.276228	5.71196	
-0.470521	-0.509771	2.65821	-0.760366	0.973787	3.42372	0.38687	-0.550797	0.37852	3.088	2.05365	-3.29357	-6.26914	0.569645	4.28542	1.48499	2.02515	1.97899	-0.473399	2.74244	
3.34181	-3.04953	5.40933	-2.5735	2.24223	5.70872	3.42625	-1.51785	-2.31249	5.83084	1.3323	-8.13601	-9.84419	0.0649459	3.33832	1.10976	0.628889	0.313606	1.88881	5.18588	
3.63365	-7.15188	6.79063	-3.92593	5.9833	7.464	0.544266	0.77855	-1.92407	12.7548	5.22808	-10.3827	-13.6284	-2.33939	4.16045	3.73756	-1.70812	3.85237	3.45242	11.9625	
-2.30316	2.90854	-2.82598	1.93733	-3.35352	-2.36049	-0.182759	0.575333	0.82963	-3.56208	-1.46915	6.24586	4.69033	-0.547214	-3.55119	-2.03726	-3.09166	-2.27794	0.839931	-3.45085	
-5.07444	3.68687	-5.25821	2.38968	-3.80803	-6.79531	-4.4182	1.18104	1.29168	-9.96569	-3.71504	8.14844	11.3761	-1.50653	-4.39268	0.638745	-2.77288	-2.9162	0.411387	-6.91134	
1.00347	-6.6843	-1.36611	-3.11206	1.37472	-0.563314	-4.65032	2.36173	-4.4884	9.44951	-1.01316	-2.86361	-6.61203	-3.66948	-1.85022	3.27599	-8.5246	0.560068	5.04102	9.93753	
-1.4742	0.458366	-0.314108	0.372621	-0.266874	-1.4097	-2.00944	1.08101	0.882792	-4.06225	-1.96367	1.99095	3.18318	-1.22383	-3.10659	1.98865	0.735941	-0.546238	-2.09704	-1.39422	
-2.06154	0.167212	-4.72665	0.877635	-5.17227	-4.56464	-4.35842	0.458985	1.72767	-6.05458	-3.62796	6.25267	7.88353	-0.404218	-3.45376	-1.19171	-0.615121	-1.34467	-1.45829	-4.35356	
1.68293	-2.18889	2.56221	-1.03047	1.38096	2.83939	0.769706	-0.901752	-1.16103	3.35875	2.11989	-4.79455	-5.80026	0.535785	2.60027	-0.811683	0.509347	-0.0316448	-1.74726	3.26424	
2.975	-3.07682	6.14401	-3.0397	5.54416	6.49112	2.72371	-1.07427	-1.13369	11.4355	4.18409	-11.3731	-12.2047	1.10287	4.97027	1.60341	1.13495	1.17467	0.121727	7.67815	
-1.25645	0.720429	-1.73073	-0.794762	-1.94855	-1.33253	-0.910816	0.630378	0.791214	-1.82316	-0.993022	0.089221	2.19042	0.325971	-0.85272	-0.994124	-1.15493	0.246546	-0.631102	-1.78724	
-2.12956	0.780522	0.289544	1.98536	-1.97971	-3.07969	-1.72054	0.318309	0.837827	-0.681182	-0.522134	3.13804	1.55316	0.652624	-1.18028	-0.84775	-0.163115	-2.50974	-0.37223	-2.38604	
-2.12995	1.7654	-1.42603	0.132648	-1.30276	-1.00406	-1.10949	0.557053	1.36228	-2.0756	-0.740982	0.670795	1.5841	0.0930223	-0.583597	0.132628	-0.350071	-0.566441	-0.399073	-1.59729	
0.702241	0.204267	1.6897	0.145706	0.142964	-0.975761	-0.504363	0.0386776	-1.65295	-1.45968	-1.00433	-2.12812	-1.67799	0.235174	0.626051	1.42083	-0.0450553	0.442227	-0.224121	0.440621	
1.6112	-3.82724	5.86134	-1.44525	4.79877	6.58363	1.87509	-2.06313	-1.23421	8.70105	2.81574	-9.69997	-11.6501	2.18834	6.57267	0.720342	3.24351	2.434	1.2934	6.02726	
-5.68053	-2.3595	-8.60566	2.32208	-5.16636	-6.81007	-5.74942	5.73911	-2.96114	-6.52418	-6.01877	13.6234	8.89734	-7.28995	-12.8828	3.53215	-9.86135	-3.25581	4.00328	-0.129522	
-1.18525	-0.825531	-0.21976	-0.150322	0.483678	-0.558391	1.39061	-0.211561	-0.299098	0.606527	0.780462	1.42227	0.490281	-0.10808	-0.286504	-0.324362	1.27419	-0.481181	0.577806	1.17727	
3.69462	2.48052	6.28232	-2.53615	5.28728	4.97686	4.65259	-3.23153	4.81312	3.2524	3.82389	-8.65354	-6.12377	2.89192	6.31387	-0.298875	8.84779	3.17906	-1.99417	-1.54753	
0.374194	0.562705	-1.61394	1.27657	-1.17702	-4.05327	-2.48527	0.340271	0.897595	-2.75261	-2.53247	3.89797	3.02878	0.587406	-2.12498	0.0760019	-1.54289	-2.28515	-0.97229	-1.75843	
-6.55092	3.67601	-8.05173	3.39257	-5.01179	-7.68055	-2.98664	1.85068	0.0300958	-12.5235	-5.76494	13.1432	15.9604	-0.907657	-7.66586	-1.47084	-3.60978	-5.42395	-3.17992	-8.25434	
3.68112	-1.67727	3.26849	-1.19756	2.47601	2.3561	0.620756	-2.32002	-2.17782	5.49789	2.99074	-4.9068	-5.33553	0.591852	3.1611	-1.09798	1.98194	1.87501	0.519523	3.98128	
2.32105	-2.45443	5.56247	-0.84961	2.31442	4.6612	1.92907	-2.20178	-1.60468	8.3958	2.53552	-8.13975	-10.1068	-0.159215	5.53927	1.23	1.29473	3.40702	0.769503	6.36876	
-8.45512	1.91501	-11.4165	3.64872	-7.17477	-10.9195	-5.22818	3.21156	1.62815	-14.2901	-4.94714	18.1046	19.4504	-2.08038	-9.8199	0.279651	-5.63637	-5.72196	-1.65239	-9.56639	
-1.21398	0.681978	-1.79287	2.08007	0.0831245	-1.2712	-0.622929	0.162512	-0.870583	-1.74867	0.411543	1.23898	3.0591	0.467677	-1.38912	-0.195604	-0.731858	-1.39066	-0.508544	-0.49459	
-2.03949	0.271095	1.19984	-0.732746	-0.699727	-0.645021	0.282115	-1.30176	0.156585	1.87377	2.65379	-0.505276	-1.80546	0.420198	-0.0117415	-0.150687	-0.979462	0.326459	0.356699	2.54893	
-5.12294	2.77588	-6.08631	1.95722	-3.88489	-4.83622	-0.977961	3.34387	-0.349627	-8.87653	-2.33792	11.1808	12.4352	-1.11773	-3.04333	-1.18623	-1.66707	-2.45835	-3.07786	-5.32634	
0.0750818	0.31075	-1.31263	0.90679	0.404633	-2.22907	-0.802396	0.155457	1.22025	-1.48173	0.125047	1.57883	3.30909	-0.367618	-1.26035	0.126314	-1.59928	-1.05917	-0.0292221	-2.95071	
0.938723	-1.69061	2.52346	-2.2479	2.86349	4.94187	1.03274	0.352828	0.163616	5.95448	2.79723	-5.75176	-6.62844	0.0445554	4.39459	0.95687	1.87604	0.696291	0.325384	4.97694	
0.297069	-1.02269	1.08795	-0.264911	1.50401	4.54825	0.966933	-0.821623	-2.17099	2.26231	0.615853	-4.40363	-5.51774	0.546704	3.03299	0.703985	2.1293	1.79869	-1.38139	2.44506	
3.54512	-1.39074	5.00991	-0.775521	3.06235	3.00408	1.09097	-2.20572	-1.11669	4.59581	2.77527	-7.62685	-10.3069	-0.600247	4.34535	-0.347079	3.63803	3.10384	1.89953	4.97466	
-3.54184	1.94718	-6.27354	2.63276	-4.51691	-5.26381	-3.39743	1.47427	1.67872	-11.1903	-3.67649	12.1949	11.7744	-0.356424	-6.29072	-0.0699908	-3.15043	-2.44467	-1.27057	-8.61276	
4.23486	-2.1144	4.69873	-0.985909	3.49238	2.303	4.2045	-2.70781	-0.340243	2.96911	2.399	-5.38867	-6.10007	-1.02618	4.93172	0.320713	0.864424	2.93147	0.155445	4.22521	
-5.63968	2.37672	-12.0944	4.43184	-8.62298	-10.2064	-1.67581	5.43094	-0.724248	-13.7892	-6.18622	16.5626	20.6712	-3.01244	-10.993	-1.91746	-5.92405	-4.65972	-1.73245	-8.57516	
-2.46153	-1.4727	-2.14798	-0.91389	-1.8766	-4.04984	-4.09005	1.84741	-2.93502	0.565096	-1.59455	5.53244	1.32533	-3.32549	-5.25467	1.53105	-6.85663	-1.6569	2.00236	2.9952	
-0.354226	0.623285	-0.324611	1.10323	-1.29302	-3.55838	-2.58366	-1.61379	-0.772698	-0.482352	-0.929356	1.41965	2.38149	-2.10875	-2.33329	0.292722	-3.05824	-0.140991	1.30323	0.60679	
8.19926	-5.26159	9.28341	-3.32697	6.67691	8.20346	3.6813	-4.9794	0.775503	13.5658	5.73246	-15.2489	-18.457	2.06566	9.12138	2.89986	4.92751	4.51773	3.17546	8.47275	
1.34016	-3.36928	7.03408	-2.02218	3.69437	5.54908	2.99167	-0.911517	-1.26551	8.14139	3.33071	-10.5386	-11.5581	1.03404	5.85182	1.9636	3.16633	2.48104	1.5231	5.05469	
-2.66445	1.88669	-6.87862	3.702	-2.90359	-4.5758	-2.22904	1.09516	0.701664	-7.0137	-3.18801	8.62709	9.41603	-0.972902	-4.48805	-1.20224	-0.420242	-1.54455	-1.63883	-6.00907	
-1.78338	2.65712	-3.83387	0.968271	-0.236277	-5.75762	-1.10932	-0.701785	2.65364	-4.51465	-2.17007	6.64218	6.27111	-1.58171	-2.51221	0.412742	-2.78228	-0.465007	-1.69163	-4.24477	
-1.95573	1.39866	-2.13394	-0.0411512	-1.99057	-2.28725	-0.390731	1.93092	-0.267972	-2.77395	-0.683172	3.6575	4.41052	-0.336346	-1.46974	0.0848466	-1.37686	-2.09766	-0.572326	-3.33594	
-1.32253	0.837306	-1.23927	0.674247	-0.0768065	-1.73405	1.528	-0.226135	0.393383	0.661635	0.0682824	0.728662	1.29075	-1.03034	-0.179793	1.25127	-0.28569	-0.152122	-0.371457	0.178557	
-0.235085	1.93242	2.9639	-2.70663	2.46276	3.6964	0.223842	-0.545134	-0.947444	4.48646	0.287932	-4.0243	-4.98864	-0.661969	3.53551	1.50803	1.82943	1.62057	0.154984	2.58279	
-2.13345	2.3186	-2.72897	0.240159	-1.13407	-2.88844	-2.54734	1.5755	0.576763	-4.89113	-1.41517	2.76668	6.66931	-0.393653	-3.28428	-0.560444	-1.51524	-2.98834	-0.349716	-2.50068	
-5.28765	4.00813	-8.72439	2.94697	-5.17089	-7.90549	-2.81622	2.22262	3.37014	-12.5732	-6.43182	14.3962	15.6441	-0.561839	-7.43078	-1.81341	-2.95179	-2.45848	-2.09237	-9.41751	
-1.68423	0.68289	-0.326096	-0.314413	-1.20361	-0.351087	0.764129	-0.72168	-0.438647	-1.80594	-1.58405	0.926093	0.975971	0.846009	-0.443285	1.60725	0.911895	1.0672	-2.44051	0.47584	
-0.194934	-0.959438	-0.37942	-0.879081	-0.326379	-1.12952	0.125159	-0.469498	0.191911	-1.16763	-1.46268	1.88851	0.752351	0.328957	-0.870585	0.135808	1.18152	-0.679916	-0.81128	-0.653713	
-1.27283	2.83209	-1.88696	1.85912	-2.05138	-3.3269	-0.228147	-0.180322	-0.0613452	-5.39908	-3.21591	5.80696	6.37135	-0.660258	-1.53834	-0.72214	-2.20006	-0.772634	0.518361	-2.05702	
1.28475	0.588209	1.45484	-0.963715	2.21575	1.68158	0.217518	-2.70547	0.174223	1.22878	-0.856961	-1.68102	-2.67134	-1.18168	0.844306	-0.225617	-0.0674538	-1.00538	0.483424	2.98819	
-3.19189	2.52775	-2.85972	1.99446	-1.22143	-2.52491	-0.433073	1.42928	0.679466	-5.34775	-2.89974	7.10223	7.9182	-1.44411	-2.58781	0.362403	-1.28404	-3.55581	-0.110286	-4.21803	
-2.7286	2.34953	-3.86759	1.59866	-2.06447	-2.77515	-0.847128	1.3394	0.478248	-4.54189	-1.71787	6.23374	8.68811	0.214926	-4.57555	-0.0300568	-1.53608	-3.68483	-1.34411	-3.70254	
0.339663	-0.0621692	-1.08497	-0.0625697	-0.153422	-1.08641	-0.0469604	1.8034	0.0519809	-0.294471	-0.186828	3.4093	2.69877	0.209705	-0.366859	-0.017862	-2.24788	-0.0544683	-0.996428	-1.37265	
-0.178369	1.79355	-3.15346	0.486422	-1.22856	-3.15602	0.78747	1.7441	1.0996	-2.90721	-0.876563	2.74356	1.15209	0.278165	-0.46224	-1.53334	-0.0209491	-1.62186	1.71092	-1.0524	
1.41878	-0.115705	2.76964	-0.587435	1.81891	3.98307	1.2626	-0.99096	0.231777	6.10255	3.02364	-5.07434	-7.56169	0.675029	0.945791	0.734042	0.831949	3.40018	0.536229	3.27717	
-1.172	0.494992	-0.971128	0.0730997	-0.632449	-1.29792	0.771452	0.761948	-1.39058	-1.05576	-1.22519	-0.347728	1.099	1.10776	0.616524	2.00203	1.64489	1.16713	-0.910797	-1.63844	
0.524075	0.49275	1.59439	-1.65928	0.532695	-1.07057	0.567024	0.578549	1.95492	0.893808	2.97638	-1.01585	-1.07846	-1.48192	1.55904	0.965087	-0.0667889	0.148394	0.428749	-0.248964	
0.20183	-0.680871	-1.85457	1.98957	-2.7465	-1.50924	-0.0943039	1.96574	-0.60842	-3.35539	-2.23123	3.70385	6.51995	0.19803	-0.0118039	-1.15959	-0.74293	-0.826102	-0.924649	-4.32567	
0.211018	-0.296975	2.7001	-0.784043	-0.698127	0.593187	-1.43433	0.0112304	1.12209	1.67157	0.496614	-2.99953	-4.25576	0.210526	1.55839	-0.355256	0.167684	1.60575	1.03871	2.94892	
-1.27621	1.45383	-2.36411	2.2398	-0.564705	-0.912213	-1.30933	0.929636	0.0666121	-0.62561	-1.29104	4.70382	5.22859	-1.49012	-3.5466	-0.107233	-1.84989	-1.49449	1.91783	-1.66292	
3.51296	-3.06851	6.27332	-3.04578	2.17052	4.40532	-0.76723	-1.17607	-1.87441	7.11861	2.91406	-6.92494	-7.86433	-0.978291	2.29155	0.157986	1.37166	3.35568	0.363967	2.46567	
-6.55444	3.6645	-9.1442	3.97307	-6.48984	-11.4631	-3.4896	2.39403	2.34762	-15.8721	-6.65663	18.482	19.1377	-1.0228	-11.1168	-0.170957	-5.2359	-4.44276	-1.49283	-14.1371	
3.73241	-2.40828	7.65945	-4.4883	5.71934	5.76482	2.16726	-2.01123	-1.90862	12.4592	4.68242	-13.0236	-13.6074	1.20923	7.92359	2.00919	3.46975	3.28499	1.61518	10.6575	
-1.6015	0.712833	-3.08746	2.21654	-3.01953	-2.18325	-1.77793	2.06073	-1.10651	-5.59406	-2.46404	7.09982	7.88661	-0.0513275	-4.87751	-0.749016	-1.86676	-3.67804	-0.992739	-4.05561	
-3.5198	1.54364	-6.05044	1.37894	-2.21298	-4.70901	-3.77709	0.731231	0.14228	-5.91026	-2.82988	10.5108	9.77533	0.0478708	-4.19208	-1.65485	-2.42998	-3.01884	-1.24816	-4.73751	
-0.531792	-0.135087	0.10907	-0.0317955	-0.914933	-0.671955	-1.4614	-0.0604563	0.633827	-0.861615	-0.891294	-0.106234	1.08297	-0.82516	0.392649	-1.75605	-1.06969	2.27791	1.44191	1.15998	
0.0616775	-0.229403	0.892195	-0.574893	0.742768	-0.459806	-0.194948	-0.492258	-0.798034	-1.37358	-0.621298	2.21349	2.72501	-1.71827	-1.75336	-0.983472	0.451227	-0.0847099	-0.290439	-1.77949	
-0.0606188	-0.236586	0.640262	-1.58944	-0.960181	0.795865	1.01668	0.243572	1.5696	-2.37909	-0.659358	-2.62089	-1.47427	0.827561	0.121233	1.68863	-0.219762	-0.499691	0.179229	1.30967	
-2.24051	0.984198	-3.65137	0.983948	-1.145	-1.82747	-4.06977	1.3911	1.50855	-5.74844	-1.47146	5.94271	6.71363	-0.356296	-1.98434	-0.0126118	-0.7479	-1.246	-2.06337	-4.37082	
-1.89751	1.47896	-1.63725	-0.762763	0.89907	-2.25788	0.00343677	0.81342	1.46005	-1.0217	-0.638612	2.99928	3.64942	-1.04246	-0.667267	-0.829512	-1.01739	-1.97301	-0.564744	-2.1309	
-1.62465	0.0762158	-3.84154	0.415108	-1.44552	-3.10526	-2.55046	2.44391	-1.61378	-4.47087	-1.74547	6.49969	4.70769	-3.71326	-5.14565	0.824264	-2.74434	-1.82686	0.457339	-1.74603	
-2.19286	3.20146	-6.70305	3.38894	-4.44935	-6.16369	-1.96946	1.56536	0.836094	-10.4207	-4.1468	13.1406	12.7101	-0.215372	-5.77632	-1.44175	-3.07437	-2.07435	-1.22978	-7.55725	
-5.26538	3.47919	-7.34375	3.87479	-3.92764	-6.64052	-2.70572	1.76389	0.325224	-9.55738	-3.47768	11.2625	13.2616	0.372212	-6.96615	-1.72843	-4.44238	-2.7729	-0.67139	-8.30289	
-1.30702	-1.24495	-2.90335	1.33896	-1.47581	-2.8364	-1.30183	0.115529	-0.49722	-3.95209	-1.11723	3.21386	4.49815	-0.589828	-4.04316	-1.51525	-1.31128	0.262572	-0.712272	-1.27427	
2.84192	-1.24117	2.14445	-1.41627	2.35795	3.02223	0.934165	-1.86827	-0.552504	3.90988	1.69077	-6.74323	-5.69636	0.00318596	2.85596	0.689051	3.12918	1.72342	1.70252	4.85424	
0.599355	5.46607	-0.423676	2.8153	1.05327	0.0224505	3.8566	-0.943287	5.4507	-5.37513	-1.228	1.20902	5.87397	5.46662	5.35026	-3.99883	6.11536	-0.439329	-5.54952	-7.23886	
-0.10179	0.303934	-2.47757	1.67519	-2.33097	-0.733645	-0.566058	-0.506793	0.87521	-1.7344	-2.54858	1.20456	1.98318	-0.285732	-1.30046	-1.23935	-1.41052	-0.788533	-1.90326	-2.36651	
7.36429	-3.35551	9.32149	-3.17338	4.70026	9.31685	3.44589	-2.72565	-2.11903	14.669	6.04067	-18.9491	-20.7782	2.33543	9.46785	2.16951	3.32002	4.62745	2.84124	10.6837	
2.76554	-0.733426	2.56093	-1.5457	4.05334	2.98948	1.38014	-0.786529	0.404888	6.13124	1.66161	-5.86128	-6.56888	0.0300175	5.84106	2.63662	1.79194	1.31334	1.57437	4.23991	
2.27671	-2.25999	7.34498	-4.19016	5.83304	4.52904	2.45091	-2.68288	-0.789794	8.05294	5.43105	-12.1665	-10.4837	-0.258747	6.06732	1.18299	1.47	3.01212	-0.526539	6.41967	
