1.1415	0.0408277	-0.0436485	-0.555553	0.0840291	-0.157791	-1.24919	1.32612	-0.200087	-1.6472	1.68871	-0.446526	1.34537	-0.951498	0.0550136	1.5223	-0.104327	1.42931	-0.186709	0.695472	
1.12109	0.202631	-0.955342	-1.28854	-0.581142	0.928771	0.988994	-1.26543	0.648595	1.63566	-0.325219	-0.186839	-0.185053	-0.934288	2.30398	0.236594	1.23968	-0.184156	1.10779	0.202555	
-0.144207	-0.723594	2.02934	-1.96172	-1.72347	-0.646687	-0.0964484	-1.05482	-0.27636	-1.75135	-0.042215	-2.06893	-0.0460845	0.0314859	0.830682	-1.16952	-0.27819	-0.139998	-0.998685	2.1968	
-0.213756	-2.15762	2.63115	-0.765573	0.081886	-0.970547	-0.398351	0.975753	1.36238	-0.390808	-0.610147	-1.07733	-0.980014	0.922316	-0.485621	-0.369517	-0.777863	-0.290284	-0.991011	-0.25236	
1.9697	0.361444	0.444558	-0.349046	-3.3797	-0.911575	-2.17685	0.440896	2.268	0.0110129	-1.26017	-1.64629	-0.0653315	0.252805	0.468247	0.709979	-0.947399	0.0883269	1.80162	-1.06027	
0.486845	1.1477	-0.488207	0.744194	-0.207099	-1.44221	-0.428004	0.286789	-1.06769	-0.659543	-1.00953	0.763022	-0.569344	0.463336	0.185125	0.142033	-1.51464	-0.503089	-0.948162	-0.881412	
1.38817	1.90197	1.2358	0.0088219	1.86227	-1.21685	0.594561	-0.444965	0.237841	1.68295	0.388286	0.415123	-1.67431	0.883741	-1.01147	1.12894	-0.663727	1.51293	-0.239209	1.12517	
-1.06983	0.621646	-2.51536	-3.98654	0.264771	-0.729206	0.797137	-0.443391	0.102439	0.329126	-0.843042	-3.49664	0.589611	0.424973	-1.3609	0.114481	2.56245	-2.25056	0.150722	-0.865768	
-1.96468	0.647202	-2.29324	0.381006	0.264795	1.8552	0.877725	-1.65215	-0.294105	-1.11443	-0.280536	1.19561	-0.416376	0.722472	-0.331481	0.290884	1.04167	-1.04464	-0.81955	1.52375	
-0.196307	0.168199	0.691844	-1.4396	0.279521	1.33772	1.15448	0.138974	-1.04426	-0.927206	-0.795724	0.552513	-0.0855571	-0.106804	0.468776	-1.13754	1.00377	0.588581	-0.285374	0.121202	
-0.917566	-0.300459	-0.243296	-0.896683	-1.48231	-1.38564	2.45143	-0.217275	0.368806	-0.669534	1.12571	-0.830104	0.970033	-0.167323	0.167621	0.609076	-0.0554941	0.410979	-1.51361	-0.0698837	
3.64459	-0.235611	1.6797	-6.43669	-8.80426	2.42571	-7.6329	-2.96882	4.395	1.03554	-6.95078	-5.67875	0.446701	2.13698	-0.947157	-2.29622	-4.74102	0.62925	1.69088	-3.66158	
0.154196	2.85672	0.0385886	0.990598	-1.2387	0.312024	0.842064	0.472624	-0.238725	-0.753342	-2.16848	0.735714	0.883429	-1.14614	-1.27269	0.258605	-0.568679	-0.472779	0.047538	1.31019	
-0.938503	1.11909	-0.806761	0.350285	0.791961	0.688756	-1.29283	2.00134	1.13988	-0.522599	1.08929	-1.73772	0.291335	1.13242	-2.30909	0.438219	-1.12031	-0.879881	-0.30866	1.06459	
1.2209	0.591233	0.574131	-1.10715	-0.323437	0.945902	-0.771904	-1.04272	0.603711	-0.246247	0.133417	-1.46779	0.763894	0.430205	-0.49999	1.26146	0.2791	-1.09044	0.93512	-0.933354	
-5.09885	0.139721	-11.0662	-15.1688	-4.82134	0.71781	-0.0808732	-3.61978	1.95349	-1.01373	-2.76422	-13.575	12.1328	2.65694	-7.72563	3.57355	10.9439	-12.1576	-0.918202	-2.28734	
-0.497327	-0.736072	-1.54279	-0.273804	0.263831	2.11972	0.635214	-0.814916	-0.897522	0.239137	1.1034	0.996424	-0.320438	-0.796308	0.418105	1.37533	0.608378	-0.252961	-1.98061	0.768552	
1.82541	-1.47983	4.55251	5.17026	1.80032	-1.51918	-2.08528	2.88505	-1.96399	-0.642208	0.93609	4.35781	-1.45969	-0.997635	4.27508	-2.9553	-3.64826	4.14668	3.00284	1.23255	
-0.0726522	0.788685	-0.0361457	0.713903	1.15615	-0.110659	0.162427	1.38464	1.96138	0.0368557	-0.534037	1.73901	-1.01494	-1.57237	-0.960157	-0.284035	0.26235	-0.0428628	0.324713	-0.183099	
0.819286	-1.70352	0.549733	0.0344879	0.0667387	-1.36474	-0.804835	0.047948	-0.494233	0.392717	-1.60956	-0.298056	-2.09699	-0.00924561	-2.13281	0.199131	0.426194	0.715706	2.25078	-1.35954	
-0.051984	-0.641835	0.819615	0.564939	-0.8678	1.04776	1.3446	0.20858	0.472822	0.972371	-0.394651	1.13238	0.642226	-0.726692	-0.942382	0.465538	-0.628589	0.401168	0.137517	-1.14923	
1.24332	1.05275	0.441439	-0.0881098	1.25188	0.992511	-0.713585	2.12138	-0.0647853	-0.238376	0.777331	-0.303497	0.533713	-0.292696	0.657483	-0.375192	-2.42843	0.0508385	2.25521	0.121774	
0.212777	-1.56011	0.786643	-1.05928	0.794946	0.17904	-2.30637	0.135512	1.3045	1.31255	-1.38978	-0.177799	-0.639192	0.159781	-0.259835	0.630491	-0.346238	-0.631982	-0.211078	0.112374	
-0.182074	1.32933	0.936373	-1.51217	-1.18668	1.34921	1.63468	0.209212	-0.60053	0.601235	-0.772539	-0.0743765	0.366445	1.49262	0.685598	0.399655	0.56627	1.59539	-0.250485	0.476686	
0.373842	-0.898776	-0.901281	0.240417	-0.668336	0.185295	-0.458055	0.868057	0.798442	-0.232364	1.44389	0.167924	0.811285	1.23609	-0.293389	-0.0491338	-1.10151	-0.801008	0.121323	1.27097	
0.150662	0.778521	1.70441	-0.0520546	1.62256	1.31847	-0.209915	-0.398624	1.69976	-2.24461	0.581376	-0.08831	-0.0826448	0.40928	-0.515721	-0.529843	0.618123	0.523368	-1.20236	-0.722516	
-0.810073	0.898678	1.34998	-0.422611	0.262889	1.00027	-0.788441	0.394903	1.58824	-0.778793	-0.576397	-0.401631	0.0999074	-1.43866	-0.721405	0.18696	1.14469	-1.11055	0.0319116	-1.19755	
0.412899	-0.769511	0.806926	0.339125	-0.0566889	0.0222292	-1.16129	1.45914	-0.769039	-2.49807	-0.546382	-0.237574	-0.461214	0.749788	1.62797	2.24565	0.608965	0.118851	1.78677	-0.507026	
1.47591	-0.621949	0.613613	-0.00248059	1.10484	-0.054379	-0.275604	0.553936	-0.703217	-0.347497	1.30508	0.241758	-1.35398	0.00906656	-0.184799	0.291217	0.460644	2.83089	0.376854	-0.0530604	
-0.106248	-0.607711	1.69958	1.62834	-0.424173	1.0439	-2.26171	0.268879	-0.280694	1.14036	-0.715678	0.77381	-0.132671	-0.372511	-1.46993	-1.13573	0.00854262	-1.20962	-0.783768	-1.38787	
0.259135	0.259826	-1.89442	0.667772	0.641853	-1.21409	-2.075	-0.93357	0.958503	0.0699913	0.774814	1.93427	-0.374656	1.41476	0.53311	-0.906315	-0.821724	1.9655	0.576223	0.742462	
-0.467582	0.984904	0.360926	0.786854	-0.439322	-0.0913997	0.291741	1.31154	0.567922	0.146844	0.173236	0.0883658	1.02374	-0.948	0.399535	1.63062	0.944154	-1.73039	-0.622089	-0.542632	
-1.06285	0.206582	-0.520407	-1.26302	-1.07356	-1.35133	-0.314313	0.538604	-0.46913	1.1755	-1.8429	1.76679	-0.629076	0.928888	-0.680145	-0.969393	1.14795	0.462168	-0.188685	0.547063	
-1.01141	-0.373768	-0.673001	0.356171	-1.16893	-0.330975	1.17312	-0.462495	-0.0887555	1.29432	-0.419877	0.194194	0.0676963	1.43421	1.35889	0.722762	0.192683	-0.417559	-0.15817	-2.18832	
1.78373	-0.339022	1.97571	1.7999	-1.067	0.917846	1.36334	-1.01367	-0.331564	1.24317	-0.487072	0.770427	0.383145	-0.533704	-1.77101	-0.826041	0.336692	0.0290808	0.453232	0.974917	
-1.72784	-0.781797	0.164474	0.849474	-1.2949	0.0188789	-0.690129	0.468797	1.11881	0.373568	-0.526372	0.930768	1.76886	0.238519	0.525335	-0.534557	-0.111311	-0.751213	-0.199716	0.97318	
-0.851794	0.180094	-1.10023	-0.461398	-0.759821	0.960344	-0.670325	-1.48209	1.17333	-0.237571	0.766179	0.590904	0.0281723	0.690125	0.137862	1.78877	0.465465	1.45588	0.285989	0.679418	
0.341621	-0.00890897	-0.207287	0.810476	-0.512363	-1.27703	-1.07086	0.0842741	-0.634587	-1.03102	1.71306	-1.67466	-0.241211	-0.364566	-1.59134	0.846025	0.621942	0.00925006	0.583256	0.917983	
0.849555	2.62388	-0.100427	0.250875	2.77125	-3.55775	0.625041	-1.15654	1.883	0.048791	0.542288	0.218827	-0.0697319	-0.396594	-0.169084	0.965143	1.24502	0.402876	2.05744	-0.175585	
2.18535	0.0858599	-1.81039	-0.662433	-0.859945	-0.745072	-0.240675	1.74464	0.0185872	-0.836974	0.893433	-0.467287	0.0928591	0.923177	0.645854	1.72571	0.320035	0.209462	-0.628621	-0.263132	
0.293531	2.57303	-0.647858	1.09761	-0.122303	0.95283	-0.684295	0.610444	-0.149741	-1.41251	-0.392037	0.625196	1.24467	0.208456	1.26435	-1.38627	0.836408	-0.0248814	0.931216	-1.25868	
-2.37615	-0.164313	0.501004	-0.848711	-0.131851	-0.394855	-0.111898	-0.0746773	-0.979507	-0.279127	-1.23256	0.158464	-0.909345	0.660031	0.139398	-1.35564	1.36096	-0.479608	-0.75754	0.26288	
-0.226726	0.0628353	-0.365346	-0.968326	-1.13674	-0.676497	-0.894983	0.547436	-1.14884	0.97909	1.15537	0.779304	1.65654	-0.556212	1.5121	-1.78049	-0.668405	1.1572	1.21767	-0.228658	
1.11679	-1.11888	0.0242327	-1.18862	-0.617426	0.334328	0.464133	-0.0196594	1.00929	2.06155	1.10198	1.03133	1.09428	-1.61897	0.582092	-0.572403	-0.953736	-0.00697335	0.559497	2.00206	
-1.14082	1.40379	0.967252	-1.31609	-1.33644	0.268793	-0.140397	-2.49561	0.622838	0.141839	-0.53689	-0.00986717	-1.37562	-0.326276	-1.66692	-0.191116	1.06722	-0.594349	0.19521	-0.115686	
-1.11278	-0.832081	-0.330765	1.16365	0.0394246	-1.16809	0.579272	-0.241804	1.35744	0.290456	-0.983795	-0.639596	-1.52539	2.1438	-2.31939	-0.347021	-0.413277	0.205611	-0.191751	-0.896365	
0.548136	-1.91148	-1.43071	-0.653811	-1.67791	0.0266135	0.401552	0.352537	-1.14979	-1.99107	1.17837	1.4147	-2.31188	0.153341	0.252108	-0.521431	1.50565	1.3359	-0.691919	-0.234684	
1.25825	-0.532751	-0.275432	1.32297	-0.0415015	-0.989323	1.32924	0.0147859	1.32594	-0.186611	-0.432254	-1.27869	1.45731	0.803455	-0.0238779	-1.05802	-1.39197	-0.792125	-0.179631	0.632703	
0.615156	0.995872	-0.117935	-0.341544	-3.21981	-0.181651	1.56347	2.26297	0.0371824	0.436999	-2.36776	1.38761	-2.16416	-0.241733	-0.0718211	-0.12143	-0.699107	1.48581	-0.0906432	1.48422	
-1.29661	0.233517	0.42673	-0.248196	1.19575	0.0142509	-0.937639	-0.491399	1.71038	-0.0201533	-0.574843	0.627265	-0.237644	0.478059	-1.59389	0.429245	-1.39524	1.21987	0.35767	0.458878	
0.61934	-0.361068	-1.6073	0.246355	-0.0426475	0.707507	0.912479	0.133693	0.109872	-0.410126	0.667753	-0.400308	0.41472	2.47888	0.275106	0.647523	-1.16387	-0.671626	-1.05767	1.68458	
-0.524902	1.41305	-0.408288	0.359246	0.643966	-0.406256	-0.210076	-0.571317	0.55679	1.67827	0.978554	-0.812509	0.877962	0.759777	0.960635	-1.0531	-2.25306	-0.612692	-0.0410715	1.61005	
-0.601374	1.0225	0.46751	-1.31496	1.42638	-0.99297	-0.0259394	0.548121	2.00426	-0.640097	-0.91504	-1.25368	-1.58304	-0.260362	0.917092	-0.571383	-1.57507	1.03762	1.55444	1.36288	
-1.88472	-1.15581	-1.38024	0.0581603	-0.469286	0.784336	0.213935	1.7957	-1.58703	0.621724	-1.13351	-0.916775	-0.0116963	-0.2611	-0.453566	-0.499475	-0.729424	-0.365558	1.28328	0.137483	
-2.22761	-0.908391	-0.0913941	-0.670666	1.65389	1.31971	0.197048	-0.0705868	-1.73125	-0.102312	-0.207248	-1.40009	0.6769	0.455843	-0.0242951	2.06109	-1.75111	-2.12426	-0.147862	-0.589607	
1.82512	0.496483	2.02903	0.950099	0.680692	0.754063	0.630181	0.184373	-0.507869	2.16292	-0.0476225	0.479489	-0.773459	0.222213	1.55195	-0.528126	-1.44451	0.0565949	0.216834	-0.645374	
0.737628	1.55812	-1.08021	-0.719231	0.686215	-0.672738	-1.51231	-0.160386	-0.853782	-1.94611	-1.00189	1.20309	-0.335697	-0.641397	0.716291	0.0712444	0.00676833	-1.03229	1.25102	0.16784	
0.778746	1.15311	-0.838406	-0.48355	0.171719	1.09374	0.382317	1.2718	0.195132	1.06361	-0.932881	-0.741162	0.0711908	-1.39759	-0.466131	-1.06103	-1.1579	-1.01489	2.04161	0.238076	
0.589049	2.54881	-0.749512	1.4308	-1.30644	-0.946452	0.115318	-0.481025	0.538469	0.527392	0.948428	-0.655896	0.798766	1.87149	-0.0710359	-1.47127	-0.00244074	-0.415393	-0.583905	1.08746	
-1.07138	-1.95412	0.0224615	0.978338	0.759943	-0.767614	-0.606857	1.07272	0.456147	-2.00983	-0.0774492	-1.50977	0.877605	0.651441	0.629187	-0.0600383	-0.77653	0.104703	0.226966	0.319799	
-1.46838	-0.95493	0.354785	-1.13269	-0.592323	0.82871	-1.32616	0.589694	-0.818248	-0.496734	0.200024	0.886595	0.351221	-0.0981882	-0.330003	-0.226499	1.76921	0.743681	0.149041	-0.225795	
-2.28502	-0.141	0.693409	1.73541	2.42329	-0.805602	4.61131	-1.15223	-0.590032	-0.380603	2.08417	-0.253293	0.0650786	-2.61231	-0.656488	2.41039	0.816883	0.760736	-0.150801	-0.548862	
2.47454	-1.52439	-0.230801	-0.527987	-0.311274	0.0793283	-1.97982	0.17494	-0.462539	-0.337654	0.938088	0.0692906	-0.0379425	0.050454	0.930178	0.747508	0.487635	1.14821	-0.2965	-0.0969809	
0.0448428	0.276949	1.06257	-2.13911	-0.844531	0.113816	0.162706	0.850417	-0.587941	-1.36283	-0.242075	0.104322	0.984398	-0.0353971	-0.915746	-0.12655	-0.185887	1.98868	1.2709	1.71888	
-1.77346	1.51535	0.828432	-1.49158	0.186833	-1.2278	0.316978	0.933084	0.84895	-1.45116	-0.127993	-0.38901	0.467806	0.673927	-0.0325493	-1.14376	1.5704	-0.150695	0.248694	0.213374	
-0.291432	-0.289251	-0.810455	1.15039	-0.35139	1.59685	0.421276	-1.07757	-0.834301	0.200081	-1.20374	-0.660393	1.72087	-0.892611	0.210637	0.610675	-1.47889	1.10422	0.118072	0.721234	
-0.160724	0.511634	-1.49766	0.800925	-1.50008	-0.250393	1.95054	-1.63366	-0.725289	0.859829	-0.0589115	0.79371	0.157818	-0.233822	-1.0178	-0.463147	-2.85133	0.259888	-1.08133	1.63174	
-1.30052	-0.504783	-1.56864	0.0851247	0.605186	0.691819	1.55111	-0.0569664	-0.635932	0.0332386	-0.611996	0.542271	-1.05375	0.751829	1.47178	-0.069967	-0.576786	-1.33639	0.99262	-1.25144	
-1.20655	-1.00824	0.750149	0.00908379	-0.801708	2.43314	-1.29557	0.0808688	-0.468757	-0.895964	0.484383	1.71319	-0.408472	0.660445	-0.805311	0.182309	-1.30081	-0.491624	-0.469994	-0.268251	
-0.0416411	-0.67475	-2.8797	0.130534	0.575798	0.0563496	1.26846	-0.972815	0.255512	-0.740252	0.480922	-1.78363	-0.33449	-1.18964	0.550984	0.112755	-0.805916	-0.194773	0.302453	1.14261	
1.97869	0.921633	-0.749656	0.437942	0.987101	-2.06131	1.17775	0.562137	-0.516095	1.448	0.332691	-0.745468	-1.9334	-0.228158	0.454954	0.345215	-0.647697	-0.830459	-0.20697	-1.87229	
-1.13534	0.817757	-1.37541	-0.613323	-1.09642	0.373847	-0.00608797	-0.4075	1.34975	1.86053	0.17442	2.17702	0.250135	1.11784	-0.691132	1.39018	1.77201	-1.45249	-1.5779	-0.852038	
-0.151994	-0.264097	-0.239791	-0.576487	0.343738	0.789559	0.625269	0.392934	0.199428	-1.31693	0.912544	0.368439	1.60835	0.280695	0.608406	-0.939307	1.38727	-0.673746	1.3322	0.799568	
1.46524	-1.35643	0.460534	-2.04096	0.740264	-0.454212	-1.21499	0.94434	0.413221	1.14157	0.447619	-0.43273	0.173385	-0.88653	-0.265732	0.898944	0.670518	-1.41531	0.0988302	0.712742	
4.70585	1.32618	-0.570002	-5.07567	-10.808	5.74108	-7.97303	-2.90138	5.8143	1.98482	-5.48655	-6.54504	0.826495	3.6446	-0.96164	-4.94676	-4.44256	0.852864	-0.0616894	-5.23059	
0.663019	-0.531784	-0.193857	1.35237	0.806024	-0.433762	-0.287309	-1.58708	1.15936	-0.92908	-0.209858	-0.837381	-0.388047	0.807327	-0.173775	1.89398	0.00992662	-1.51075	-0.0884929	0.00559159	
0.434706	0.400573	2.04011	0.46055	1.47898	0.807737	0.909062	0.488537	0.359303	0.125066	0.597595	-0.600683	0.674041	-2.25391	0.0779304	0.632357	-0.945373	0.521042	-0.484676	0.0127854	
1.47864	0.54579	-0.00823018	-0.487604	-0.151675	1.81597	-0.659004	-0.22322	0.562742	-0.239566	0.798848	0.376235	0.0336579	1.58369	0.870424	0.368669	-0.0901571	-0.381675	2.0169	0.922171	
-2.30529	-0.467511	-1.70802	-2.74525	-1.12857	1.35366	1.47239	0.0658479	-0.59539	-0.835217	0.963779	-1.93748	0.485596	0.95311	0.010797	-0.301475	-0.119868	-2.73123	-0.295894	0.752319	
0.353377	0.0266683	0.796753	0.780625	-1.95626	-1.25721	0.957033	-0.1115	-0.708152	0.23597	1.48021	1.12319	1.06404	-0.741554	-0.811216	0.675502	0.608755	1.93981	-0.769442	-0.665595	
-2.78425	-0.489491	0.319332	1.65525	-0.672138	0.999316	0.377806	-0.335168	-0.027398	1.03733	0.752839	-0.0943325	0.0748511	-0.971302	0.462999	-0.987194	0.156921	0.00616397	0.85091	0.1807	
-1.4378	-1.1965	-0.270983	-0.267907	0.465238	0.408957	1.04034	0.700302	-0.494478	-1.33608	1.76822	1.11003	-0.00843769	0.724476	0.0440659	-0.778122	-0.185159	1.4421	0.665478	1.02096	
-2.59609	-0.784024	1.10066	1.202	1.40101	1.32037	0.0648252	-0.229862	-0.0402573	-1.69034	-0.0715027	1.78458	-0.416439	-1.39226	-0.912057	-1.21964	0.440888	0.135934	-1.2101	-0.273117	
-0.884444	0.210117	-0.529474	0.350622	-1.89288	0.216571	0.0107159	-0.751771	-0.124995	0.228265	0.486687	1.58466	0.397041	0.47275	-0.354644	-0.394222	0.639651	-1.09966	0.253577	0.114741	
1.31598	0.642784	-1.21923	-0.737459	0.0857432	-0.704285	-1.0021	-0.0777778	-0.0437577	-0.75162	-1.41876	-0.187459	-1.0259	1.18909	-0.852262	0.559399	-0.352289	-0.878219	-1.12331	-0.495702	
-1.09793	-0.572849	1.84949	-0.220379	-2.36851	0.255666	-0.905092	-0.0531486	-0.29391	1.13903	0.686927	1.15731	0.10364	-1.54104	0.142742	0.567072	-0.25924	0.916728	0.745618	1.75329	
-0.896032	-0.746412	-0.845802	-0.77507	0.993816	0.476465	0.599942	0.768166	-1.10086	-0.145744	-1.5977	0.0556179	-0.598392	1.06879	-0.150751	1.22866	0.989749	-0.340277	-0.417723	-1.71324	
-0.795395	-0.785478	-1.41951	-1.1307	1.76177	-1.04803	0.424203	2.17555	0.448766	1.13967	-1.08995	0.307985	-0.825775	-1.16088	0.234057	-0.193523	-0.0215181	-2.53367	0.612437	0.68411	
0.285406	1.29791	-0.55369	-0.277744	-1.05175	0.117155	0.42947	-0.938654	-0.779412	1.34925	0.363518	-1.02392	-1.48107	1.02733	-2.15445	0.118671	1.36658	0.759904	-1.38031	0.080546	
0.111168	-1.05518	1.95583	0.0308766	-1.06857	0.55679	-0.176819	-0.191605	-0.28617	-1.12991	-0.0181453	0.689522	1.80523	0.00723773	-1.95793	0.353876	1.62762	-1.15891	-0.705023	0.51208	
1.32534	-0.652048	-0.14184	-1.35966	-2.41253	2.04069	-3.62152	0.0351724	0.229869	0.809857	-1.16892	-0.554931	-1.39672	1.78377	1.03343	0.564746	0.906747	-0.980466	0.124094	-2.62435	
0.695418	-1.52022	0.0798621	-0.348283	-0.237968	-0.603682	-2.84543	-1.12892	0.109423	-0.233797	-1.62814	0.547882	0.835741	1.05385	1.68662	-0.193053	0.0109244	0.731842	2.14062	1.12862	
-0.73307	0.00379346	0.852392	-0.511933	-0.330522	0.37241	1.16147	-1.03529	-0.927869	-0.194639	1.76935	-1.88492	-0.0129999	1.19915	-0.200726	0.236111	-0.309382	-0.408096	-1.48643	-0.0506471	
0.896718	0.313167	-2.25849	1.90444	2.06366	1.00673	0.293791	-0.211786	0.323519	-0.498263	-0.30172	-2.50047	-0.02843	-1.06935	0.168344	-0.238116	0.313154	0.594841	2.01874	0.800045	
-0.0151332	0.100227	-0.598286	-1.53275	1.01284	1.44645	-0.572346	0.95546	-0.78222	0.0110315	1.38375	-1.6582	-0.912603	-1.79261	-0.637147	0.667001	0.272012	0.247662	-0.87957	-0.887542	
-1.12367	0.643032	0.703661	0.0619867	-0.982818	-2.10617	-0.512581	-0.727265	-1.02335	0.103737	1.23092	0.650278	-0.17504	0.95001	0.379812	1.18233	3.20863	-2.23708	0.118447	-0.910419	
-0.40633	-1.13695	-0.937305	0.115936	-0.388457	-1.17336	-2.37966	0.0335377	0.480128	-0.412156	-0.710314	0.798146	-1.09149	-0.834198	-0.764113	1.33536	0.266461	0.638663	0.151555	1.15964	
-3.65442	0.432674	-2.32807	4.87682	15.8238	-6.20389	9.45469	1.75668	-4.73935	-2.34736	5.06877	9.03237	0.0521183	-5.43753	-0.322276	6.66118	7.47887	-3.0776	-1.4043	4.45675	
1.4019	0.977179	0.284939	-1.15002	0.727635	-0.0977118	0.242102	-0.904527	-1.56084	-0.717727	0.776293	0.783022	-0.404768	1.31156	-0.645813	-1.40184	1.58836	0.710272	-0.852222	-0.405346	
3.58623	-1.39361	2.3694	-3.6093	-8.43055	1.96361	-6.00187	-1.74848	3.34898	-0.774918	-4.66031	-3.55991	1.09046	4.70338	-0.735867	-1.90476	-3.40827	1.88613	1.48701	-4.22702	
-2.58579	0.647188	-6.91635	-9.44787	-1.84933	1.65166	3.62877	-2.07307	1.09327	1.87882	-1.79023	-9.28844	4.49417	1.94812	-5.83851	2.15243	6.11233	-7.89867	0.184789	-4.73316	
2.10252	-1.29483	0.931165	0.860827	0.348308	0.698713	2.3633	-0.100134	0.564688	0.151432	1.18705	0.965607	0.525503	-0.95854	-0.109389	-0.551021	0.804623	-1.1966	-1.5487	0.41872	
-1.94186	-0.8105	-1.0272	-1.54071	-0.495961	0.284358	0.492132	0.744528	-0.510041	-0.847152	-0.504206	-0.885752	0.145139	1.04134	1.71241	-0.433718	-0.428425	-0.350219	-0.809945	-1.01913	
-0.35404	-1.87038	-0.0961287	-1.39218	1.95718	-0.312946	-0.957361	2.52832	0.0808112	0.281668	-0.603233	0.606412	0.312976	-0.417255	0.353101	-0.476196	-0.745037	-0.289138	0.206536	0.452582	
-0.449996	-0.217782	-0.367524	1.56594	1.49265	-0.0406603	-1.05212	-1.18834	0.864251	1.55503	-0.603098	0.587806	-0.657024	-0.1348	-0.360248	-0.546	-0.431387	-0.0632833	0.297727	0.756055	
7.90621	5.90602	-4.10775	-3.92218	3.14917	-0.348681	-1.33618	-3.63273	1.22075	3.10138	-6.95145	-5.95723	-3.54807	5.31344	2.73246	-0.0536687	-2.13755	2.72272	0.461288	-11.6433	
-0.109979	0.139309	0.588242	0.668883	-0.401169	-0.0460633	-0.083602	-0.0245642	1.66067	0.887636	0.250964	-0.196474	-0.248203	-0.560009	-1.62731	1.43598	-0.222327	-0.89281	-1.21228	-0.597542	
-0.113636	1.2751	-0.0897857	0.424466	0.76832	0.989254	-1.53719	0.959203	-2.73815	-1.26011	-0.480416	-1.0589	-0.297374	-1.61601	-0.327946	1.30467	-1.02607	-0.20637	0.258799	-0.411926	
-0.431737	-0.505647	0.536627	-1.10225	1.42867	1.0617	0.677542	0.554783	-0.0237888	1.5976	0.317005	-0.392185	-0.452857	0.211809	0.0975456	-0.206668	-1.53135	0.624144	0.463351	0.351769	
-0.17743	-0.739662	0.0788378	1.06306	-0.802329	0.392195	0.824359	-0.183387	1.09431	-0.00328618	0.325617	1.94579	0.225065	-0.211654	2.15143	-0.323582	0.133551	-0.552219	0.123558	-0.387142	
-1.64427	-0.257599	-2.74486	-5.11238	-0.762135	-0.290436	1.66274	-1.22843	0.776589	-0.468195	-0.780442	-4.27994	1.88179	-0.968953	-1.63804	1.48121	1.39294	-1.37923	-0.728682	-0.600806	
2.77028	-2.14848	-1.20033	-3.68362	-1.92528	0.613073	-2.69319	-0.0743335	2.15674	-2.24977	-1.97479	1.8386	1.52205	-2.82419	-0.0878956	-0.903197	-2.12025	0.230434	-1.10223	-2.97764	
0.146451	1.58807	2.19755	2.24613	-1.41136	-0.045989	1.1228	1.93791	-0.022153	1.79406	0.933489	-0.916237	0.26036	-1.05741	-0.47251	2.25038	1.23178	0.0573992	-0.0542606	1.50778	
0.859351	1.02737	0.673968	-0.173795	1.62686	-0.374334	0.762449	-0.993148	0.835448	-0.152125	-0.211982	-0.173966	0.135733	-1.7412	1.09033	-0.475162	-0.492971	0.585702	-0.486797	0.0400192	
0.320348	0.916216	1.19685	-0.220056	-1.02457	0.0824366	0.0732928	1.39946	-0.0447137	-0.961952	-0.125887	-1.10945	-0.684693	0.663483	0.137961	0.06304	-1.28907	-0.820903	0.282793	-0.0227186	
-2.47849	1.44614	1.06049	1.31092	0.693982	-0.486625	-0.817529	1.05524	0.590776	0.458098	-0.221215	0.852057	0.975665	-0.61167	1.37139	-0.744373	-0.267763	0.284114	0.50276	1.07465	
5.16219	0.479362	8.5228	13.1066	3.17815	-1.47026	-2.96377	2.00836	-1.86226	2.4476	1.32891	8.78059	-9.32727	-1.32277	3.0354	-1.69908	-8.04631	7.74233	1.55056	2.83071	
0.149846	-0.06538	0.223071	-2.45605	-0.922258	0.59773	1.26286	-0.46831	2.72111	-0.391084	1.55584	-1.28492	0.481272	-0.247696	-0.00757066	0.407804	-0.0675768	0.327456	1.18708	-0.241931	
0.348932	-0.483873	-0.915366	-0.134407	0.160003	0.0773988	-1.16737	-0.565004	1.10155	-0.628206	-0.210231	1.01582	-0.381527	0.186556	0.954156	-0.66703	0.374413	-0.452018	-0.604463	-0.173614	
-0.267262	0.396759	1.39067	0.705645	-0.601895	-0.672562	-0.151603	-1.51647	1.19983	1.06971	-0.144354	1.26656	1.39856	-0.670959	1.68359	3.16959	1.04425	-0.89713	0.693391	-0.949686	
-0.813739	0.386854	-1.20419	0.00871969	-0.935057	2.11998	-0.836834	0.54818	0.58247	2.03706	3.20255	-0.568824	-0.148041	2.07317	0.44511	2.646	1.68781	-1.9835	1.67319	-1.16666	
-0.840489	-1.62912	-0.434086	-1.44537	0.137574	1.22247	0.424516	-0.149562	-0.882411	1.16169	-1.38005	-1.02657	0.320339	1.24765	-0.273407	0.0424897	1.78189	0.477055	0.553819	0.828519	
0.240914	-1.79906	1.00014	-1.29005	0.392922	0.39065	0.0467124	1.649	0.114755	0.545822	-1.85803	-0.201959	-0.0530909	1.31482	-0.633909	-0.371894	-0.844962	-1.67413	-0.0112889	0.371542	
1.31971	-0.985989	0.081977	-0.725159	0.54937	-0.930903	0.492683	-1.03699	0.332977	0.0532329	0.589428	0.000683389	-0.734938	2.23487	-1.64943	-0.0865383	-0.129112	-0.46904	-0.423878	-0.625052	
-0.12082	-0.250609	1.38307	1.34529	0.497709	-0.409595	-1.00956	-0.29589	-1.30221	-0.99661	0.537036	0.630368	0.252827	-0.231577	0.201901	0.425583	0.307213	-0.333204	0.943515	-0.428315	
0.654929	-2.89497	-3.62132	-3.55132	-5.2391	-0.0179678	-1.79892	-1.13414	2.09347	-2.64594	-2.42969	3.10857	1.9038	-4.28754	-2.8048	-1.68598	-3.43551	1.43822	0.824681	-2.09235	
4.7307	3.73242	-2.34721	-2.18183	0.970886	-1.09761	-0.813757	-3.31795	3.06301	2.22637	-4.50087	-3.44664	-0.533265	2.76982	5.88436	-0.174803	-1.58006	1.80183	-0.0925664	-5.81407	
-1.7957	1.26957	3.25552	4.1548	0.59588	0.584919	2.16283	2.09005	-0.575765	4.58487	1.53952	-2.8892	-2.0612	1.70208	0.149773	2.93569	2.47358	-2.17166	0.695855	2.03323	
-1.94906	2.4189	3.28161	2.25136	2.45674	-0.702681	-0.104647	1.80644	-2.39842	4.51765	0.728934	-1.82925	-2.23657	3.84241	0.90223	2.12135	3.08151	-0.989868	-1.91794	4.84482	
0.185296	-0.26376	0.729095	0.921886	0.86078	-2.50643	-0.185834	1.20279	0.469483	0.141641	0.121245	-0.882808	0.642525	-0.512027	0.0265639	0.750569	-0.99332	-0.781303	-0.356641	2.38721	
-5.7478	-3.06466	1.81453	3.58458	-3.13974	-0.290708	0.95339	2.23165	-0.703719	-3.4116	5.38728	3.85044	1.62492	-3.2969	-4.67611	-0.541568	1.93582	-3.21843	-0.580832	8.02341	
-4.88391	8.00289	9.31301	10.4702	7.6771	-0.352949	1.51649	3.93356	-3.27907	9.20671	3.36922	-8.39104	-6.50858	10.5827	0.609807	6.91904	7.57421	-3.23448	1.84144	10.2481	
-0.0782784	-1.46003	1.32096	0.409677	-0.932467	0.183212	0.437645	-0.582147	-1.84859	-0.100964	1.53212	0.562813	1.41561	-0.719866	0.950013	0.0320785	-1.80109	-1.19715	0.868406	0.687359	
1.40251	-0.0383464	1.09409	-0.247464	1.02633	1.71058	0.754529	-1.71704	1.23311	-0.9535	-1.63403	0.50866	-0.00200648	0.875844	-1.54218	0.303633	-0.596787	0.550983	0.421174	0.510375	
-1.64819	0.302053	1.08621	0.266752	0.857163	-1.04077	-0.681524	-1.00202	0.9295	-0.190483	0.510129	-0.694233	0.475635	1.11094	0.117307	0.65396	-1.94183	-1.57298	-2.47018	-1.95591	
1.1212	-0.399481	-0.702719	-0.412351	0.450518	0.547327	-0.396956	0.808872	1.58097	-0.858982	-1.69961	1.11215	-0.483749	-1.22666	1.50373	0.490402	-0.584492	-0.400719	-0.0937103	-1.55805	
0.478352	0.0978997	-0.16336	0.0663798	-1.1372	0.398362	-0.959204	1.29902	-0.278762	0.466383	0.776002	-0.950674	-0.404775	0.325407	1.59405	0.460546	1.49338	-0.619723	0.461646	-0.8969	
-3.02198	0.489645	-5.97489	-10.6623	-2.43074	0.815559	1.62352	-0.937823	0.310524	-1.01618	-0.521104	-6.15917	6.48999	2.24753	-3.2953	2.63676	7.13574	-5.99484	-2.82361	-2.42358	
1.6693	0.169487	0.07066	0.879119	0.292428	0.00368823	-0.0801496	-1.3598	0.4088	-0.774336	0.0381436	1.48519	0.706071	-0.778227	1.66016	0.0921262	-0.682038	-1.42977	-0.529025	0.548544	
3.02591	6.90782	-4.34156	0.400111	-0.0470811	9.21524	-3.21735	15.4399	-0.276443	15.2234	6.06724	-3.1099	-6.75654	9.60801	8.32895	6.90792	7.73289	-7.20478	11.0223	-10.9111	
-0.79059	1.30674	0.227435	-0.4439	1.73551	0.526401	0.715401	0.907583	-0.19536	1.44499	-1.38621	-0.116904	0.557258	-0.123819	0.0523502	-1.80142	-0.797534	0.567485	-0.387284	-0.20645	
1.36122	-0.252327	-0.386639	0.18414	-1.14456	1.91234	-0.832893	0.81296	-0.449921	1.05027	-0.687605	-1.12586	1.18292	0.396769	2.49747	-0.25994	1.79582	-0.59026	-0.613606	-0.893179	
0.573205	-0.158157	-1.57847	-0.117228	0.996548	0.643311	0.166405	-0.692805	-1.06942	-1.96031	-0.300468	-0.373349	-0.532145	0.420929	-0.790923	-0.172488	1.34743	0.535566	-0.168255	-0.0369294	
-0.334089	-0.802231	0.0952103	0.633642	0.490906	-0.415368	0.200912	-0.727549	1.49451	1.80289	0.214664	-1.03519	-0.790467	1.49389	0.733479	-0.166288	-1.34537	-1.07677	0.48144	-0.117013	
-0.0125462	-0.334829	0.414988	0.0966748	0.13453	0.399487	1.80953	-0.547402	-1.0128	0.34548	0.578268	-1.80138	1.11464	-0.147553	-0.584463	-1.19753	0.0578257	1.84269	-1.21781	-0.740702	
-1.71326	0.816099	1.95205	0.263383	0.266377	0.0989996	-0.359499	1.89042	-0.0824803	-1.90091	0.838607	-0.311317	1.66109	0.274518	-0.0377	0.158687	1.84122	-1.63672	0.670906	1.10135	
0.650759	-0.227606	0.729765	0.74502	-0.534383	0.76516	1.36751	1.67239	-2.38675	-0.390601	0.596139	1.19925	-0.0469082	-1.07279	-0.498836	-2.02591	0.0529234	0.810953	-1.28773	-0.741076	
0.152737	-0.0965084	-0.512162	0.949172	-2.0013	-0.559354	-1.33177	0.366391	-0.418918	-0.815373	-0.304192	0.297518	-0.576687	-1.44146	0.779038	-0.321403	0.833737	1.62924	-0.304123	-0.50191	
0.344319	-2.65912	-0.370564	0.915499	-1.657	0.208318	-1.47223	-0.946442	-1.94282	1.37122	-1.00864	1.87191	1.54611	-0.197758	-0.239292	-1.19706	2.9936	-1.83182	1.98297	0.940705	
0.73313	-0.991809	-0.0033091	-0.963692	1.12032	0.439847	-0.809689	0.225138	0.345187	-2.58066	-0.823713	-0.490082	-0.513528	0.284809	2.1051	-0.818769	-1.37376	0.480113	1.17237	0.762789	
-0.951798	-1.73888	0.920255	0.280637	-1.00537	1.22933	-0.680191	0.505598	-1.2123	-0.750476	-0.149571	0.0417871	-0.21538	-0.334957	1.08035	-0.428942	-0.550888	-1.74788	-0.23058	0.222805	
-0.167254	-0.254731	-1.16525	-1.58743	1.21362	0.118644	-0.240682	1.34917	1.62132	-1.10526	1.84306	0.698717	-0.592594	0.0401123	0.874603	1.56767	0.585595	-0.571349	-0.291774	-0.115068	
0.572722	-0.502543	0.0985399	0.529755	0.599423	-2.44721	-0.944369	-0.417362	-0.894861	-0.515796	1.90868	-0.126078	-0.040537	1.46877	0.484949	0.0597724	-0.30672	0.17872	0.930991	-0.44776	
8.78534	6.22049	-1.40359	3.22216	3.53875	-0.637115	-1.77103	-2.1755	2.0965	6.29047	-6.84521	-1.31814	-4.39064	7.37585	6.23151	-1.47094	-3.96545	6.99365	3.3725	-10.924	
0.347126	-4.32658	0.199702	0.934847	0.256799	-2.66074	0.44892	-6.32117	-0.144556	-6.64568	-2.2778	1.5059	3.45788	-3.85094	-2.39785	-3.19525	-4.28226	4.42997	-4.17276	3.87805	
0.720169	-2.04063	0.00821106	0.0327385	0.813229	0.523724	-0.27026	-0.510449	0.557343	1.67999	0.857737	-1.19114	1.07271	1.18239	-1.12316	-0.220195	0.433879	-0.808942	-0.00536254	1.63385	
1.10334	-0.868698	1.04016	-0.787934	-2.04309	0.885811	-0.857246	0.781011	0.493009	1.46464	2.54673	0.686987	0.432697	-0.634913	0.205792	-1.57774	1.4544	0.100268	0.612304	0.817318	
-0.688428	1.73023	-0.89758	1.43225	-0.437576	0.775528	0.0628746	0.823505	2.39891	0.456545	1.25802	0.425902	0.102113	-1.39514	0.421348	2.47656	0.0286583	0.125952	0.420789	0.845105	
0.708178	2.01643	0.314418	-0.302656	-1.41944	-1.56068	-0.758315	-1.80538	1.31665	0.0804686	-0.951344	0.653879	-0.689242	0.991284	-3.02263	-0.985086	0.217666	1.08635	0.505538	2.02858	
-0.381453	1.19603	-0.287153	0.147813	-1.44029	-0.661982	-1.54812	-0.140899	-1.40645	1.11381	0.810151	-2.74827	0.65426	-0.106379	-0.32406	0.876785	-0.145917	2.4517	-2.18116	-0.644092	
-0.100266	0.567922	-0.493313	-1.50961	-1.42705	-1.17617	1.11567	0.552199	1.9406	-1.66952	-0.0681471	0.59596	0.624023	0.279298	-0.061686	0.550625	0.179954	0.644531	-2.61948	-0.221065	
0.357531	0.35502	0.267221	0.410608	0.21118	-0.107127	0.41247	-0.318079	0.606968	-0.764075	0.600148	-0.561054	0.613691	-1.29408	0.131849	-1.34381	1.85464	1.10794	0.0593762	1.12337	
2.82054	-0.0570646	5.21033	8.30763	1.90279	-0.0874163	-1.51146	2.68512	-2.37195	1.37708	1.77689	7.03491	-5.61472	-1.0458	2.12258	-2.68595	-7.06996	6.02901	2.53463	2.61192	
-0.977643	0.267486	-0.690033	0.650933	-0.678034	-0.4203	-1.64691	-0.495043	1.15665	-1.06436	1.82573	-1.05575	-0.711764	0.517244	0.793466	-0.382676	-1.07357	0.177218	-0.0822937	-0.941649	
-0.428353	-3.01125	-0.905806	-0.827005	0.966091	1.31883	-1.171	0.00747102	-0.172075	0.0966144	0.700809	1.20559	0.819825	-0.546496	0.0989453	-1.09661	-0.222582	-1.63673	0.813685	-0.158031	
1.33194	2.41317	-0.452541	0.291895	-0.00126489	2.45934	-0.129856	2.60672	-0.0726473	2.87014	0.752067	-0.473042	-0.959528	-0.536688	0.561732	1.2795	0.875574	-2.2274	1.52639	-2.3733	
-1.8542	0.994832	-0.602693	-0.0247043	0.0927882	-0.828708	0.543266	-0.418778	-1.18638	1.45305	1.86095	-0.927698	-0.463359	-0.262484	0.109316	-0.772842	0.366505	-1.95028	0.0735662	1.29883	
1.72416	-0.302827	0.901269	-1.22005	1.5423	0.51459	0.468836	0.532238	0.063192	0.545286	-0.964453	0.0524169	-2.02143	-1.25558	-0.61514	-0.768492	-0.800898	-1.77524	-1.74428	2.44638	
-1.5544	-1.24435	-0.196176	-0.143321	0.471974	0.288797	1.24851	0.478286	-0.0609617	-1.41846	-1.17643	0.856561	1.08268	0.715885	0.848861	0.645111	0.398454	-0.283355	0.697712	0.870465	
-3.26103	0.244337	-9.28233	-10.8512	-2.75548	1.12552	2.25289	-2.68299	-1.31008	1.54794	-3.12618	-7.93778	5.45508	2.10951	-4.05259	2.63577	7.84259	-6.57609	-1.01685	-3.65581	
0.492295	-2.19828	-0.301708	-0.0807762	-0.272583	0.417965	-0.198407	0.636058	-1.86468	0.0449266	-0.783147	1.02851	-0.4896	1.49753	0.0486356	-1.84882	-1.1868	-0.518656	-0.743218	0.31882	
1.44126	1.86947	-0.193499	0.114277	-1.30002	0.015416	0.303614	0.42454	-0.481886	0.718786	-0.930217	0.291978	-2.23851	-1.07311	-1.11664	-0.644852	0.432645	0.647857	1.39444	0.363441	
-0.947397	0.77523	-0.966364	-0.547087	0.764624	0.277057	-0.267521	1.04566	1.23375	1.93166	-0.152288	0.320829	-0.469906	-0.771459	0.976244	-0.290201	-1.69527	-2.0926	-2.25178	-0.253805	
2.89638	-3.69441	-4.05333	-4.74105	-2.79342	0.387644	-4.00669	-1.32943	1.22957	-3.3277	-3.1896	3.18464	3.08725	-2.66223	0.353735	-2.48975	-3.52528	0.719745	0.522675	-4.1239	
-0.0971583	-1.90433	-0.691516	-0.310187	-1.40306	1.22006	-0.0207278	0.576936	0.220648	-0.625915	0.420434	-0.105528	1.64214	-0.432176	0.192523	-0.402045	-1.04047	-1.01645	-0.614484	0.602423	
-4.25478	1.42454	1.74683	4.42304	3.2525	-1.22637	-0.266155	1.66833	-2.23649	4.8343	3.80931	-4.42523	-1.91683	3.55837	-0.136989	2.23637	2.60661	-2.398	1.32441	2.56318	
-3.60349	2.71549	4.8203	2.55356	2.95116	-1.86722	2.05958	-0.236351	-1.36038	2.85887	-0.515138	-3.62685	-3.51862	4.01147	-0.352523	1.07514	3.73243	0.0706696	-0.612089	4.99224	
0.531744	-0.806658	-1.40634	-1.46765	-0.252134	0.689144	-1.03099	0.171695	0.578979	0.44524	0.358229	0.480951	-2.01914	-2.37313	0.347026	-0.426383	1.78258	0.371995	0.723862	-2.7182	
0.359167	0.0652003	-2.28665	-0.189052	-0.724576	-0.934259	0.111706	0.200799	0.470048	-1.04183	0.99149	-0.638234	0.0764314	0.0867794	0.305863	0.0727339	0.273079	0.0600954	-1.18063	1.85162	
0.575709	0.80924	-1.85956	-1.27658	-0.279664	-1.29271	-1.10892	1.26841	-0.0573166	-1.19676	-0.659607	-0.704722	-0.0199007	-0.853572	0.303072	-0.319354	1.75332	0.0445521	-0.186808	-2.92377	
0.138594	-0.397499	-0.0912435	-0.828796	-0.583885	-0.3541	0.44429	0.568234	-0.986841	0.130165	-2.75322	0.124498	-0.208092	-0.78504	-0.606482	-1.54835	-1.70151	-0.290369	-0.727838	1.08987	
-0.432865	-1.84466	0.395566	0.114115	0.387688	0.352704	0.728098	-0.933055	-0.00933504	-0.2715	-0.558732	0.404622	-1.35194	-0.141447	0.704871	0.157819	1.27904	-1.28257	0.639635	1.36833	
-0.627841	-0.609205	0.62595	-0.301026	0.296542	-0.484041	-1.55197	1.34836	-0.517607	-0.961409	0.478469	-1.07169	-0.42367	0.763657	-0.529028	-0.414877	-0.357721	0.23309	0.62371	0.0917563	
-0.213502	-0.974913	-1.58211	-1.57031	-1.20638	0.0965974	-0.194287	-1.02792	-0.0569711	0.892447	-0.316522	-0.935279	-0.165741	0.0506832	-0.201562	1.04097	-0.629673	0.890725	1.73749	-0.608081	
-0.19654	0.605829	0.69613	-0.366223	1.8319	-0.786183	1.63884	1.09986	-0.504518	-0.0735259	-0.79304	-0.909196	0.15987	-0.674994	0.762909	-0.931648	-1.29036	-0.90158	1.24335	0.28123	
1.14822	-1.75278	-1.07826	-0.042673	-1.10039	-0.150224	-0.476254	0.972203	0.710753	-1.87638	-0.336944	-0.0385661	1.46913	1.24474	1.59714	-0.199239	0.919603	-0.00315455	1.54538	-0.700179	
0.73927	-0.981084	0.33462	-0.634455	-0.0570394	0.628297	-0.0685506	0.441962	-1.38449	0.334956	-0.929348	-0.549312	1.46536	0.337799	-0.185828	-0.967752	-0.845935	-0.605901	-1.52975	0.437832	
0.160102	-0.291876	-0.0377266	1.05809	-0.919161	-0.112676	-1.54343	-1.11454	1.30784	-0.488764	1.37173	-0.897642	2.92236	0.0111869	0.5857	0.62063	0.26192	0.547961	-0.276549	0.68697	
6.64104	-13.159	-15.5474	-18.7924	-10.5859	0.74136	-3.40859	-5.12587	5.0034	-19.3453	-6.43832	11.7856	10.298	-17.4851	-2.0798	-12.2008	-13.8209	3.16824	-0.510912	-15.0304	
2.81657	-0.643938	7.46098	10.4929	3.80676	-1.16797	-1.60693	2.70944	-1.01267	0.908618	2.20383	5.99689	-6.08238	-0.192962	2.68182	-3.96642	-8.55512	4.65819	1.03059	2.56423	
0.214858	1.32494	-0.144114	0.397256	1.00218	0.352556	-1.11384	0.0173897	-1.20504	-0.412091	1.23843	-0.729177	0.287214	0.855585	-0.00874411	-1.44565	0.0714938	-2.04839	2.00991	-1.17831	
-0.148669	0.921619	0.945131	0.300993	0.299036	0.444719	0.967188	0.310421	0.677014	0.0905874	0.220779	1.94925	0.349619	0.307217	-0.587478	0.162608	0.760935	1.95129	1.84786	0.572876	
0.631366	-0.732626	-1.62664	-0.59499	1.03743	-0.87851	-2.14487	-1.10339	-1.1927	-0.129498	0.809499	0.589855	0.573214	1.61086	1.90973	-1.58158	0.0193503	0.572348	-0.542376	0.696088	
0.938827	0.388434	-1.78667	-0.419063	-1.67734	-0.0417588	-1.82761	-0.626784	0.465497	-1.07257	2.37205	-1.63574	-0.834801	-1.20025	-0.554657	-0.675921	0.849879	-0.43163	-1.3029	-0.0293838	
-1.56286	-1.73978	0.340266	1.33784	-0.788917	0.246064	-0.677391	2.04653	-0.471737	-2.23818	-1.24064	0.335292	-0.445394	-1.05842	0.431395	0.365509	0.0787186	-0.00533049	-2.75592	1.55534	
-0.14301	1.59313	-0.757405	-1.79069	-1.52453	0.875298	-0.263661	-1.1203	1.27275	0.525202	0.236921	0.476261	0.290947	-1.5296	0.187805	-1.30694	0.851546	0.0946621	-0.508149	0.539378	
-0.303537	1.78321	-1.0261	-0.310686	-1.72343	0.253759	-0.314473	1.55503	0.800678	1.87631	1.75402	0.042651	-1.73555	1.9938	1.8526	-0.980278	1.16863	-1.95977	2.20471	-1.59327	
-1.39713	1.3714	1.23004	0.810183	-1.13978	1.57018	-0.0125584	-0.58219	0.285073	-0.710307	0.767312	-3.39229	-1.64407	-0.427274	0.515476	-0.292919	-0.0123933	1.47874	0.579414	-1.6313	
0.319448	-1.90917	0.664796	-1.54867	0.235355	0.052684	0.244857	1.42297	-0.393988	-1.1228	-1.02095	0.252992	0.513918	-0.928729	0.0908205	-0.376144	0.736102	0.470675	-0.612863	1.02708	
1.05933	1.28584	4.52478	7.71291	2.95382	-0.30536	-0.521552	0.536389	-1.83406	-1.86632	2.34259	6.58006	-5.40131	0.466669	3.43698	-2.03818	-4.8697	3.29638	-0.249702	2.64548	
0.560057	-0.262593	1.86542	0.937884	2.92816	2.64279	0.296288	-0.352584	-0.0322807	-0.713922	-0.692165	-0.587926	0.0700118	-0.217302	-0.594507	-1.10733	2.60063	-1.96133	-1.44226	-0.393167	
0.183079	3.45185	0.0283856	2.3118	0.204219	4.35954	-2.86839	5.25459	0.291895	6.08623	2.44636	-0.529839	0.303057	3.5944	3.23415	2.58495	4.88337	-3.38769	2.81689	-3.30039	
0.184925	0.805215	2.42144	0.0108295	0.292301	1.12817	2.30936	0.498762	-0.0078236	0.185853	-0.661475	-0.834497	-0.235081	0.882021	-0.0608235	0.673454	1.7859	-2.12121	-2.76283	1.64891	
-0.987655	-0.321572	-3.75798	1.97293	1.12746	-4.0203	-0.398129	-0.17836	-1.17737	5.2462	-4.50286	-0.960065	-1.60509	-2.09682	4.409	8.19345	5.43104	3.10629	-5.8743	-5.33285	
0.995146	1.00021	-1.21071	-0.710181	-0.47025	-1.04415	0.317177	-0.00462317	-0.309395	0.609543	1.36112	1.76508	-1.23647	1.17217	-0.0568773	0.0489904	2.57485	-2.03647	-0.145788	-0.772273	
-0.781967	0.394076	-3.64528	-0.489493	-0.17706	-2.60223	-0.0751875	1.82501	0.216623	1.74391	-2.2925	0.703986	0.219501	-1.62025	1.11397	1.16085	1.21554	1.42447	-1.25791	-3.12	
0.333706	-1.02173	0.560835	1.07562	1.80825	-1.83063	0.0772143	-0.264741	-0.0806834	1.18283	-1.151	-0.219337	0.361996	-0.26325	-0.993558	-0.391137	-1.19891	-1.06648	-1.71825	-0.242268	
-1.58684	1.21546	-1.00961	0.212029	0.876058	0.76028	0.629872	0.368956	0.195827	-0.801624	-0.767929	0.555366	0.250389	-0.2081	-0.663451	2.50324	-0.0933548	0.403761	0.43842	-1.22203	
-0.0024327	-1.30089	2.57347	-0.949231	0.751469	2.90935	0.443406	0.0191168	-0.184065	0.437165	-0.869044	-0.279621	-1.1616	1.10384	-0.945406	1.89184	3.48195	0.428623	0.994774	-0.017951	
0.960419	0.8599	0.248748	0.605846	-0.439455	-1.27056	-0.546592	-1.63837	-0.4131	0.833733	-0.639603	-0.770902	0.307475	1.08331	-1.65031	-1.89452	-0.148143	-0.481882	-0.616521	-1.15808	
-0.541286	2.07267	0.826378	0.264817	-0.479538	-0.279241	1.01589	-0.0232866	0.0980565	-0.275123	0.19979	-0.760959	0.669824	2.11843	0.149062	-1.29663	-0.669205	-1.58551	-0.120961	-0.505794	
0.274309	-0.829832	0.584881	-0.049739	0.330788	0.715759	-0.162636	-1.09136	0.488125	-1.27547	1.01854	0.126389	-2.20328	1.18239	0.714904	-0.651856	-1.48408	-0.386489	0.269061	0.583069	
0.884527	-0.836264	0.318472	-0.472514	1.45936	0.499691	2.0089	0.244239	-0.133629	-1.36166	1.86102	0.529855	0.339458	1.55162	-1.70769	0.743525	-0.407907	0.045208	-0.771291	-0.887405	
-0.972329	1.05254	1.44967	-1.45899	-0.143656	0.652049	0.398123	-1.56785	-1.06032	-0.848101	0.359033	0.355926	0.250501	0.578125	0.65078	-0.918343	-3.38172	-1.24603	-0.723103	1.31602	
5.23253	2.30222	11.3505	-4.71975	-1.63251	8.39263	-1.86701	1.57589	3.63473	-12.5089	7.96821	0.889542	1.13027	1.27793	-11.8974	-12.2724	-8.95482	-1.70487	10.8405	13.2292	
-2.05131	-0.812645	-0.323023	-0.76049	0.454943	1.35924	-0.455431	-0.484484	0.537171	0.667797	1.03333	0.394468	1.69692	-1.51494	-0.30492	1.653	0.0258334	-0.623504	2.01382	-0.978176	
1.14785	-0.523123	-0.535853	1.11783	0.34488	0.817273	-0.771266	-0.605333	-0.57144	0.857347	0.577919	-0.910038	1.96264	-0.234168	0.817725	-0.0714618	0.664819	-1.31802	1.15676	1.5837	
2.52	7.98147	4.3944	1.01678	0.673739	13.1603	-3.77139	11.2466	2.43984	1.25354	12.3176	0.956521	-3.72496	8.41735	-2.77414	-3.96488	0.921264	-8.26027	13.9311	3.98335	
-0.147238	1.75636	-0.943873	-0.0387181	1.29962	3.82278	-0.785932	5.21478	0.132989	3.15946	3.67406	-2.00746	-1.8126	1.23861	1.2289	1.81985	2.44229	-2.02505	2.33344	-2.84312	
2.08855	0.577352	2.04917	0.719964	-0.0402815	0.145487	-1.11674	0.579679	-0.0210993	-1.20671	-0.47853	1.28	-0.349758	0.055362	-0.252938	-0.309135	0.396962	1.07336	0.313098	0.569004	
1.30861	-0.143066	1.88289	-0.489611	1.12766	-0.0742891	1.75909	0.705415	-0.0657707	0.0221798	-0.0768818	-0.883351	-0.753945	0.931191	0.177468	-0.747588	0.988455	1.48258	1.39529	-0.126827	
0.850735	0.266487	-0.753944	-0.989716	-0.30609	-2.30436	0.201066	1.09632	-0.848166	-0.0545575	0.518541	-0.44857	1.52604	0.159209	-0.257804	-0.360899	0.389254	-1.2772	0.62548	-0.496863	
0.652458	0.85451	2.38939	-0.5281	-1.61741	2.21825	-0.0542626	-0.355956	-0.0942709	-2.13012	3.0994	-0.226303	1.84827	1.38797	-2.59798	-1.86779	-3.09725	-1.6033	2.84053	3.5362	
0.991386	4.11808	-0.859444	1.67656	-1.02765	5.98426	-2.02339	9.91887	-0.586587	7.95487	4.17389	-1.65575	-2.03129	3.21713	1.80598	5.40031	5.3475	-4.25744	4.70516	-3.71568	
1.08962	0.918213	-1.66855	-1.21292	0.00345891	1.33314	-0.0277097	-1.54334	-0.538354	1.81549	-3.46088	-3.87481	-2.97895	3.34948	1.1575	-0.751995	-0.320021	2.82523	1.05997	-4.58213	
-0.388691	2.00199	0.14034	0.110191	-0.929343	1.90329	-0.672281	-1.43521	-0.702041	-0.989737	2.4695	-0.284389	0.757343	-2.21109	-1.69797	-2.61931	-0.371015	-1.24941	2.12225	1.95388	
-0.769814	0.349287	0.237671	0.348712	0.0442392	0.06948	-0.850694	-0.0724717	2.18727	-0.430614	-0.976593	-0.706812	-0.405439	-2.39779	0.664005	0.384079	-0.744212	-2.09643	1.1701	-1.25905	
0.660884	0.539125	0.219032	1.08147	-1.84375	-0.711924	-1.13805	0.645816	-1.35147	0.605621	-1.0692	-0.24712	-1.29456	0.0128968	1.71395	1.1144	0.268784	1.45814	0.406441	0.717194	
1.50636	0.282103	0.542661	1.3555	0.227958	0.433506	-1.09961	-0.933855	-1.00405	0.00825209	-0.484563	0.452391	1.45932	-0.420078	1.78668	-0.820386	-1.06674	0.305701	0.879549	-0.50921	
0.533087	1.16554	-0.949988	-1.31997	-1.19444	-1.65604	-0.100639	0.0696187	-0.00871888	0.584896	0.545138	0.657714	-0.435121	0.794967	1.32051	-0.677121	-1.04732	-0.705733	0.404898	-0.309941	
0.192606	0.0698882	2.16796	-1.9129	0.304858	-0.621316	1.0195	-0.694023	-2.21386	-0.213104	-0.272471	1.64416	0.286222	-1.69585	-0.822688	-0.903679	-0.00794328	1.2733	-1.44576	-1.16157	
1.02314	-1.27782	-0.0298414	-0.328923	-0.584155	0.747616	0.000569413	-0.64367	0.301275	0.876131	0.874418	-1.0698	-0.418957	0.951553	2.09728	0.299469	0.762004	1.01707	0.794175	-0.288	
-3.6423	-3.10282	3.63447	1.25508	-1.18629	0.119586	0.226199	-0.217455	-1.7876	-3.56727	4.77615	4.62742	2.22911	-4.29198	-2.34599	-0.0278494	1.73961	-1.77689	-1.44906	7.37098	
0.669803	-0.664552	-0.428777	0.361726	0.6672	-0.0682328	1.04146	1.14548	-0.816265	-0.711549	-0.646717	-0.335866	0.220981	0.833954	-0.573944	-1.00168	0.994311	-0.07814	1.32403	-0.0397306	
3.32906	2.3484	-2.47924	-1.15313	2.32522	-0.871486	-1.24466	-2.35822	0.578124	3.48256	-3.80999	-2.31871	-2.49478	5.58583	2.63196	-0.249906	-1.44205	1.96104	0.505701	-5.52213	
-0.918987	-1.29448	-1.14867	-0.511356	0.706244	-1.05047	1.11018	-0.517606	0.823366	-0.245518	2.12045	0.274501	-1.94872	2.59407	-0.14492	-0.580361	1.30884	-0.0845921	0.300845	-0.143598	
0.904922	-0.337024	0.796962	0.701236	-0.00309136	-0.657578	-0.25757	-0.257795	1.59634	-0.497661	0.515373	0.346681	-0.226468	-0.0957017	-0.608149	0.240566	0.503503	-1.11007	0.876121	0.0182508	
1.10466	-1.73199	-0.339696	0.723017	-0.697529	0.142929	0.38464	-0.4696	-1.32926	0.0443777	0.61403	0.836714	1.45615	1.5713	0.81827	-1.06652	-0.462022	0.503257	0.422127	-0.456345	
1.26933	-0.52916	0.493972	-0.117839	-1.67982	0.245277	0.038468	-0.35127	-1.15439	0.18426	-0.611893	0.259261	-0.289968	-1.04276	0.420059	1.55034	-0.627104	-0.0309744	0.0473949	-1.15544	
-0.198856	-1.76159	0.344312	0.948463	0.395716	0.0491363	0.465013	2.41582	-0.582667	-0.312652	-0.00168047	0.433567	-0.125274	1.0648	-1.41514	-0.285436	0.366415	-0.729511	-1.27939	0.826009	
-1.20781	-0.154702	0.0607623	-1.30313	0.289676	0.695108	-1.13727	-0.0671302	-1.58618	0.708042	0.299886	-1.05487	-0.720368	-0.753708	-1.59449	1.93394	0.193806	-0.292015	-0.837176	-0.222474	
0.398037	-1.15409	0.739771	0.707262	-0.823564	0.197719	1.07173	-0.621008	1.57968	-0.174081	-1.2555	0.0747782	-0.59649	-1.8914	-1.93504	-0.822838	-2.21517	-0.4699	1.15785	-0.749984	
0.901354	-1.58779	-0.189148	-0.09879	0.935241	-0.929432	0.0536617	-2.02856	0.0911692	-0.38497	-0.252056	1.52108	1.48057	-0.140086	-0.925554	1.8971	1.56369	-1.01202	-0.885149	-0.730144	
-0.303766	-0.807877	0.35029	0.229711	-0.276428	0.473137	1.63066	-0.653482	0.695421	-1.19923	0.886266	0.254047	0.0410289	0.37346	-0.224666	0.636655	-0.385783	1.47001	0.263404	-0.264463	
-1.38277	-1.45782	0.31017	0.79753	-0.0729557	0.61988	0.198107	-1.16836	-1.31466	-1.41201	2.23165	0.479292	1.17985	0.123252	-1.9674	2.13813	-0.52154	-1.50088	-2.78657	0.398533	
0.70145	1.69562	-1.39643	1.28944	0.624526	0.607789	0.702245	1.19217	-1.35782	-0.538266	-1.18645	0.114491	-1.03074	1.3088	-0.720705	0.486399	-1.13703	0.110358	-0.765523	0.861071	
-2.48864	0.229062	-2.69033	2.01354	0.654205	-3.11678	1.02709	-1.66982	-0.186723	4.50472	-2.45337	-2.54767	-1.13941	-1.61041	2.90711	3.29334	2.25176	1.42003	-2.40116	-3.45151	
0.321265	0.582041	0.348054	-0.174971	0.0123629	-0.653094	0.59043	0.829443	1.25805	1.03276	-1.72455	0.355142	0.650856	0.0908991	0.58872	-0.12271	-1.29315	0.545727	-1.08668	-1.48712	
1.0522	1.21635	-0.537989	1.83362	-0.553845	-1.16088	0.417638	-1.31308	-0.357345	0.407979	-1.17307	-0.733998	0.0658561	-1.03347	-0.462241	0.145204	0.507488	0.541244	0.697601	0.742652	
-0.474455	-1.32949	-0.0583898	1.96	0.0472869	1.29412	1.50541	0.904676	0.432897	-0.0750154	-1.50107	0.562205	-0.877663	0.965427	-0.599599	0.341978	0.857627	-0.762043	-1.53665	0.0440741	
-0.0179589	-0.312321	-1.6295	0.593961	-1.28627	2.00323	-1.71071	-0.00387887	0.384817	0.506076	-0.152748	1.40565	0.543351	1.88356	0.278509	0.148989	-0.789152	0.402908	0.270828	-0.669677	
0.193142	-1.62771	-0.37925	-0.502573	-0.817853	0.284858	-0.704763	0.274686	-1.3821	-1.30971	0.118366	0.0693917	0.35669	0.872837	0.745444	0.779942	-0.945457	-1.01133	-0.813681	0.668296	
-1.36442	0.194948	1.97732	0.595468	-1.11697	0.0646017	0.760144	-2.18364	-0.19061	0.385943	-0.688473	-0.351169	0.167952	1.89863	1.15052	-1.92932	1.43867	-0.111678	-0.726192	0.904593	
-0.105491	-0.791885	-0.759971	0.156579	-1.01289	-0.341809	-0.144492	-1.61963	-0.404171	-1.25251	0.490946	0.175206	0.780759	0.754496	-0.450864	0.797244	1.17281	-0.338094	0.380547	-0.198966	
6.55811	4.7046	-3.9656	-3.25981	3.20161	-0.511319	-2.10812	-3.74435	1.45548	4.52435	-9.31719	-7.97536	-3.94199	8.47607	4.91944	0.172575	-4.7597	2.9136	1.1689	-10.6227	
0.0390958	0.866609	-0.244378	-0.530844	-0.265766	0.238891	-0.0383984	0.465399	0.639278	0.77237	-0.448462	-0.309417	1.25971	1.56571	-0.744164	-2.7658	-0.827715	-1.17754	0.525209	1.32974	
-0.963919	0.284405	-1.57443	1.33098	-0.0647606	1.79661	0.160149	-1.94867	0.385177	0.123592	-1.27893	0.279953	-0.0731348	0.0199342	1.26106	0.266117	0.612958	-0.579029	-1.79962	0.7345	
2.04299	0.780542	0.975308	-0.979481	-0.993572	-1.97277	0.753568	-2.19129	0.114709	0.517816	-1.40263	1.16738	-0.173372	2.03879	-0.192344	-1.32429	-1.16656	-0.822988	-1.08137	-1.86981	
1.7648	0.415851	-0.341158	-0.848736	0.0934828	2.53776	-1.23886	-0.800903	1.15474	-0.561772	1.88093	-0.745365	-0.281547	-1.3524	-0.832195	-0.210823	-0.957716	-0.0282678	0.495228	-1.78186	
1.72888	-1.51884	-0.351653	-0.155496	0.832508	-1.60402	0.295606	-0.362088	-0.289494	1.88684	-0.323401	-1.72365	0.158908	1.75703	2.13809	0.694998	-0.181396	-0.0765951	-0.636382	-1.95968	
0.0323795	0.142934	1.8622	-0.808539	0.140513	0.956895	0.572207	-0.173341	-1.49595	-0.290428	0.426858	-0.165982	-1.15614	1.67131	-0.98732	-3.58423	-1.96331	-0.795278	1.8376	0.577178	
-0.258337	-0.616197	1.18997	0.595368	-0.383053	-1.76038	0.852762	-0.591286	-0.357825	0.0523364	-1.00976	-0.199473	0.019687	0.463042	2.60983	0.911539	-1.67602	1.49842	0.304416	0.847551	
0.454312	0.44271	-1.16333	0.206215	0.757664	1.03771	0.226927	1.05556	1.59879	2.2228	2.85661	-0.984441	1.1472	-0.689897	-0.264075	2.34109	0.331255	-1.02172	1.31062	1.12111	
-0.426708	1.26568	0.303627	-0.583899	1.67278	-0.947738	-1.78942	-0.276842	0.868842	0.792349	-0.579669	0.539256	-0.635905	0.760746	1.10171	-0.169305	-0.282225	1.47366	1.18212	-0.127628	
0.76705	0.949004	0.394337	-0.384776	-0.295748	-2.10065	2.12623	0.287472	0.13369	-1.66119	1.40268	-0.518239	0.778674	0.422144	0.47995	1.39296	-0.239226	-1.16412	-1.0323	1.14137	
-2.10088	2.93252	1.09725	1.54537	0.443737	1.62756	-2.13774	3.03349	1.44356	2.4257	1.24467	-0.433523	-2.09623	1.63006	0.623963	1.25604	2.55142	-0.208235	2.29296	-1.00432	
-1.48051	-0.659186	-1.395	1.21779	-0.15216	0.96466	0.462265	-0.350091	1.27136	-0.266692	1.65255	0.736334	-0.255015	-0.819026	-0.753484	0.248581	-0.784195	-0.903518	0.0926903	0.477616	
1.44527	-1.28347	-0.662158	0.214318	-0.175357	0.253656	0.415226	0.792236	-0.283312	0.0723898	-1.45031	0.299906	0.746395	0.424209	2.13356	0.782285	0.56231	-1.14062	-1.0161	-1.9714	
-0.428554	1.10727	1.88762	1.19124	-1.85291	-1.27714	1.11415	1.95895	-0.267973	-0.235036	-0.236904	-0.203936	-1.56277	-1.0362	1.07238	1.76945	-0.0137497	-0.462212	-0.218932	-1.16228	
-9.08858	-6.56748	5.33686	3.56148	-2.69959	2.59677	1.63876	5.13175	-4.14448	-3.64927	8.43693	8.19246	3.87553	-8.29453	-5.18229	0.999335	1.71433	-4.31236	-0.658281	10.3206	
1.46956	2.68366	-0.959862	-1.75883	0.247028	-1.59041	0.362271	0.289454	-0.208667	0.542329	1.03021	-0.191695	-2.26954	-0.404787	0.212528	1.4657	2.72199	0.19311	0.155214	-0.852151	
-0.0944268	2.66641	0.38179	0.752026	0.965168	2.76102	-2.60014	8.4805	-1.83402	8.2526	3.54792	0.350022	-1.21088	1.5655	1.88276	5.31045	3.52905	-4.67171	7.89633	-3.0759	
0.338438	-0.905322	-0.474457	1.42756	0.227767	0.0813854	-0.0258411	1.32867	0.639189	-0.0510747	-0.125262	0.0366054	0.337357	0.49923	0.214894	-1.25543	0.519574	0.173402	-0.65986	0.221553	
0.772837	0.666869	0.260479	-0.553364	1.62857	0.428129	-0.0423924	-0.353637	1.05224	0.601269	0.23351	0.992641	1.48782	-1.40575	-0.257376	-0.639267	-0.595538	1.91247	1.88511	1.31814	
-1.98255	-0.222459	-1.50164	-0.429097	-1.38726	-0.526127	0.299311	-0.917553	1.53482	-0.65906	1.76263	-1.11688	-0.274754	-0.965266	-0.304297	0.764937	-2.14484	0.161664	0.335403	0.858017	
1.38542	-0.279649	-0.67747	1.03856	1.98317	0.273303	0.649333	-1.19405	-0.643467	1.70053	-1.59152	-0.718682	0.0630265	0.22147	0.163126	0.132085	-0.305603	-1.33101	0.158045	0.066569	
-1.49193	-1.81486	0.407603	-0.828055	0.363888	-0.329151	0.523589	-0.807154	0.173568	-0.029995	-1.09686	-0.414479	-0.425112	2.89625	0.385038	0.602506	-0.173932	-0.579522	0.651243	0.277706	
-0.0107178	-0.0580898	-1.1387	-0.630671	-1.98105	-1.41977	1.64936	0.258662	-0.973718	0.559093	-0.164683	2.30858	0.684913	-0.889542	0.970929	-1.33413	-0.81978	0.858821	-0.79408	-0.332194	
1.11482	1.87711	-0.10954	-1.1841	1.14807	-0.794839	-0.555645	0.372173	0.351069	1.33874	0.0364303	-1.23825	-0.128438	2.13146	1.93376	1.33556	-1.65887	0.221424	-0.751981	-2.84404	
-1.67054	-1.14971	0.561065	0.983984	-0.360627	-0.393001	-0.277525	1.10115	0.649039	0.303518	-0.346014	1.80493	-1.20113	2.07021	0.83956	1.30022	0.895429	0.466578	0.782433	-1.89892	
0.924476	-0.776154	1.37137	1.19822	0.411134	0.175454	0.568555	-0.403964	-0.837975	-0.208802	0.356558	-1.41371	-0.0686627	1.7113	0.798643	0.5087	0.659382	-1.07984	1.37692	-2.27434	
-1.04241	-0.579497	-0.707674	-0.319415	-0.115484	0.0452067	-2.6391	-0.229114	1.7065	0.806758	-1.28979	-0.0837991	0.601161	-1.23406	-0.266708	1.33696	0.301592	0.368916	0.191517	0.256577	
-0.522436	0.418335	-2.27561	-0.583931	-0.362925	-1.51069	-0.652121	-0.556689	-0.168186	-0.21607	-0.255687	0.222224	0.053582	1.69483	1.95157	-0.632377	0.364433	0.100746	-1.58215	2.6139	
2.26121	0.902846	-0.281042	2.39575	-0.770188	-1.40629	0.281961	0.480342	-0.0509293	-1.18361	-0.844229	0.0907529	0.440306	0.778773	-2.30639	-0.0339658	-2.02196	-1.70859	0.782208	0.962763	
0.425984	-0.235483	0.89393	-1.07647	-0.800076	-1.47056	0.746922	-1.15237	-0.811416	0.220277	1.62562	-1.83434	0.0513229	-1.42837	0.849569	-2.01615	-2.11906	0.606524	-0.175985	0.519434	
-0.424699	-1.5277	1.05069	0.438446	0.207942	-1.02188	0.773964	-0.411266	-0.14972	0.398648	0.0301974	-0.0663496	-1.97602	-0.246126	0.306873	0.711391	-0.290586	-0.488878	0.617584	-0.538408	
1.93112	1.32206	-0.699342	-1.02188	-0.55939	0.0516183	0.57013	0.324655	1.67471	-0.16965	0.491421	0.24329	-0.0121841	1.59819	-0.716405	0.968365	1.09259	-0.874773	-0.425778	-0.46367	
0.0239341	0.671311	-0.752641	2.18361	0.402041	-0.899657	-0.917602	0.915617	-1.14256	-2.702	-1.12913	0.676933	0.467285	0.173214	1.24517	0.336901	-0.386866	-0.0741798	-0.724703	-0.319879	
0.611344	0.711755	1.46036	-0.15869	-0.427393	-0.492674	0.289882	-1.71692	-0.324112	-1.044	0.708548	0.575232	-0.981344	0.657408	1.22874	1.23406	0.0775754	-0.106606	0.0797361	0.866916	
-0.910358	0.321469	-0.900104	3.05109	2.55802	-0.274122	0.0950292	-0.0744272	-0.782502	-0.29198	0.527909	-0.395788	0.96867	0.953424	-1.51877	-1.32336	0.98615	0.15807	-0.896524	-0.74956	
2.23953	-0.667584	-2.57018	0.845575	0.99841	-0.561385	0.256455	0.310603	0.241973	-0.349231	1.23076	0.558559	-0.564809	0.868111	0.86552	1.75188	0.249801	0.00670413	0.292929	-1.11654	
3.04724	1.81166	3.7183	-0.838039	-2.45985	4.0147	-1.13882	0.497589	-1.1862	-4.77228	0.512041	2.12476	-0.923597	0.734368	-2.5335	-4.39174	-3.01422	-1.94274	3.41933	3.93545	
-1.33953	0.341595	1.26237	0.110745	-0.428737	0.654101	1.86571	0.130063	0.293134	1.3422	0.907358	0.23107	-0.118705	-0.534439	0.0473163	0.156751	0.444167	-1.06334	1.0905	-0.947797	
1.82517	2.75218	3.24988	-3.20798	-0.434211	5.41053	-1.03388	0.85876	0.965507	-5.87091	5.47645	1.7477	0.104862	-0.883664	-5.34793	-7.1242	-3.8449	-0.823721	4.59036	5.67842	
-0.240949	0.99276	1.55526	0.0891823	-2.31314	-1.21648	-2.158	0.241285	-1.14325	0.156582	-0.155041	0.775184	-1.64161	-0.986225	-1.73192	-0.262223	1.80012	0.942967	-0.809881	1.25319	
-0.293441	0.736872	-2.73489	0.387264	1.08363	0.66715	0.484217	0.553136	1.15113	-0.303371	-0.226286	-0.577925	1.20682	0.970061	0.169111	0.15509	0.490838	-1.52267	1.14764	0.921736	
0.623758	-5.07491	1.0583	-1.25488	-0.01814	-6.47843	3.35742	-13.5589	-0.914493	-11.3354	-5.98584	1.38504	4.86399	-6.69724	-4.13073	-6.97521	-7.01458	8.08808	-8.50929	7.58211	
0.281534	-0.999646	-0.769494	-0.176782	0.159517	0.186279	-0.468588	0.626545	0.308443	2.02165	-0.26757	1.51743	-1.61801	0.0617931	-0.611109	-1.28895	0.299685	0.823319	0.387736	-1.39451	
-1.163	-0.668	1.44461	-0.459512	-1.15539	-0.820278	0.393115	0.271846	0.0266686	-0.479041	0.264352	0.884141	0.812826	1.79189	-1.54562	-0.785733	0.702979	-1.37045	-0.00408433	0.758029	
1.38249	-0.381513	-0.180238	0.564324	0.701953	0.0676898	2.14414	-0.344686	1.0277	0.906605	-0.607615	-0.0500447	-0.222305	0.750102	-0.673497	1.15563	0.207475	0.932278	-3.00051	1.33072	
0.715315	-2.8554	0.106478	0.570076	-1.65469	-0.388083	0.724413	-0.3455	-1.45031	-1.59258	0.239586	1.34919	-0.246296	-0.736138	-0.207243	-0.619799	1.54903	1.72607	-2.05722	0.532553	
-1.87854	0.42377	2.30069	-1.62528	0.0371411	0.17883	0.723691	0.66251	0.723859	-0.16157	1.245	-0.62509	1.43634	-0.862594	-0.750173	-1.24853	-1.1111	0.970181	-2.38897	0.294295	
0.874103	-0.79105	1.07184	-0.856987	0.939308	-1.20958	-1.56995	1.70589	0.235348	1.78631	1.48086	0.205557	-0.0717856	-0.204694	-0.957136	-0.54216	0.959892	-1.05821	0.542946	-0.713061	
0.490181	5.95735	-1.09158	2.10519	0.435342	4.94744	-1.15908	10.224	0.0360002	8.53623	4.62319	-1.46639	-2.36388	3.2776	5.28407	3.77719	5.6409	-5.9907	6.3198	-5.84772	
-0.136609	0.488281	0.815301	-0.540377	0.810923	-0.842307	0.643802	0.341903	0.214336	-0.345038	-0.841529	0.0798262	-1.43666	-0.957166	-1.0799	0.647919	0.467255	-0.0860904	-1.88893	-0.762006	
0.203358	9.82919	-3.26593	2.59485	-0.0144729	9.84833	-4.56645	19.69	0.244631	16.4212	8.96832	-1.87784	-6.41455	9.23761	6.26411	7.92709	11.5679	-11.7793	11.5908	-12.2812	
0.129447	3.53963	0.177002	-0.322449	-0.868351	2.72498	-1.84465	10.472	-1.70647	5.76807	2.64974	-2.87701	-1.96296	3.1651	1.84556	3.074	4.52015	-3.77734	6.05862	-4.70374	
1.15312	0.41391	0.54449	-0.0666415	0.0864523	0.184666	0.291349	-0.61715	-0.1557	-1.37967	1.0944	0.690084	0.665233	-0.0780754	0.202743	0.634273	-0.827473	-1.20493	0.28157	-1.85419	
-0.578959	1.12524	-0.0194277	0.156558	-2.25751	0.312964	-0.742263	-1.60445	0.147136	0.0505137	0.919642	-0.244406	-0.482779	-0.283893	-2.13379	-1.02451	1.10759	-0.167046	0.0141669	-0.962801	
-0.232768	-0.376679	0.987442	0.0237292	1.66754	1.48063	-1.2145	0.953383	-0.959601	-1.09222	0.593128	0.200039	-0.348175	-0.643448	0.639652	-0.235891	1.27075	-0.545816	0.583449	-0.823736	
-1.54137	-1.12015	-0.286694	-1.0366	-1.6414	-0.443222	-0.622756	-1.67145	-1.76153	0.0897442	1.787	1.0203	0.102307	1.03919	-0.55693	-2.92455	0.322546	0.754144	0.114476	1.94402	
-0.482857	-1.97693	0.127487	-0.708618	-0.541812	-0.195167	0.882089	-1.04674	1.67541	-0.945482	0.476387	0.772447	-1.22465	0.173319	-1.03626	-0.680546	0.40115	0.340032	-0.806107	-0.989768	
-0.559599	0.075403	0.335417	0.270797	-0.657931	0.339154	-0.680457	0.653887	1.06299	0.742422	0.498819	-1.06801	0.220982	0.787554	-1.54702	-0.495049	1.93609	-0.303689	-1.21487	1.06104	
-0.708993	1.58178	-0.498038	1.3837	-0.624941	0.0879542	1.35606	0.943536	0.742087	-1.76622	0.228696	-0.417727	-0.465762	2.54432	-0.794226	-1.52604	1.61692	0.7173	-0.874538	-0.653348	
1.09188	-1.38423	1.24111	1.00688	0.535309	1.61279	1.16318	-1.5078	-1.04693	0.953361	-0.891455	1.55529	-1.01511	1.85701	-0.179395	-0.558723	-0.524964	-1.05116	0.793916	-0.684458	
-0.185236	-0.703553	-1.20702	-0.44717	0.408374	0.0780675	0.855639	0.7838	0.691829	1.16061	-0.405193	-0.58827	-0.267537	-0.037972	-0.568686	1.13438	0.0871337	0.796999	1.30389	-1.29666	
0.257418	1.59054	-0.784388	-0.0417872	0.692639	2.77573	0.17474	3.20532	0.541183	0.85597	0.307621	0.14984	0.293007	0.0239572	1.58575	2.22648	1.19707	-0.781378	0.681857	1.19853	
0.242358	0.413515	0.279229	0.104956	-0.692753	-0.534157	0.802588	1.28811	0.449535	-0.250182	1.52433	0.126127	-1.16884	-1.4583	-1.78593	-0.150797	-0.0979741	0.763099	1.06766	0.582204	
0.231934	-0.146845	0.486439	-0.661448	-0.314996	-0.339173	0.942209	-0.241335	-2.56557	0.466604	0.430173	-0.324172	-0.238509	2.2269	0.36807	0.86239	-1.05398	0.855474	-0.6631	0.834973	
0.958071	-2.31762	-1.37379	-1.91299	0.39241	0.857072	-0.989241	-1.82335	0.0508113	-0.473852	-0.531446	-0.0930042	0.273914	1.15485	0.988265	0.140213	-0.188951	0.917612	-1.55556	0.544986	
0.10175	-0.164374	0.0526342	-0.677149	0.75426	-1.46961	0.289425	-0.562071	0.85319	-0.719171	-0.694215	-0.232381	0.1849	-0.553055	0.066947	0.374601	0.48732	-1.03938	0.157767	1.53115	
1.54871	1.45528	-2.14044	1.14885	0.304946	-0.455339	-0.00299591	0.0327633	-1.45881	0.0239062	0.0524816	0.307448	-0.430552	-0.110536	0.358891	-0.864875	-0.213892	-0.197868	-1.85797	-0.174919	
-1.00506	-0.355612	1.59248	-0.835826	-1.42566	1.52187	0.201122	-0.176515	-1.61345	0.874764	0.94006	-0.400415	-0.954233	-0.231222	-0.366346	-0.714016	-1.39895	-0.549706	-0.0156116	0.784889	
0.845786	0.678115	0.500197	-0.932888	1.5663	-1.52984	-0.410103	1.58123	-0.692354	-1.48595	-1.32722	-1.29227	0.396966	-0.593432	1.61199	2.12263	1.12618	-0.385184	0.209849	-0.588376	
0.630612	0.108163	1.12111	-1.23626	1.04177	0.00425449	0.186705	1.25854	0.790867	0.806125	-1.37967	-2.4652	0.810586	-0.0948634	0.13684	-0.964088	0.476991	0.179361	0.526326	0.239921	
1.82956	-0.243454	-0.290531	0.69893	-0.609499	1.01187	-0.72315	2.59663	0.0667396	-1.12178	1.01264	1.7757	1.12522	-0.14141	0.486973	-0.631857	0.413839	0.324678	-0.503037	-1.73127	
0.00178351	-0.588998	2.76807	0.900683	-0.250641	0.775866	1.01472	-1.08006	0.11835	-1.11988	-0.878469	-0.0898631	1.13039	-0.321201	-0.195939	-1.18169	0.040246	1.74777	0.35285	0.29883	
-0.901563	-0.448047	0.0939792	-0.230485	-0.361159	-0.188437	-1.09838	0.712443	0.185173	0.614268	0.215128	-0.776993	0.6126	0.792398	-0.898705	0.224007	2.3289	-0.584467	-0.00265535	-0.451809	
-1.80644	-0.0276024	0.231378	1.96754	0.0169627	0.245521	0.567726	-0.266006	-1.06604	-1.14041	-0.318797	-0.143445	-0.191847	-1.70206	-0.00729822	-0.861591	2.13951	0.13318	0.838036	0.168132	
0.0221519	-0.353092	-0.887018	-0.458188	1.43093	-0.863709	0.979027	-0.149264	-0.983214	1.27955	-1.63131	0.566211	-0.620822	-0.566832	-1.15823	0.437652	-0.129646	1.08784	0.723725	2.88749	
0.909038	-2.17367	-0.252155	0.115419	-0.769804	0.0508251	1.61677	-0.219758	-0.371759	-0.1984	-0.363463	-0.404183	0.156734	-0.596305	0.405332	0.955127	1.12951	-1.06215	-0.0338434	-0.732991	
-0.728467	-0.176269	-0.411064	0.571316	0.893265	0.622659	1.18731	-0.190346	0.44676	0.573267	0.125905	-1.0947	-0.0795755	0.0660786	0.0642831	1.45973	1.07189	0.273006	0.398557	0.115106	
-1.34164	-1.24641	0.639625	-0.239979	-1.0545	1.15326	1.27292	-1.76319	0.177232	2.03771	0.550184	-1.10843	-1.68629	1.11579	0.312911	0.526325	-1.17429	-0.429276	-0.790566	-0.560341	
-0.698329	-0.152019	1.03188	1.49936	-0.943726	1.05411	-1.12142	0.138175	1.61746	0.549603	1.18393	0.107183	0.517339	-0.813658	2.26181	-0.407278	1.04307	-1.11866	-1.09281	1.03625	
-0.509098	0.727009	-0.30375	-1.34482	-0.190777	-1.05927	0.637905	0.0199845	0.067376	-0.540566	-2.83993	-1.05134	1.65186	-1.46204	-0.89455	0.857064	-0.494838	-0.00964561	-0.680397	-0.651572	
-0.707135	0.691752	0.487423	1.48802	-0.74698	1.73121	0.655074	0.987288	0.274841	-1.16132	3.08715	0.571408	-1.98011	-0.408082	1.32289	1.35038	-1.16107	-0.00875754	-0.162142	1.80666	
-1.65619	-0.407013	1.62795	-0.556135	-2.66321	0.00150622	1.34802	-0.522703	-1.84977	1.13034	1.90521	0.470071	-0.358053	0.0880596	0.741008	-0.587498	-0.130504	-1.0473	1.3505	0.708243	
1.58716	-0.840328	-0.0941579	-0.00378582	-0.88947	-0.277871	0.411416	-0.954234	-1.1162	0.230184	-1.33892	-0.173252	2.1045	0.163294	-0.933511	0.124893	1.23663	-2.5872	-1.27277	0.79945	
-0.215753	-5.76649	0.643036	-0.426643	-0.940871	-3.79603	1.96865	-9.66444	-1.57831	-8.81421	-4.00308	0.14877	5.04332	-5.37076	-4.97093	-5.8765	-4.21671	5.09147	-5.99825	4.60953	
-0.81841	-4.22733	0.00236104	-0.97016	1.7318	-6.16075	3.54091	-10.0633	-1.7598	-9.0491	-4.48081	1.9436	2.02962	-5.75006	-4.59011	-5.14453	-3.42557	5.36055	-6.84228	5.06443	
0.451183	-1.88165	0.431133	-0.917649	0.720421	-0.409813	-0.547171	0.845851	-1.35313	-1.13901	-0.576682	1.19668	-0.548881	-0.547075	-1.17989	-0.0250946	0.0203292	-1.26739	1.11457	-0.137886	
-0.656653	-0.190222	1.479	-0.630344	0.71365	1.0105	-1.17449	-0.974291	-1.30596	-0.432784	-0.322294	1.92506	1.21547	0.342195	-0.408253	-1.61472	-1.30122	-1.49237	1.31479	-1.54676	
0.294381	-2.90061	-0.414157	2.05142	0.364795	1.16517	0.295008	-0.543539	-0.264054	1.32998	2.10268	1.25891	-2.21756	1.08197	1.3608	-1.68879	-1.28842	-0.0185204	-0.341082	0.475395	
-0.467097	-0.207631	-1.27709	-0.712187	0.0613766	0.68723	1.67965	0.0432437	0.0624189	0.460292	-2.01744	-0.018878	1.27805	0.59516	-0.909065	0.0544577	1.59195	-0.264094	0.744715	0.850839	
-0.800141	0.532535	-0.878942	-0.661832	1.07756	0.517483	0.0188534	-0.11625	0.277057	0.751369	-0.468693	0.488623	-0.808321	-0.0867524	-1.65052	-0.523494	-1.81633	0.853465	-0.690229	0.79804	
-0.886806	1.2667	1.14057	-0.0250217	0.325888	-0.152954	0.40615	0.616081	0.763984	0.299895	0.342721	-1.22439	0.551298	-0.290592	-1.1004	-1.16283	-2.38485	-0.655416	0.461439	0.547274	
-0.270031	0.663127	0.138164	0.192018	1.70313	0.611486	-0.163402	1.95762	1.02803	0.698206	-1.50043	-0.726796	1.34782	0.00922155	-0.475543	0.124288	-1.12541	-0.365436	-0.621897	-0.519134	
-0.977933	0.386041	-1.40264	-0.283065	1.27044	0.336965	0.31717	-0.125515	-2.54473	-1.93595	1.32801	1.37558	0.479374	0.185383	0.27776	-0.78663	0.23942	-1.50251	-1.76266	2.14608	
-0.889849	-0.876385	1.39627	0.647175	-0.377632	0.410444	-1.24051	-0.387249	0.310433	0.24555	1.49135	-1.15924	0.880843	0.883307	-0.166964	0.00578961	1.11332	0.881208	0.531319	-0.3609	
0.102832	0.143382	0.6661	0.48619	-0.84244	0.174436	0.44096	-0.237305	-0.149557	1.32915	1.8449	-0.0866576	-0.920123	-1.28217	0.174975	-0.911944	-0.88616	0.291821	1.00068	-0.739572	
-1.72236	-4.39038	-2.18983	-1.05854	-0.543266	-3.63959	2.44352	-7.6203	0.03214	-6.02226	-2.53192	0.622698	1.0186	-4.566	-2.49227	-3.87424	-4.54367	5.14181	-6.36151	3.69413	
-0.710921	0.252675	-1.89639	-0.742759	-1.58125	-0.840901	0.940772	-0.998809	-0.748117	0.721039	-1.21705	-0.222715	1.18144	0.766739	1.43073	-0.84001	-2.26639	-2.20285	-0.313504	-0.887162	
0.504618	0.686233	-1.25873	-0.4665	-0.719574	-0.877305	-0.122213	0.41138	0.171843	-1.08506	-1.93244	-0.0192576	0.360778	0.325671	-1.98286	0.00843499	1.87126	0.740033	1.36606	-0.770393	
-1.43843	-0.519202	-0.233159	-0.153886	-0.544004	-0.833253	-0.464911	-0.0745568	-2.23787	1.02557	-0.559543	-1.40284	1.71912	-0.577137	0.153846	-1.46145	-1.11948	0.423017	-1.23265	-0.193384	
2.25198	0.210723	2.71207	1.08038	1.82579	0.299323	1.63073	-0.496741	-0.384648	-1.4283	-0.995399	0.266666	-0.930139	0.410137	-0.37443	0.128126	1.26409	-0.70199	0.983595	-1.28576	
-0.234342	-0.787646	1.79408	1.88669	-0.465039	0.368712	0.152458	0.596348	-0.500096	-0.0208503	1.16382	0.501268	-0.177329	-1.0357	-0.311048	-0.859651	0.981094	-2.18524	-0.561135	0.36031	
-0.168739	2.17525	-1.48378	-1.07552	0.106026	-2.43688	-0.379837	-1.21705	-1.08825	0.189549	1.41541	-1.63429	-0.701473	0.0933153	0.726367	0.283266	-0.961652	0.101174	-1.31253	-2.02737	
-0.536493	1.2863	0.0554881	1.35161	0.697807	-1.46217	-1.23011	-0.117961	-0.389011	-0.461407	-0.266146	-1.10582	1.32783	0.279423	-0.323754	0.726815	0.754158	0.716666	1.13363	-1.27729	
-1.79931	0.660448	-0.000541305	-1.06692	0.0985227	1.14089	-0.304399	-0.483687	0.0134996	1.33592	1.15663	0.79118	1.2841	0.12315	0.367458	-2.32875	0.295857	1.55682	1.16872	-0.587216	
1.18981	-0.748157	-0.0943913	-0.4377	0.780152	-0.680804	-0.0606533	0.785124	0.897426	1.08159	-0.346337	1.68336	-0.273185	-1.08714	1.35908	0.44214	-0.99436	0.128599	0.413759	0.665935	
0.459248	1.38433	0.982178	0.601966	-0.650438	0.565944	-0.459559	1.10811	1.24951	-0.585253	1.79597	2.73138	-0.713664	0.717696	0.410481	-0.999294	-0.61396	0.701838	0.206855	-0.912605	
0.443047	1.63933	-1.05501	0.905353	-0.145252	-1.78813	1.14435	1.63566	0.333226	-0.0993496	0.0398297	1.03793	-0.405231	-0.0269669	0.674674	0.939097	1.50585	0.436058	0.638876	1.18136	
-1.86424	-2.26002	-0.452635	1.2922	0.568508	0.313421	0.225985	0.374406	-1.55823	0.430689	0.498228	0.711365	-2.74634	-0.302432	-0.0976559	-1.51606	-1.74383	-0.453988	0.54421	0.178875	
-0.911391	-8.41459	1.42833	-1.74899	0.186663	-8.18851	4.20544	-17.1405	-1.91399	-13.8906	-6.84227	1.88817	4.66982	-11.3747	-5.57926	-8.58304	-10.1773	10.1891	-11.2724	9.02951	
-0.200079	0.814815	-0.00920266	-1.18004	-0.412533	-0.578397	-1.1089	1.71036	0.869288	-0.022878	1.15388	0.369315	-0.424739	0.0268777	0.908271	-1.51002	0.260979	-0.764365	-0.320843	-1.22838	
-1.62368	0.0151796	-2.34583	0.219748	1.29228	-0.223237	0.685844	0.271084	1.41622	0.594786	0.821145	0.605307	-0.558091	-0.398124	-0.685421	-0.118898	2.54189	-0.510325	1.27961	2.23006	
0.592239	0.842726	-0.296066	0.521051	0.684745	-0.423691	-0.750125	-0.323964	0.169609	-1.07597	-0.537083	1.89852	-0.141591	-0.034088	0.583243	-0.231397	-1.91245	-0.880945	0.59723	0.620827	
-1.13694	1.12317	1.59821	0.598105	2.13203	1.26604	-0.462695	-0.0495605	0.381209	-0.642642	0.57959	-1.43309	1.35447	-1.22211	-0.741992	-0.460176	1.98043	-0.397885	-0.224326	-0.817481	
0.772485	-0.0548368	-0.93475	-0.50745	0.417726	0.801709	0.378229	-2.84237	-0.83918	-1.45541	0.421967	-1.1582	-0.225864	0.147738	0.544687	-1.30587	0.0643868	0.528484	-0.313834	-0.331418	
0.918955	0.590049	0.441817	-0.290636	0.900915	1.46786	1.53728	-0.117657	-0.433425	0.354566	-0.664036	0.308908	-0.792571	-0.335052	0.814891	0.580261	-0.755033	-1.69657	1.23251	-1.34955	
-0.122912	0.285546	1.35016	0.286142	-0.927774	-0.592293	1.01835	-0.47633	-1.72186	0.134824	-0.349242	-0.22303	-0.473133	2.04295	1.54487	0.931141	-0.420804	-0.288004	-0.463686	-1.45523	
0.659829	1.16382	0.622659	-0.107929	-0.0350375	-1.80342	-0.601519	-0.00888998	0.299716	-1.01557	0.501774	-1.3585	1.56878	1.79018	0.269351	0.444205	0.162162	-0.815985	-0.00413461	-0.393623	
-0.638789	1.76042	-0.0563294	1.20273	1.28142	1.68594	1.32786	6.11052	0.051967	3.15505	4.22631	-1.6619	0.391993	2.22578	2.67188	1.30561	2.29095	-3.94827	4.61388	-4.64822	
0.226423	-0.655564	-0.13706	-2.22791	-0.505924	0.648461	-0.821442	-0.120856	1.77605	-0.479544	-1.2246	0.734463	-0.0188173	-0.937289	-0.813838	0.393568	-1.41319	-1.92201	-0.456251	-1.003	
-0.143285	0.310034	0.781185	0.0316948	1.58371	2.31385	3.49542	0.434704	1.64202	-0.806794	-0.610661	1.5351	-0.888528	-0.0431201	-1.23143	1.10297	0.551885	0.462587	0.898908	-0.0139732	
-0.619233	1.52581	-0.633255	0.587524	0.841979	0.628658	0.666431	0.787049	0.0668627	-1.68941	-0.130709	-1.40413	0.80151	1.6769	0.675196	-0.611614	-1.40396	0.393473	0.735785	-1.12587	
-1.0242	0.336291	1.81243	-1.45018	1.30244	0.908599	-0.396298	-0.519319	0.408128	0.106543	0.580029	-1.55201	-1.42607	0.557082	-0.443857	1.74513	0.779034	0.586299	2.14554	1.57512	
-0.465914	-1.00773	-1.71597	-1.67277	-0.014372	0.860318	-2.37132	-1.67706	-0.463888	0.250332	0.0148023	-0.403661	0.046697	-1.17874	0.592688	0.126851	-1.24623	-0.0100019	-0.695728	-0.0421316	
-1.01281	0.825614	0.254307	-1.15569	-0.635292	-0.965065	0.670084	-1.09054	1.90113	-1.71696	0.544834	0.526178	-0.623903	-0.187127	-1.61493	0.990869	-0.687731	-0.21612	-0.737818	1.73621	
2.70117	-2.1156	0.719852	0.379576	1.74693	0.871904	0.123033	-1.02829	0.457249	1.39493	-1.05542	-0.590388	0.688017	0.773931	0.242844	1.46442	1.32781	0.957411	-0.202344	0.48314	
-0.698871	1.28759	-0.589894	1.37339	0.610094	-2.1247	-0.538219	-1.22838	1.22881	0.662095	-1.35709	-1.44915	-0.497368	-0.270822	0.813905	0.283752	2.00706	1.15286	1.16604	-1.02302	
-0.00195289	-0.696671	-0.741936	-0.385065	-0.877845	2.75653	0.543524	0.0582488	0.55786	0.360153	-0.955499	-0.0919183	-1.94273	1.22918	0.148433	0.358034	-0.777328	-0.245576	-1.11308	-0.767426	
-0.881681	-0.168922	0.939563	-2.62007	-0.912373	0.354288	-1.07941	-0.872545	-1.37087	-2.07817	-0.392656	-0.0656173	1.38797	-0.676764	1.1462	-0.203639	1.83931	0.277447	0.162956	1.1176	
-0.339639	-0.555297	0.265323	-0.0422161	0.156435	1.82745	-1.74136	-0.529009	-0.0603309	0.610087	0.785887	-0.357442	2.41546	-0.210848	0.579989	-0.913857	-1.34132	0.107036	0.875669	0.194347	
0.992043	0.466469	2.02695	2.32728	1.64998	-0.77031	0.460475	-0.341306	-1.90313	0.641973	-2.13741	0.559287	0.957697	-1.3432	0.184765	-0.091461	0.129275	-1.26526	-1.218	0.681481	
-0.73917	0.0655396	-0.390998	-0.312399	1.75612	-0.220129	-0.60485	-0.675232	0.611574	-0.311263	-0.369859	-0.225837	-0.598428	-1.63813	-0.0925227	0.71165	-0.466006	-0.150582	-1.36537	-0.472668	
2.6403	0.738973	-0.114474	0.850159	0.322791	0.648869	-0.429964	-0.76255	1.04045	1.12826	-0.95373	1.58726	-0.658188	-0.173193	1.30403	-0.251237	1.71942	0.520434	1.74104	0.745032	
-0.372917	-0.642233	-0.285634	0.976955	0.710845	-0.426781	-0.838098	-0.649301	0.0375583	-0.0928529	0.914082	-0.213665	0.807038	-1.40106	-0.453581	1.15533	-0.524842	-0.465418	-0.625078	-1.56726	
0.0637216	-0.622248	1.16739	0.0679607	0.175148	0.795392	-0.426799	-0.0818519	1.76944	-0.258396	-1.47265	0.349351	0.383263	0.685411	1.20943	0.37139	-0.710962	0.15386	-2.00417	0.149251	
-0.842176	0.638887	0.377795	-0.126673	-0.824494	-0.645178	0.582121	0.969032	0.719952	-0.908523	0.607265	-0.725569	0.754894	-1.68642	-1.28505	-1.07719	1.57321	-1.19884	-0.494327	0.0053742	
-0.587512	-2.14428	-0.482873	-0.64179	-1.30103	1.22184	0.200891	-0.186342	0.846664	-1.6018	1.18888	-0.753004	0.939394	-0.0332614	-1.14112	0.614888	0.147528	-0.702511	-0.498759	0.397961	
-0.326869	-1.17206	-0.42705	-1.9842	0.857742	-1.00007	-0.510877	0.625501	-2.11871	-0.847129	0.497524	-0.528195	-1.39711	-0.278875	-0.668379	0.47297	-0.439344	-1.06432	1.53542	-0.441191	
-1.07861	-0.802808	-0.589079	0.40663	2.11953	-2.65061	-0.0709243	0.263108	1.21681	-0.204448	-0.642259	1.08789	0.0747786	0.466023	2.10597	-1.60285	-0.211884	1.09207	0.116476	1.28245	
0.664428	0.638549	-0.221165	-0.127036	-1.32019	-0.427192	0.876125	1.97548	-0.405384	-0.281105	0.284224	0.679632	1.28257	0.393899	1.09825	-0.0411707	-0.0762793	-1.13228	2.24012	-0.153801	
0.849424	-2.4626	-1.34211	-2.80619	-0.855072	-1.33067	0.0487541	-4.64786	0.661385	-3.92125	-2.78697	0.00401489	0.313804	-1.40331	-1.35608	-1.2706	-2.96889	3.71158	-3.20897	1.47432	
1.24918	-0.451936	2.44559	-0.229502	-1.2508	0.229782	0.517501	-1.43896	0.227038	-1.13129	1.78245	0.646776	0.362041	1.62835	0.479175	0.637384	-1.97989	0.592123	-0.0852989	1.35851	
1.13798	0.451999	2.45168	-1.11339	-0.814958	-1.4756	-0.799793	-0.0795759	-0.293838	0.389679	-0.0571536	-0.0104663	0.783707	-0.413403	-1.33987	2.58604	-0.813943	-0.154752	0.807227	-1.62814	
2.80953	1.28078	0.394433	0.80652	1.09646	-1.01309	0.194312	0.821988	-0.72323	0.516618	-0.565959	-1.14074	-0.196069	-0.5623	0.216947	-0.823771	-1.7151	-0.0214731	-0.718683	-0.461417	
3.31127	0.458406	-0.353841	-0.236318	0.0894564	0.430599	-1.03306	0.225611	1.96252	0.1266	-1.05835	-0.209916	-2.21852	-0.295678	2.1023	-2.19692	-0.0786531	0.340959	-0.818747	-0.616414	
0.4958	1.75235	0.541639	0.419701	1.16989	0.0907181	-1.18961	1.31752	0.574252	0.926711	0.168749	-0.309967	-0.325015	1.06564	0.069278	0.208778	-1.30589	-0.287256	0.284505	-1.36156	
