2.66125	3.86826	-0.321448	4.08436	0.511049	-1.55525	2.17995	4.33091	1.30807	-4.83519	-1.34471	-3.68565	-0.223063	-1.50881	-1.30007	-9.84864	-7.35731	3.84866	0.525292	-1.09841	
-2.79758	-2.84868	-1.32804	-2.11378	0.779725	-0.655056	-1.09056	-3.40474	-1.10813	2.08333	-0.937379	1.72607	0.0477322	1.15402	-0.401763	4.64016	3.9572	-0.67961	-0.723607	-1.19763	
1.3011	3.29993	-2.42835	1.84008	-0.190433	-1.95336	-0.0877816	2.19805	0.470349	-3.32263	0.0916423	-1.42407	0.713766	0.245244	-1.62162	-6.29599	-4.575	4.04273	1.26066	-0.683306	
10.2528	16.3449	0.0570207	17.3202	-0.408727	-4.43857	9.92481	15.6576	1.09423	-18.9616	0.916645	-10.9545	-5.9506	-0.571824	-8.78024	-37.1793	-21.8747	14.8661	8.55256	-4.72099	
0.876359	5.51844	-0.844241	3.99855	0.744365	-1.87196	2.80455	2.90448	1.65191	-3.42541	1.24648	-2.55253	-2.61361	-0.245651	-2.32719	-7.72169	-4.73375	1.26043	1.82444	-2.06523	
-2.24919	-2.83245	-0.0893394	0.533673	1.80699	0.301346	-0.251306	-1.76498	-0.107688	1.80396	-0.383665	0.961386	0.708122	-1.33017	-0.124555	4.23894	2.35363	-1.21868	-2.54596	0.691546	
-0.628514	-1.68994	0.0986973	-4.46047	0.265493	1.16314	-2.54765	-1.2116	-0.637738	5.20873	0.551747	2.08101	0.116779	1.4394	1.83226	6.43074	3.23256	-3.41073	-2.89887	0.325455	
3.37326	5.40903	0.750426	4.39609	-0.133159	-0.937077	4.17019	4.97334	-0.748669	-6.57876	2.86248	-3.16953	-1.55582	0.0199621	-0.742387	-11.1819	-6.42993	4.97358	1.68131	-1.34629	
1.49239	-0.211997	-1.43335	0.83562	1.36238	-2.53361	-0.434605	1.03094	-0.4363	0.318444	0.0144377	-0.307174	0.103294	-0.409818	-0.697563	-2.14742	-1.51429	1.01583	-0.0161363	-1.80953	
1.0656	1.81226	0.822268	2.52306	0.535692	-1.25542	0.861413	0.834366	0.72199	-2.86266	1.38473	-3.02687	-1.02658	-1.13188	-0.4434	-4.53557	-4.39851	3.31472	0.843567	-1.81755	
-2.75556	-2.73708	-0.0450182	-3.18844	-0.676842	0.94045	-1.45069	-3.29013	0.749607	4.10177	0.330859	3.5111	0.25235	0.289272	1.45744	8.91862	5.5328	-4.7706	-2.82749	-1.42184	
1.56562	1.87527	-0.485616	3.95124	0.169616	-0.248218	1.56394	3.58568	1.54135	-2.76372	0.938192	-1.37889	0.28754	1.18387	-1.37193	-4.88469	-5.23562	3.62199	-0.595843	-0.147524	
10.7169	5.6532	-3.52266	9.8744	-0.949392	-3.30677	6.73497	14.5632	2.42795	-10.0782	-1.9836	-6.26093	-4.44003	-3.52142	-2.9279	-20.1473	-14.6429	7.69075	7.19254	-0.881006	
3.60546	5.45797	0.0445485	1.4462	-1.21116	-2.01701	1.97119	4.15896	-1.41363	-5.04575	3.14704	-2.53607	-2.31576	-1.52409	-1.45129	-8.46958	-4.62176	1.37595	2.00789	-0.0613081	
-2.72176	-3.98216	0.165416	-4.97944	0.634152	-0.204482	-2.40262	-2.96978	0.465108	5.17553	-1.9561	3.02862	3.3144	-0.31524	1.05195	8.13101	5.68483	-3.93335	-1.3392	2.59092	
-5.30985	-5.5487	1.61711	-6.10599	-0.16474	1.14766	-3.42979	-5.18845	0.226435	5.60335	-1.87205	3.3079	0.78501	1.16292	2.10336	10.4533	8.15213	-6.85201	-4.36452	1.4299	
-0.735658	0.692279	0.369333	1.34981	-1.10678	-0.423578	2.69276	2.61841	1.37373	-1.25802	0.78562	-2.12133	-1.55339	-1.05584	-1.13154	-2.60427	-1.62854	1.55865	1.94944	-0.707909	
-3.30395	-4.0628	1.936	-1.39772	-0.717248	1.36826	-2.93038	-4.36678	-0.015841	2.98888	0.217973	0.419168	2.07064	-0.423718	0.94876	7.53314	5.51823	-2.96748	-3.082	0.812622	
-4.75032	10.9544	5.10516	12.414	0.434645	-1.9895	4.51232	-0.234033	-4.70209	-13.1738	7.18036	-6.45245	-3.6292	7.11161	-8.11649	-20.7243	-11.5689	10.1034	1.82362	-8.23215	
-5.73167	-5.69243	0.0944476	-5.9428	0.178141	2.1704	-3.54213	-6.74219	-1.11541	7.76025	-1.01547	3.59351	3.01653	0.0480465	2.78234	14.1304	9.10416	-6.41502	-3.93373	4.1567	
-0.43607	-1.21	1.40768	0.14868	0.993293	-0.986072	0.388932	0.557734	-0.567814	0.482309	2.9518	0.322023	1.47767	0.69191	1.3378	-1.87778	0.572675	-0.90254	0.628733	0.504384	
-2.20347	-5.20281	1.66511	-5.60724	1.22829	3.06539	-1.94113	-3.77141	-1.21406	7.74103	-0.00893091	3.10932	2.51083	0.624009	1.53373	12.2333	7.2659	-5.23279	-2.19104	2.12026	
-2.48195	-0.184706	-0.574918	-1.09515	-0.615192	0.028239	-0.0414628	-0.982747	-0.0654758	-0.0173252	0.644004	0.665648	-0.606122	0.707273	1.91812	1.70155	2.65845	0.239106	-0.739058	1.45097	
3.81893	2.60113	2.18316	2.70736	-2.08321	-0.758614	0.804564	3.8879	-0.147681	-4.6435	0.183012	-1.04338	-0.863493	-0.192126	-1.73298	-7.51627	-6.2191	4.0804	-0.66658	-0.138035	
0.393528	-1.08135	0.720394	-0.870051	1.63658	-1.49216	0.555407	-1.69988	-1.8766	1.3731	0.127495	1.10351	1.99531	-2.05754	-0.551082	1.63748	1.77408	0.249815	-0.289048	0.367255	
-2.3531	-6.01207	0.935504	-4.71642	-0.46272	2.57874	-6.58616	-7.58979	-1.07498	7.70855	-0.763921	4.87641	2.4853	0.593737	1.51395	14.9857	9.08806	-5.90714	-1.13983	1.42156	
-0.71636	-0.78801	1.13309	-0.413347	-0.524667	-0.647743	1.21969	0.174157	-0.892972	-0.726716	-0.386566	0.29904	-1.01385	1.60766	-0.52265	0.833739	1.37749	-0.343247	0.829626	-0.302563	
1.73692	-1.56438	-2.90912	-1.82876	-2.54716	1.43657	1.33776	4.41093	1.6608	-0.168388	-1.21262	-1.81667	-0.0474169	-6.19145	2.34992	1.78955	-0.0196667	-1.06561	2.24366	1.00858	
1.8443	0.00329914	0.148923	1.03328	1.73535	-0.952192	0.867308	0.826302	0.41955	0.568837	2.14893	-0.864426	-1.87471	-2.04539	-0.383765	-2.56565	-1.2349	1.13287	2.12155	-0.602133	
-5.05615	-3.28416	1.67629	-3.51719	-1.27671	0.862644	-2.7227	-4.25112	0.187792	6.73735	0.0357166	3.13587	1.38529	-2.68553	2.72102	8.49861	3.8662	-4.86008	-1.90748	1.58762	
2.00243	0.455082	0.234205	0.271537	0.681835	0.122692	1.15629	0.826331	0.0621468	-1.95847	0.546205	-1.20629	0.417124	0.528997	-0.176491	-2.26543	-1.72365	1.81197	0.448709	1.09146	
1.11096	2.75754	-0.753134	0.183053	0.840416	0.320533	0.363337	2.86822	0.100172	-1.88263	-0.561667	-0.22322	-2.78196	-1.0445	-0.0229787	-4.05839	-2.23955	2.15027	0.844078	0.438385	
-1.02982	-3.22219	-1.75483	-1.48505	-0.633149	1.34024	-0.732355	-0.29027	1.10697	2.36112	-2.30023	1.6906	0.825228	-2.38803	0.262823	5.23603	3.34187	-0.28339	-0.84495	2.13443	
-3.72442	-7.95749	-0.111889	-6.81831	0.915097	1.98635	-5.11465	-7.44297	0.741903	10.1136	1.10984	4.37289	4.04612	0.650486	3.03692	17.4727	11.4561	-6.60324	-5.67239	0.887579	
-0.10765	1.09499	0.806718	-0.235851	0.871576	-0.259927	-0.000244681	1.70253	1.72595	0.439469	0.489577	-0.773811	-0.887026	0.814763	-0.849285	0.820509	1.00123	-2.40877	0.853335	1.52802	
1.4313	2.07018	-3.00757	4.32507	0.0334308	-1.31371	1.58472	1.21361	-0.606826	-2.13831	0.852881	-1.68107	-0.0405673	1.03536	-3.25704	-6.98183	-5.47555	3.6175	1.79853	-1.95168	
-0.731224	-1.28709	2.02015	-0.850697	0.530516	-1.22263	1.26486	1.52324	0.0876757	-0.20525	-0.347008	0.975857	0.392002	-2.48691	-0.969885	-0.640663	-1.58364	1.54613	1.42519	0.228257	
-2.70042	-4.12654	0.231411	-5.96582	-0.821708	1.82558	-3.09069	-6.99763	-2.32999	7.10181	-1.21413	2.39455	1.58072	0.309898	2.44336	12.5417	8.10985	-3.85849	-2.71085	1.12692	
0.446981	3.19529	0.686721	0.248575	0.632395	-0.120403	0.507284	2.42494	1.41739	-0.155762	-0.482193	-1.97992	-0.766777	-2.29965	-0.072802	-1.97264	0.356975	0.771572	-0.64988	0.619923	
-5.37929	-5.11136	0.551737	-9.15129	1.20637	3.35656	-3.67576	-6.8848	-0.886948	10.7735	-1.38765	4.9677	2.06446	1.49918	5.01692	19.8903	9.69418	-7.36251	-3.21051	2.27543	
-0.400557	-3.45508	-0.0530387	0.0713838	-1.39208	-0.180986	-1.54261	-0.527539	0.898273	2.39211	-1.90224	-0.883409	0.572086	-0.193634	-0.6387	3.04231	1.10155	-2.82734	0.257101	1.24517	
4.32431	-5.35343	-2.35344	-3.87909	-0.523799	0.953802	-1.20086	1.7673	0.83545	2.22566	-1.78648	1.02104	0.390259	-5.26255	1.72272	2.66904	2.62752	-3.49417	2.52095	3.52717	
1.7927	2.70476	-0.287835	2.25782	-1.19809	-1.37919	-0.758515	3.6859	0.610395	-1.38293	1.51695	-1.60244	-2.65556	0.187848	-0.85136	-5.45926	-3.2139	1.94435	1.70272	2.20594	
-5.82332	-6.36716	-0.570132	-8.44258	-1.61953	2.46906	-6.01307	-9.08116	-2.45479	9.30272	-1.47332	7.92146	4.08952	-0.133045	4.22558	19.5385	11.0782	-7.4127	-3.78495	1.80905	
-1.48151	-1.31191	-1.09885	-0.594768	-0.914936	-0.498493	1.62417	0.460231	0.845135	3.53092	-0.4805	1.41369	-0.879231	-0.0654112	0.0121859	2.51126	1.44242	-2.7676	-0.148592	0.103365	
-0.728207	1.53795	1.62896	1.56306	-0.212757	0.715408	2.4482	1.65577	-1.42514	-0.73584	-0.630236	-0.134247	-0.737896	1.0104	-1.37638	-1.87895	-0.582292	0.703628	-0.587002	0.248013	
0.972944	0.219729	-1.88403	3.21774	-0.887993	-1.47089	-0.312884	1.86597	0.852023	-0.925733	0.681972	-1.04415	-0.945051	-1.55388	-0.925614	-5.06126	-0.805662	2.38573	1.55094	-0.873534	
2.37984	4.21083	1.42551	2.8015	0.542388	-1.87111	0.0295466	3.01263	-1.67298	-4.98246	-1.60898	-1.18641	-2.37402	0.657922	-2.64082	-8.08456	-6.47624	3.13051	2.50331	-2.224	
2.64873	1.41386	-0.980917	3.39519	-1.07631	-0.275838	2.01019	4.78718	1.75588	-4.75389	1.76771	-2.57698	-1.95347	-1.38804	-2.59629	-7.35643	-2.65801	2.78805	2.94294	0.25341	
-2.15294	2.21695	-0.0279529	-2.83749	0.72531	2.12715	0.715253	-1.0342	-0.956545	1.19427	1.11408	-0.207939	-0.681632	-0.316137	-1.21046	0.84654	0.148431	-0.400108	-0.0691745	0.9155	
3.25194	4.74034	0.727202	5.95956	-0.725014	-1.17144	3.22227	7.05076	-0.495175	-7.00162	0.102608	-3.15859	-1.79476	0.476588	-2.70677	-13.0931	-8.13976	5.91032	2.64819	-1.31988	
2.02575	8.52729	1.18701	8.60635	-0.484119	-1.306	6.152	2.94124	0.00573758	-7.31848	3.4917	-3.20463	-1.45157	2.30753	-4.06261	-16.0455	-9.38967	6.65216	1.42883	-2.96243	
0.438733	0.83084	0.0582898	2.1868	1.64543	-0.0476526	1.06155	1.42325	1.31482	-2.09454	0.425724	-1.4613	-2.05365	-0.255735	-2.04842	-6.91631	-3.39188	2.019	1.61744	-1.10483	
1.30141	-0.529141	-0.108825	1.84697	-0.745225	-1.04246	-0.746234	-0.00957796	0.922627	-0.804214	-1.26175	-1.00546	-0.389096	1.61311	-0.0026741	-1.41895	-1.28607	1.47261	1.7601	0.0246125	
-7.56591	-1.56712	3.87787	-2.15332	-1.42983	2.71328	-2.77433	-10.4163	-3.79385	4.67492	2.05517	3.33056	2.96411	4.21332	1.32838	9.88804	5.10336	-3.82078	-4.66983	-2.73463	
2.02698	2.83529	-0.89652	0.921954	-0.694228	-0.511351	2.65186	1.07033	-0.566009	-4.84553	2.12888	-1.53726	-0.534423	-0.503178	-0.497034	-7.24808	-6.25475	1.00207	-0.445387	-3.06842	
-0.472564	-0.300176	-0.0962801	0.388014	-0.348551	0.152734	0.964176	-0.562521	-0.454662	0.901525	-0.145301	0.2717	-0.321391	0.97864	1.38939	0.321929	-0.166767	-1.24595	-0.265468	1.31942	
-1.06552	0.998919	1.13553	1.28333	0.677975	-1.61719	1.84869	-1.64501	0.288062	-1.01529	-0.248365	-1.05293	-0.629557	1.67567	-0.75324	1.62476	-1.12908	-0.494264	0.752273	0.289839	
-0.0227411	-3.2832	-1.00965	-4.19394	-1.60947	3.0737	-0.906833	-1.10041	-1.51951	4.67772	-0.386924	1.72921	0.692554	0.494434	1.71024	7.23235	4.06984	-2.46115	-1.57225	1.26745	
2.30014	2.31856	-2.20505	5.09333	0.887587	-0.459844	3.81314	2.99931	-0.431842	-5.40219	1.24755	-1.75145	-1.19063	-0.441118	-0.415239	-7.96508	-4.65939	4.04444	2.17069	-1.13838	
4.88409	-7.62847	-6.68757	-6.7954	-0.392436	1.02794	-1.61942	1.5556	3.76387	5.83367	-3.32163	3.32672	0.969545	-8.53959	4.55939	10.5458	3.36945	-5.10148	0.541852	5.1023	
-6.1002	-6.48102	-1.27373	-9.773	0.128466	2.01676	-4.05469	-7.87838	-0.413237	9.61649	0.491185	6.81822	3.14514	1.81988	2.28238	17.4213	8.71872	-6.6118	-3.54214	3.2272	
1.12188	1.25737	-1.1118	4.08086	0.978886	-1.36605	0.465059	1.72857	0.829876	-1.43444	-1.04937	-1.17626	-0.900505	-0.793162	-1.5578	-3.25847	-1.81318	0.00401896	1.67336	-1.03403	
12.0773	-7.3844	-7.81155	-5.10018	0.435908	-0.31006	0.60112	10.4521	8.3906	-1.33355	-6.95701	-0.0318815	2.55824	-13.246	5.9902	2.84283	0.550912	-1.09298	5.09482	4.29664	
3.96794	6.35908	0.454788	7.16974	0.0370415	-2.42267	5.40989	8.14904	0.184008	-11.602	1.57804	-6.31725	-1.66255	-2.44865	-3.34305	-18.9445	-12.8262	9.20386	5.26213	-2.56523	
-3.31377	-3.79103	0.17979	-7.77154	0.124202	3.26238	-4.56218	-6.78126	-0.602448	6.78581	-0.596066	4.87843	2.53677	1.45252	3.48624	14.0452	9.70461	-7.30024	-2.96849	0.119691	
-0.0778889	-3.0457	1.23755	-0.649511	1.78226	1.27666	-2.16293	-2.3325	-0.217295	2.9081	1.85019	2.51279	0.765718	2.17305	1.6548	5.00677	3.28384	-3.80369	-0.227484	1.58038	
-2.90303	-3.13812	0.815421	-2.89764	0.026913	0.259857	-1.42821	-4.12646	0.260022	4.75666	1.09762	1.10915	-0.0246461	0.714284	3.0005	6.25612	4.54922	-3.66585	0.0825612	0.995854	
-3.36244	-2.3056	1.23952	-3.40851	-1.84277	0.938645	-1.48074	-2.60877	-0.219523	4.67345	-1.79236	2.9725	1.7697	2.17798	1.91606	6.66691	4.20804	-5.33775	-2.44758	0.731514	
-0.182176	1.53084	-1.78665	0.109785	0.397704	-1.06944	0.241188	0.85293	0.24844	-0.981556	-0.31903	-1.57811	-0.795837	1.12736	0.408474	-0.817706	-0.21081	1.02928	-0.00580711	1.25417	
1.87751	5.49756	0.81508	5.59715	0.792034	-3.0807	3.32541	3.90492	-0.613437	-5.26393	1.99191	-4.34675	-1.8997	-0.232428	-0.965784	-6.44334	-6.70712	5.0591	2.37148	-1.17098	
6.19942	10.0667	-0.287953	10.0538	0.804063	-1.89143	4.61892	10.4712	-0.279059	-12.7137	0.329199	-5.95287	-2.49953	-0.332197	-4.32919	-21.8316	-14.5273	9.1174	5.99212	-3.25672	
7.1566	7.33862	-1.24888	10.2157	-0.383288	-3.176	5.34417	9.03749	-0.989029	-9.22108	2.79545	-4.60172	-2.66496	-0.366686	-6.09928	-20.265	-14.1301	9.84299	4.69712	-3.3327	
-12.8106	-7.06199	3.31364	-10.5139	-0.903595	3.25649	-4.85113	-14.0238	-4.80786	13.2325	0.0660784	6.98143	4.33698	4.58422	2.17857	24.4219	16.0092	-8.83345	-7.04517	1.78323	
1.4989	2.3451	-0.309876	2.50125	1.3276	-2.45997	1.39727	3.12564	-1.39903	-2.8789	1.58162	-4.40347	-0.814611	0.504875	-1.04699	-6.27829	-3.70816	0.672146	2.38296	-0.775668	
1.52464	0.694312	-1.42022	3.61658	-0.888556	-0.147387	-0.641528	2.10222	-1.1651	-4.27251	-0.770516	-0.549838	0.711636	1.96566	1.2286	-5.05828	-3.44223	1.18827	1.18982	-0.974218	
1.8534	3.34171	-1.80935	3.3555	-0.657225	-0.85208	2.35343	2.3908	-0.644663	-2.48779	1.11577	-2.39276	0.0373194	1.33173	-0.72794	-3.84364	-4.63422	2.05394	0.412553	-0.454345	
3.49679	5.23161	-1.7553	3.58156	-0.58059	-0.889113	1.95081	4.3728	1.08007	-6.79463	-1.038	-4.04238	-2.60362	0.844103	-2.32061	-11.6699	-5.34351	6.00456	2.17625	-1.34136	
-0.493104	0.958511	-0.383666	0.411707	1.04784	0.762323	2.23051	0.988202	-0.142468	-1.32577	0.663737	-0.220904	-1.04135	0.957925	0.0386855	-1.54215	-1.95453	-0.0939196	0.27901	-0.820503	
-4.81024	-5.36608	1.17596	-7.718	1.42048	1.92084	-2.85384	-8.83583	-2.15576	7.76975	-1.4826	4.83445	1.29641	-0.770332	3.17753	18.188	9.02439	-7.49558	-4.66197	1.27512	
-2.61528	-1.47265	0.758704	-0.374919	0.399561	1.86526	-1.69901	-2.30597	-0.197974	4.50792	0.538008	2.29298	-0.0329546	-0.763179	0.613701	6.6292	4.70529	-3.09047	0.133242	1.5509	
-0.528828	-2.49955	0.000867017	-2.91273	-0.449835	2.04126	-1.14299	-3.82637	0.0853469	1.74628	-1.15808	1.90431	0.750474	2.13687	1.28757	5.34625	2.98049	-1.81959	-0.227952	0.231204	
-0.874715	0.821357	0.0370536	0.0714529	-1.32882	0.693667	-1.32826	0.417403	-1.35095	-0.133278	1.08689	-1.35256	-1.6554	-1.36566	0.115055	0.399409	0.706168	1.83766	0.729743	-1.17495	
1.23002	1.79191	1.40764	3.2243	-0.448332	-0.739322	1.8434	1.44913	-1.17071	-1.89402	-0.877986	-1.41171	-0.664713	-0.828058	0.829579	-3.90617	-1.44732	0.609324	1.73114	-1.6812	
-0.662533	-2.75737	1.10792	-1.60362	-0.925645	-0.200132	-0.522098	-1.41006	0.38735	2.29695	-0.937323	0.795897	0.805132	-0.505497	-0.463636	4.98856	1.30482	-0.383351	-1.23773	0.576597	
-4.90669	-4.9611	1.19844	-5.54426	-0.228514	-0.328439	-2.29232	-4.83365	0.0460514	6.03034	-0.394652	4.60759	-0.847275	1.02563	1.75593	9.56684	6.0313	-2.76696	-3.19779	0.711704	
0.244382	-1.28325	-1.32857	-1.58144	0.639482	0.64734	-0.714409	-1.8044	-0.612989	1.77372	-0.555497	0.484392	0.207409	0.355009	2.29422	3.7819	1.37899	0.414532	-1.46678	1.19078	
-4.82044	-6.7648	-0.840662	-7.34779	0.543319	2.96372	-2.98615	-6.08456	0.0710992	7.83724	-0.170587	5.6666	1.66595	1.46541	4.0638	14.3109	7.10885	-4.69629	-2.04472	3.37524	
-2.15351	13.0299	7.23136	10.3691	0.466655	-1.46315	4.11688	1.90543	-2.85757	-7.75605	6.01102	-6.32	-2.34704	7.70714	-7.14885	-20.7296	-11.0068	8.97906	0.562001	-7.14006	
-9.04559	5.47878	7.11231	3.48688	-0.544597	0.608818	-0.378882	-7.84558	-6.09973	-0.182867	6.22497	0.508385	-0.809988	9.05797	-5.34723	-2.05857	0.792471	0.147572	-4.89907	-4.5315	
-2.81372	-2.97432	-0.251198	-2.72174	-0.735742	2.14394	-2.26279	-1.21016	0.276664	2.30522	-2.09272	2.58077	1.1265	0.866186	3.92103	6.57113	2.88756	-2.89518	-0.852149	0.930961	
1.50325	-1.00523	-1.32537	-0.620758	-0.00858293	-0.407112	0.445319	-0.329204	-0.0722885	0.460024	0.184743	-0.19313	1.25285	-0.679022	1.13712	1.96423	0.179457	-1.21002	2.15968	1.86395	
0.238869	-1.12339	0.468741	-1.88951	-1.41392	1.38	0.32953	-0.0126886	-0.580519	-0.295621	0.570886	0.823391	0.647104	-0.70053	1.26397	3.30906	1.53465	0.101528	1.20412	1.64614	
5.90376	5.19879	0.176096	7.37113	0.76835	-1.58924	1.84669	5.59393	1.17556	-7.68166	0.369298	-3.90726	-3.42287	-1.23067	-2.02731	-16.9326	-8.26222	6.51003	3.05496	0.0988834	
-0.770577	-2.31732	-2.54091	-3.80108	-0.937988	1.12375	-0.918505	-0.936497	-1.7444	1.90088	0.296129	0.609142	2.21779	-0.733428	0.0883258	3.35076	3.68352	-1.87241	-1.21983	3.00991	
2.87893	4.12571	-2.35239	6.68252	-0.464816	-0.080048	4.99322	5.40016	2.27969	-6.76251	1.5321	-3.37149	-0.824838	0.852572	-3.1764	-11.5639	-6.01664	4.62343	2.88971	-2.39156	
-0.0420041	1.20181	0.784518	0.867362	-0.866535	0.0388313	1.12956	-0.775551	-0.0320102	0.223469	0.118805	0.0268823	0.569921	0.679053	-0.819017	-1.86845	-1.45812	0.323973	0.334655	0.0410097	
-4.8536	-6.46979	1.67114	-5.52411	0.575326	2.63273	-4.30703	-5.64381	-1.98305	8.48273	-1.09927	4.02875	2.94623	0.632236	3.20204	14.8187	11.0163	-8.33219	-1.57007	1.65572	
-3.6773	-3.08858	1.95445	-3.86512	0.714747	-0.0252872	-0.928027	-4.02056	0.924652	4.50822	-1.45622	0.880186	0.548138	0.120649	1.23633	8.4518	5.51988	-3.77267	-1.14038	1.78418	
-0.49087	-1.10453	0.0729751	-1.60973	-0.850209	2.18552	-0.042732	-0.811207	-1.18625	-0.96509	0.459081	1.80584	0.430674	-1.37846	-0.332964	-0.561868	-1.1636	-0.291897	-0.299153	0.586603	
-6.50667	4.6383	-15.6904	10.9594	-0.233915	7.30332	2.45297	0.385371	5.40672	1.46478	-1.69089	4.82843	0.797512	-7.30505	-15.7721	-1.48727	-3.73949	-9.99382	9.90233	1.63693	
-2.67145	7.45732	0.950899	-1.66005	2.47138	-0.561082	-1.21253	-1.82458	-1.35264	1.99933	6.73452	2.84614	0.902194	-5.55286	4.05164	-0.34512	-6.97671	2.15161	1.74769	3.6508	
3.12834	-8.18964	-1.94425	2.49905	-1.28095	0.411074	4.14249	2.06818	1.98118	-4.60777	-7.04392	-2.3536	3.41993	5.18787	-2.93341	-0.340276	11.714	-1.97285	-3.18447	-6.05029	
-1.26854	1.79617	-0.00236139	0.00280829	-0.255271	0.243167	-0.950465	-0.00557743	-0.350463	1.027	0.239272	-0.0861183	-0.963733	-0.637609	0.326891	-1.81459	-0.818533	1.39975	1.60574	-0.756456	
-1.88384	3.22133	1.72644	-1.18411	0.445238	1.11012	-1.0904	-0.852714	-0.779497	2.11821	4.12964	3.07679	0.594723	-1.58299	3.55916	-0.370774	-3.15881	-0.078303	2.35545	-0.473047	
-1.33706	2.84897	-7.51438	3.54765	-1.32147	1.92984	0.2114	0.933517	0.610046	-0.475274	2.64451	2.43796	0.758864	-5.39071	-6.58222	-0.669268	-3.27538	-2.20377	4.74895	1.91105	
-0.469241	-2.52003	-0.140376	0.788949	-0.440653	1.49814	0.241554	0.358036	-0.1547	-2.18312	-1.89176	-0.868837	-0.0635779	2.55675	1.36108	0.107915	0.982327	0.862847	1.27528	-1.83002	
2.67213	-2.19193	0.0121532	2.07841	-0.340937	-0.838939	0.222809	0.690554	0.767661	-1.02586	-5.80039	-1.81278	-0.119718	2.86701	-2.1381	0.0183441	3.49431	-0.40205	0.500251	-1.48099	
-0.630696	-0.141672	0.0647321	1.4285	-0.739429	-1.6132	1.35891	-0.792675	-0.483655	1.50102	-0.517159	-0.728374	0.984943	-0.556825	0.486513	0.713822	0.665524	0.0327921	-0.38007	0.57085	
-2.11614	4.21989	-0.0416602	-3.2129	0.79161	-0.276654	-0.14202	-0.627463	-2.05574	2.10059	4.70518	1.20064	-0.872243	-3.8491	1.72173	-0.149123	-4.79101	1.86673	0.517521	3.84633	
0.171888	-0.850128	-0.0540114	1.57065	-0.0184922	0.459918	0.533094	0.796916	2.52297	-2.53945	-0.499831	-1.73601	0.0404227	2.04278	-1.76508	-0.506076	0.0483805	-1.16873	0.058014	-0.36723	
1.40656	-6.81651	-1.39011	2.2041	-0.766888	-0.442716	2.13493	0.26562	1.04843	-2.567	-5.37359	-3.02366	0.598788	4.20217	-3.49366	-0.733115	9.75781	-1.33501	-3.68531	-6.02171	
1.06004	0.00751311	0.221351	1.3922	0.392884	0.689748	-0.639473	-0.665358	0.28648	-0.0414433	1.8288	-0.00919084	-1.18144	-1.4336	-0.731237	2.26671	-1.37577	0.0254027	-0.0478536	1.3494	
-1.65671	5.71399	6.09165	-5.8063	2.16253	-3.91071	-3.33602	-4.23631	-1.66404	4.69635	8.15681	2.28558	-0.616285	-3.7471	7.27879	3.0352	-9.24801	4.06619	0.0171187	4.87494	
-1.61279	1.49161	2.02179	-0.997904	1.68159	-0.0172119	0.0745566	-1.79461	-2.50916	-0.354038	3.494	-4.43817	-0.269171	-4.59267	-2.39487	0.97493	-3.6697	-1.38552	-3.95544	0.063883	
-0.685699	8.14061	4.31693	1.19887	0.104764	-1.04138	0.0235503	-1.23509	-5.29214	1.67811	7.40487	-5.54075	1.15923	-7.69652	-3.02026	6.0747	-4.87968	-4.69477	-7.16529	1.76409	
-3.44591	11.3717	5.52879	-2.3095	2.82508	-0.304226	-3.20702	-5.80036	-3.39377	4.77425	12.5813	7.02078	-1.05619	-8.6722	6.35801	1.38755	-14.7056	2.6946	4.23419	8.86943	
2.1288	-5.31263	-1.63874	1.18428	-0.282547	-0.991603	-0.0209866	1.9715	-0.400801	-2.10729	-2.63567	-3.10763	0.830502	1.78097	-1.4408	-1.56908	5.05818	-1.77904	-1.14874	-2.31842	
1.63207	-3.61805	-0.268663	1.92414	-2.40713	0.107541	-0.721943	-1.89909	1.97202	-0.566415	-3.39112	-1.93701	0.63338	3.00667	-2.3534	-1.586	6.82353	-0.109067	-1.69786	-2.68232	
-1.66932	2.85232	0.351874	-1.5135	2.67634	0.710965	-1.7148	-1.67554	1.3477	0.878356	2.6127	0.905829	-1.01681	-2.45642	2.29046	-0.0429992	-5.78176	0.486913	1.58229	4.03949	
0.332646	1.30387	1.53628	0.638503	-0.45865	0.193032	-0.288834	-1.2544	0.190853	-1.03366	1.2948	1.49051	-0.396014	-0.402766	-0.0434045	-0.565018	-2.34084	1.22407	1.54503	0.656246	
-1.02765	-1.4447	0.26034	3.2277	2.13301	-0.00249465	1.94705	-0.0076868	-0.583149	-0.916606	-3.19536	-2.4603	1.2548	1.31831	0.498864	0.265553	0.891819	-1.08568	1.07965	-0.418324	
3.57553	-6.88677	-1.39268	2.56551	-0.624985	-1.13072	0.575889	3.46598	3.08629	-3.93556	-7.24135	-3.18538	0.461298	5.83537	-3.97558	0.201431	8.02477	-0.25778	-2.91606	-4.9401	
-1.20957	4.19413	3.32882	-2.76061	0.219991	0.39471	-1.6717	-3.29199	-1.05361	2.6635	3.04714	1.97631	-1.55417	-3.60252	2.04957	-0.763127	-4.53318	-0.983611	0.630801	3.07053	
-1.028	8.63891	11.6176	-9.86366	3.7872	-4.27635	-3.81626	-5.41628	-5.28167	3.59672	10.8905	0.73159	-1.23079	-5.58028	15.6307	1.12621	-10.7099	6.38768	-1.91078	9.13107	
-0.952265	4.82685	4.00546	-2.12488	0.783002	0.058821	-1.97057	-0.822458	-2.40597	1.11086	3.90196	3.11248	-0.522732	-3.42664	1.83248	0.457593	-7.40144	3.00739	1.20617	4.46209	
1.27566	-4.99449	-1.98737	1.41543	0.459331	0.123495	1.44488	1.2571	0.591863	-3.04104	-4.19182	-0.454819	0.187832	4.24934	-2.76031	1.35936	7.57794	-1.66325	0.0159378	-1.8533	
0.0390746	1.56341	-0.386346	-0.991973	0.216718	-1.46765	2.2053	1.20626	1.53017	-0.524226	0.420187	-1.44323	0.273186	1.45644	0.109831	-0.499976	0.4642	1.46626	0.56392	0.704108	
-4.44556	10.2114	-9.02705	7.85209	-0.477988	4.77238	1.04601	-0.323574	2.55509	1.1795	3.52563	7.32264	0.60329	-7.19493	-11.7254	-1.64901	-8.41135	-7.56443	7.34121	2.78458	
0.799064	3.31449	5.1615	-5.36308	2.70484	-2.9058	-1.53871	-2.49078	0.315851	1.94987	3.93821	0.704167	-1.31996	-2.31917	7.72989	2.16216	-3.02823	3.29925	-2.49504	0.816254	
3.09262	-8.92233	-5.45633	3.22392	-0.929817	0.587349	3.08925	0.708542	0.758554	-1.85448	-8.37756	-3.5003	0.238348	6.98779	-6.11041	-1.2478	9.83633	0.0818298	-2.7423	-7.57697	
-0.365208	0.380991	-2.65386	0.449066	1.15952	-0.405546	-0.642752	0.362	0.289064	2.49849	0.409568	-0.688474	0.357319	-0.507236	-0.269783	-0.469259	-0.491824	0.625973	-0.10341	0.690889	
0.827454	-2.47329	-6.37823	6.39281	-1.51474	1.47363	2.49915	3.22696	1.92338	-2.24147	-3.68634	-0.541334	3.35739	3.62181	-11.7329	-0.0712162	4.16612	-3.60726	-0.274298	-3.39474	
-0.594854	0.299398	0.285108	-0.852834	1.45033	1.91946	-0.204147	-0.289043	-1.24983	2.51074	2.86106	2.05903	0.355424	-2.94182	2.10826	-0.0225649	-3.64341	-0.0561039	-0.16713	0.719985	
2.28595	-2.26084	-1.03918	-0.0907038	-2.34801	-0.8501	0.217888	0.805284	1.42931	-3.34412	-2.95615	-1.57554	-0.900422	1.59395	-0.811529	-0.923595	1.54501	-1.04751	-2.06179	-0.921954	
6.1858	-15.4668	-4.67983	4.95476	-2.29449	-0.13541	5.11234	3.64778	3.81244	-5.58524	-15.5108	-5.74556	2.64859	11.6673	-6.76186	-2.50921	19.2772	-1.94462	-5.14645	-12.8246	
0.624743	-3.15789	0.289145	0.891776	-0.592045	-0.88413	1.80746	0.0716536	-0.775857	-1.62791	-1.78121	-1.80812	-1.18501	2.9385	-2.08181	-0.751771	3.36772	-0.440954	0.1022	-2.61122	
-2.01546	4.02201	2.8455	-1.65507	1.62633	-2.39596	-3.24308	-2.78561	-2.65773	1.37698	4.98153	3.71567	0.114451	-3.64429	3.32632	0.210148	-5.96617	1.44638	1.57637	3.35771	
-2.99781	4.27873	1.47826	-2.52335	2.68177	2.52073	-0.31492	-0.813918	-2.11093	2.7306	5.72836	2.05933	-0.270906	-5.17522	2.72826	1.09383	-6.14953	1.75334	3.95172	2.93751	
3.81416	-12.0944	-3.08098	2.80119	-4.40914	-0.265467	3.34431	3.4339	2.59906	-4.88821	-11.2187	-6.24143	0.591075	9.00112	-6.38738	-2.40658	13.7808	-2.3555	-4.24615	-8.88071	
0.570545	-4.63554	0.222681	1.15977	-0.0629766	1.46535	-0.146739	1.93114	0.823044	-2.15468	-3.685	-2.77641	0.381282	2.68728	-3.34862	-1.66938	8.50825	-1.47758	-2.89804	-4.69345	
2.87788	-11.5297	-3.42161	2.82422	-1.68562	-0.245549	4.66457	3.2873	1.23287	-5.12144	-10.5966	-2.23377	3.00747	8.11824	-6.45804	0.585346	15.9888	-4.18899	-5.62092	-7.99946	
-3.82727	10.5036	2.04234	-3.59676	1.29133	-0.0593324	-4.00125	-4.75595	-2.09554	5.09443	10.9609	4.34575	-1.57625	-9.32392	6.58986	2.3009	-15.1552	1.61069	4.25441	8.17285	
-2.77408	9.5205	-2.76387	2.47705	0.216956	0.98695	-0.201152	-1.09537	0.193363	2.14534	4.34549	3.34896	0.060315	-8.62057	-1.72512	-1.49282	-10.0964	-5.00774	6.47619	4.69409	
3.01665	-9.69254	-3.2113	0.535043	-3.77643	1.04874	4.43139	1.69105	5.34736	-2.99663	-11.6497	4.79934	-1.95147	7.02185	1.24587	-6.16314	10.0277	3.89532	5.7691	-4.38217	
-3.47267	6.55131	3.42572	-2.11219	2.10542	0.0515956	-1.61322	-3.1084	-1.32941	3.38141	3.75371	3.63506	-1.80854	-5.94639	4.26124	-0.260994	-8.73864	0.818465	4.55242	6.10282	
2.13549	-10.6229	-3.51696	6.59469	-0.182126	2.10614	3.94221	2.54119	-1.44346	-5.36878	-7.49142	-9.41053	0.654843	4.67617	-11.4014	3.76849	13.0228	-6.73786	-7.92009	-10.095	
-1.17433	-1.04472	-0.429009	-0.0935959	0.283245	0.455693	1.50775	0.71579	-0.0933119	-2.26202	-1.22535	-1.02211	-0.679273	-0.601191	-1.70074	-0.966202	-0.563327	-0.726591	-1.8403	2.54534	
-3.76949	9.12127	2.96596	-4.30181	0.861217	0.913801	-3.20243	-3.43831	-2.19326	3.16831	10.6294	4.07657	1.70122	-6.23544	5.25316	2.56693	-12.3463	0.678939	1.80712	6.36718	
-2.35601	3.08621	0.749911	0.782354	1.68095	0.163108	-0.0253409	-0.773739	-0.421502	1.96063	1.55344	2.22999	-0.472096	-2.35089	0.84391	0.310455	-2.92721	0.944606	1.50888	1.10251	
0.420067	2.35121	1.31278	-0.240983	-0.328511	-0.604268	0.451947	0.115123	0.183858	1.62293	-0.0136138	1.37771	-0.0437253	0.767914	2.42944	-0.116023	-0.798491	0.118196	-0.221747	1.05385	
2.13744	-3.24587	-2.46211	1.28439	-1.2148	0.501285	1.12568	1.36766	1.70681	-2.12965	-4.51601	-4.09948	0.521296	4.33101	-2.54102	-0.0374951	6.02886	-2.56424	-1.60475	-4.30368	
4.34899	-11.1262	-4.06967	2.57758	-4.63693	0.581837	1.63101	3.56108	5.20997	-2.85119	-13.1343	1.77865	-0.44755	9.85387	-1.95685	-5.26604	13.3525	3.49725	2.50032	-9.00094	
-0.00683553	6.33774	2.87185	-1.71758	1.67128	-1.10645	0.010868	-0.879998	-2.00263	0.542378	3.85756	3.80927	-0.249338	-2.64688	1.53256	0.159251	-6.51027	0.777414	0.951105	4.55801	
2.41717	-7.93456	-2.08011	3.65039	-0.211993	-0.0409186	2.49633	3.43118	1.92899	-2.38741	-7.65285	-5.535	1.83376	7.28004	-4.24233	0.706972	9.5569	-2.13837	-1.21452	-4.76232	
4.07729	-9.43846	-2.77259	5.48478	-1.40495	0.454842	1.69318	2.486	1.58331	-4.34878	-12.1817	-3.5373	2.24686	10.3782	-5.3919	-0.453967	13.6818	-2.504	-2.63677	-8.46636	
1.02432	-5.02415	0.439902	3.14201	0.989765	-0.2767	0.218688	2.06286	-2.19584	-3.63892	-0.99309	-11.2926	2.92147	1.96102	-6.53958	4.70013	8.67028	-4.28727	-8.84545	-7.15671	
-0.741635	5.19991	1.76041	-0.190361	-0.00909415	-0.81475	-2.71161	-0.856485	-1.20393	1.61159	3.95859	1.8056	-0.609666	-3.71128	1.73832	1.97782	-6.20607	-0.268212	2.32903	2.15767	
-2.07622	3.09847	2.70873	0.302441	3.65752	-1.24404	-1.93856	0.24994	-9.55338	0.633683	7.94846	-12.7195	4.32519	-6.88147	-4.79838	11.1248	-0.644467	-8.18439	-12.5215	-1.25827	
-0.774485	2.80028	0.168503	0.493688	1.83001	0.543243	0.627636	-0.335316	-0.868101	-1.2498	-0.672004	0.344875	-0.983341	0.786834	0.916128	-0.665258	1.51598	-0.587265	0.990832	0.441029	
-0.603928	5.28857	2.6007	-4.15715	0.999104	0.498159	-0.770327	-1.85286	0.152219	1.09982	4.92985	4.91948	-0.14361	-4.53522	5.0531	0.889304	-8.60637	1.39143	4.50562	5.39301	
2.25225	-10.3897	-3.29086	3.77022	-0.821611	-1.04049	4.82345	4.03269	3.09417	-5.03976	-9.29864	-4.45159	0.361667	9.23713	-5.69174	-0.233395	15.763	-0.301893	-2.24658	-7.43248	
-0.542022	3.51571	0.650079	1.81741	-1.80201	0.432126	-1.23492	-0.0906893	-1.6337	0.29579	2.57175	-0.702532	-0.323682	-1.41058	1.31943	-0.522148	-2.69166	1.41924	1.26114	1.55375	
2.69254	-4.90997	-1.00509	1.88293	0.00181252	0.552672	1.29342	1.57265	-0.765651	-1.8258	-4.50819	-0.858954	0.453	2.26274	-0.164827	-0.0322417	5.01904	-2.50977	0.0626288	-2.18897	
0.714976	-4.42886	-0.244819	0.508016	-0.0055965	0.325975	0.628569	1.75607	0.767571	-1.40309	-6.20081	-1.46359	-0.488399	3.91507	-2.6774	-0.579164	6.28302	-1.06003	-2.67596	-3.50777	
3.10856	-10.4363	-3.33233	1.59385	-1.51151	1.83853	1.52591	4.90802	2.75474	-4.44907	-8.91588	-3.16374	-0.165018	8.25122	-6.05042	-1.40555	10.7074	-1.72867	-2.88289	-8.59534	
1.23285	-4.42838	-1.36365	0.0384845	0.228769	-0.0136718	-1.16268	1.10549	-0.44977	-3.30698	-1.80155	-1.38065	0.128686	3.76988	-2.42747	1.20797	5.98636	-0.0626063	-2.80556	-2.26157	
0.179152	3.08639	0.392201	0.750603	0.717068	-0.980963	0.571932	-1.38825	0.61533	-0.601727	2.20346	-0.814933	-1.3054	-2.22414	1.80304	-2.04073	-5.88005	-0.328682	0.831433	4.13451	
-1.95889	-0.886479	-1.52797	-0.377705	-0.0752779	-0.794823	0.857215	1.1397	-0.237386	0.116393	0.136605	-0.43083	1.31441	1.94533	1.43143	-0.829031	-0.820996	-0.221165	-0.493831	0.533448	
-1.18796	6.42044	2.79408	-0.893156	2.86371	0.323209	-1.66105	-1.55188	-3.11761	1.36648	6.60623	2.13104	-1.92845	-4.91663	3.90566	1.16267	-8.16249	-0.594799	1.70163	5.8997	
3.26845	-10.2995	-3.2926	3.64809	-2.23511	0.646887	0.568789	3.99765	2.43448	-5.69383	-8.22191	-4.10733	0.540763	8.6649	-2.37714	-0.978373	12.3956	-1.39263	-3.74897	-7.54955	
2.22784	-2.1618	0.0280294	0.406288	-1.11493	1.6043	-0.209191	1.44581	1.96443	-1.26166	-3.57587	-1.83326	1.64072	2.46968	-2.32219	-0.821006	3.70515	-1.30162	-1.2701	-1.23481	
3.88438	-11.855	-3.77002	3.88186	-2.33396	0.8061	2.64643	4.04825	3.75951	-4.3722	-9.99029	-4.95092	2.36749	7.93209	-7.16533	-1.35898	10.3796	-1.21911	-3.76241	-7.82724	
-2.06791	9.73478	3.93591	-4.09543	1.89896	-0.379973	-2.3937	-2.20944	-0.849441	2.36887	7.0985	4.74842	-0.11427	-3.97386	4.09897	1.27245	-10.5422	0.279834	2.70343	4.77368	
0.811669	3.93521	-1.73904	-1.56395	1.44023	-0.337395	0.602381	-0.248856	1.41483	2.55361	1.20906	1.99151	0.701388	-2.30985	3.54661	-0.358491	-1.93416	0.783801	0.695547	2.02716	
6.08555	-20.1502	-8.30243	5.71748	-2.82324	-0.320972	8.36809	6.21683	4.84862	-7.23558	-19.3457	-8.46657	3.54539	15.5887	-11.7068	-1.88817	25.7045	-2.03023	-6.49044	-16.2719	
-0.917437	1.71367	-0.922745	-2.82257	0.0434745	0.835172	-1.0782	-0.463093	-0.906741	1.98773	3.11611	1.1045	0.708356	-3.20034	3.48346	1.71229	-3.779	0.135377	0.478897	3.64331	
-3.07335	8.5164	1.24389	-1.76825	0.607861	0.0813778	-2.33731	-1.55649	-1.46146	4.63959	8.68315	5.42716	1.33665	-6.70183	5.11354	1.19997	-11.5667	1.80185	3.19693	7.86005	
-1.68932	6.445	2.72856	-0.313922	1.62396	1.15548	-2.59667	-1.87028	-2.21236	1.33163	5.6428	1.56664	-0.849121	-3.06402	4.61081	-0.0309983	-7.21954	1.3321	1.01652	2.59065	
0.742379	-4.91756	-0.534282	1.99909	-0.342919	-1.12501	1.66757	1.66294	3.41336	-2.09116	-5.15919	-2.14625	-0.069264	4.66624	-4.48462	0.386454	6.70948	-0.509902	-0.604418	-2.54442	
-0.878963	2.45882	0.165359	-3.50937	-0.138852	0.669568	-1.13718	-0.760111	5.43961	2.03487	-0.895231	12.9875	-3.49032	0.725293	5.87294	-6.68272	-5.80787	5.28708	12.3399	5.17503	
-1.10527	3.10789	-0.181994	-0.0103653	1.11488	-1.56065	-1.65093	0.0922027	0.0551682	0.124204	2.37324	0.928488	0.789769	-1.40423	0.565492	-0.623508	-1.83089	0.108138	1.51152	1.74108	
-0.0541646	-0.162186	1.24257	1.48925	0.848363	0.898981	1.40039	0.0962448	0.370748	-0.115028	-0.726896	-0.845898	1.8269	1.48469	-1.65002	-0.182397	1.0586	0.562268	-1.23519	-1.81851	
3.32537	-11.5926	1.94154	-0.40712	-0.129787	-2.95768	1.3838	4.23758	0.797803	-2.63332	-7.15329	-7.20611	0.899374	11.561	1.8192	0.368004	14.7384	0.730543	-4.85976	-7.21913	
-0.865281	2.08209	1.04326	-0.415372	-0.784806	-0.332506	-1.9453	0.861122	-0.0497265	0.618866	1.32792	1.49771	-0.474164	-1.48675	1.56211	-1.28697	-1.9693	2.25471	1.78218	0.342313	
1.16405	-7.22948	-0.58037	2.4175	-0.0308256	0.0856379	3.02646	2.19926	0.758572	-4.10586	-5.66328	0.385039	1.35159	5.43503	-5.2233	-2.93846	10.7044	-1.12802	-0.877426	-4.2856	
1.81717	-0.150176	-0.960392	-0.65996	0.138163	-0.463016	-1.55424	-1.14243	1.0873	1.07049	0.306509	-2.86028	-0.123444	-1.51616	1.33679	-0.0969808	-1.57255	-0.0928978	-0.45631	0.876554	
-0.183465	-1.28202	-0.858156	0.48456	-0.122511	0.0158638	1.01728	1.205	1.01057	-2.67441	-2.18009	-1.37403	1.09667	1.86886	-1.15709	0.935717	2.62005	-1.15878	-1.76391	-1.40517	
-0.478024	3.35282	0.751793	-1.27084	-0.37109	-0.900513	0.129687	-2.93619	-0.969266	0.114107	4.87447	2.94615	-0.26926	-4.53072	2.88349	0.429838	-5.40709	2.20155	0.435529	2.00308	
-0.441653	3.53185	0.210821	0.72659	1.36744	-1.41294	-0.243558	-0.0302739	-0.21389	0.432808	1.4061	0.619912	0.859922	-1.16906	1.7876	0.546895	-3.30684	-0.657404	-0.128489	0.275977	
1.53422	-8.68432	-2.54231	1.44128	-2.77538	0.398759	0.712629	1.05413	2.16466	-3.82395	-8.70525	-2.82294	0.792484	6.30797	-5.21018	0.142592	10.4174	-2.03972	-0.196856	-5.82802	
1.29556	-9.12611	-6.25409	5.76096	-2.56915	-0.202746	3.82211	2.78138	3.42372	-3.87189	-8.8594	-2.07958	0.376834	7.72932	-9.34359	-1.40773	12.1752	-4.06262	-0.519765	-8.13659	
1.67549	-3.38527	-0.778199	0.893324	-1.86962	-1.2663	1.02123	1.54533	-0.707294	-0.185842	-5.18882	-1.62568	1.63192	2.3653	-2.52645	-0.214337	4.11562	-0.889197	-1.34655	-2.35556	
-0.209549	4.44273	1.90834	-3.8482	0.053628	0.136851	-2.17755	-1.12007	-1.02399	1.66669	4.27985	2.72334	-0.656032	-5.03692	1.9651	1.83252	-7.30637	0.960664	1.14899	3.19666	
0.805954	1.43324	0.717895	-0.996679	1.00148	0.603625	0.100541	-2.42893	-0.088963	1.72118	1.65759	1.90952	0.818728	-2.48653	0.716956	0.680448	-2.20484	0.517753	1.21086	0.43581	
1.29031	-11.1587	-3.43571	2.23252	-2.48075	-1.02753	2.60558	6.41039	2.79049	-2.59514	-9.71313	-2.05464	2.16623	8.61594	-5.2428	-0.796004	11.4524	-1.36444	-2.12392	-6.51955	
0.839368	-0.281088	1.85603	5.05186	0.497513	-1.73351	-1.05929	2.26457	-6.45879	-1.75218	5.41043	-11.3802	3.84194	-2.54338	-6.06431	8.44437	1.68922	-5.8054	-12.7318	-4.40429	
-0.442396	3.59484	0.365037	0.758156	1.66307	2.12491	1.29475	-0.212202	-0.958079	0.906793	1.9706	3.38872	-0.937066	-1.59912	0.0813875	1.04044	-3.1734	-0.271586	2.47754	1.91373	
1.95841	-9.968	-5.98103	6.47126	-1.27696	0.0928555	4.9613	3.15664	4.74489	-3.26032	-9.99566	-4.15462	1.42566	6.62739	-8.82536	-0.795814	11.9162	-3.02554	-1.19578	-7.03065	
2.51841	-2.60624	11.5209	-9.17069	0.533379	-5.93705	-1.93881	-2.49353	-3.79436	1.05645	2.38802	-4.36529	0.461419	1.6519	14.8823	1.51607	-0.859846	8.50217	-5.80598	-0.0151927	
1.94918	-4.39204	5.33352	-0.916581	-0.957312	0.173074	0.9988	-2.92133	1.18745	-0.958616	-0.268596	-0.397835	0.100399	2.17616	-1.65775	-0.59785	0.569061	-1.41324	-2.72328	-1.42266	
2.72779	-2.14227	1.91134	0.383155	0.912553	0.704251	0.538323	0.391461	2.40127	0.299578	-1.51399	-1.521	0.361985	-1.86641	0.341156	0.543919	0.612912	-0.303148	-1.95988	-0.52212	
-5.27446	4.31049	-9.20109	0.728527	0.143723	-2.53226	0.157784	2.58582	-2.35064	1.88896	0.608259	1.40256	0.82678	-1.61498	0.684842	-3.11234	-3.65885	4.11659	3.91381	0.959572	
-3.01344	4.26998	-5.28257	1.07738	-0.107522	-2.77833	1.42738	2.49469	-1.6816	0.675703	0.627109	1.20153	0.714622	-0.587362	1.45241	-1.76528	-1.32188	1.0334	3.7132	1.21259	
-5.22125	3.82437	-7.41239	1.08726	0.75658	-0.770564	0.0715597	1.63844	-2.3418	1.47223	0.107352	2.2241	1.89873	2.14481	1.18394	-1.41252	-1.41762	2.2766	4.35906	3.31507	
-3.23885	2.98764	-3.4975	-0.581615	3.09048	-1.76198	-0.889694	-0.12387	-1.02411	1.4779	-0.590304	0.0885802	0.111962	-1.59755	0.134837	-1.37204	-3.71052	2.52783	2.74044	1.52005	
-3.76689	1.65344	-4.70723	-0.714234	0.100307	-2.07786	-0.7382	1.81576	-0.3348	2.23219	0.219412	0.553432	1.20856	-0.62204	1.09985	-0.601406	-2.08806	1.9052	5.13978	0.380888	
3.63006	-3.60152	6.6953	1.83859	-0.670462	0.860539	0.972235	-0.684908	1.94805	-0.919102	-2.1158	-1.18157	1.42952	1.73233	0.270295	0.230155	2.18477	-1.59439	-1.79074	-2.78064	
-16.637	-0.424679	11.5005	-1.10102	6.36657	-3.25713	-15.2205	-10.2754	-1.30804	15.5542	-6.61873	-1.65398	-0.965052	-6.5069	3.49702	12.7583	-9.88799	1.69856	6.9049	1.07261	
-0.729518	-0.238441	-0.660153	0.143252	0.207641	2.71021	-0.940149	0.20866	2.58872	-0.832729	-3.88479	2.56989	-1.54678	-2.26796	-5.94169	1.05221	-0.207742	-4.1835	0.69821	1.86993	
-2.73241	2.80728	-9.93006	12.7536	-0.944691	10.9037	3.07395	2.54583	6.75338	-1.15738	-2.12797	7.12885	1.49063	-6.34227	-19.4342	-1.26094	-4.34566	-13.8622	10.0059	1.59759	
2.17684	-2.07167	5.88757	1.20692	1.32063	1.51118	-0.0679453	-1.2058	0.886802	-1.16654	-0.913826	-0.713218	1.39547	-0.796933	0.324014	0.23728	3.4133	-1.38578	-2.94746	-1.96907	
0.724189	-1.16326	2.69205	1.14125	0.312048	-0.564743	0.26384	1.2188	0.276411	-0.365274	0.723052	-0.605049	-2.33155	-0.443966	0.983026	1.57196	0.233247	-0.226397	-2.09853	0.391751	
4.32617	-1.12329	4.18745	4.90634	0.465097	4.17202	0.586485	-0.325291	2.57223	-0.71487	-2.07141	3.95672	-0.31616	-1.42283	-4.7637	1.11673	1.73744	-5.34598	0.273218	-0.992628	
-4.15981	4.80474	-5.07696	-0.126149	2.60079	-0.593721	0.684162	1.85984	-1.95455	3.02055	0.929811	-0.396375	-0.117974	-1.13005	0.55614	0.557143	-2.6646	3.11844	3.06312	1.98327	
-3.04378	2.10866	-4.76187	1.24624	-0.0901446	0.472806	0.215019	2.35383	0.229017	0.48474	-1.21538	0.262967	-0.167757	1.14573	0.445812	-1.76573	-1.62844	0.513752	1.02806	1.08617	
13.354	-9.76066	18.1377	0.722144	-3.32226	6.17446	-0.673279	-5.66664	6.16779	-5.44553	-0.95141	-3.83115	-0.864226	4.24811	-0.372934	2.73737	7.92965	-5.46445	-11.7446	-4.35063	
10.2052	-8.31643	16.9428	0.911984	-3.43669	4.94667	-1.86985	-3.09789	4.05143	-4.6731	0.563889	-2.375	-2.72272	1.95156	-1.25066	2.10862	6.65273	-5.3024	-9.12634	-4.47731	
-0.105451	-0.0216497	-1.83105	-0.398861	-0.317688	0.358821	-0.216409	-0.968273	-0.777296	0.634875	0.542878	-0.567257	-1.68574	1.71892	-1.32487	0.669325	-0.809432	1.2854	-1.70882	-1.95773	
3.76841	-2.49957	2.89001	1.37012	-0.662427	1.03507	-0.334547	-1.63121	0.528494	-0.737623	-0.428797	-1.44086	-1.24215	0.0410278	0.274897	-0.438619	0.557529	0.668302	-1.114	-1.74517	
6.79054	-4.97056	7.78674	1.23679	-0.114037	4.53852	0.231019	-0.639383	4.39515	-1.56581	-1.91853	-0.729994	-1.76812	0.634467	0.517894	0.609493	3.64167	-1.31689	-4.64683	-4.41877	
1.0085	-0.897122	3.22267	-0.55137	-1.4151	1.43151	-1.05285	-2.09164	1.17649	-1.26727	0.0489293	-0.115842	0.371163	-0.212673	-0.642068	1.64257	0.586504	-0.020929	-0.129273	-0.362451	
1.43829	-1.85915	0.561754	0.779085	-0.197589	0.88735	1.22888	-2.21189	1.29476	0.302043	0.349108	-0.974749	-0.416579	0.46928	-0.766462	-0.278717	0.229539	-1.50148	0.897731	-0.299093	
-1.22495	-3.18421	3.93792	0.225295	1.80513	0.0841755	-3.13033	-2.75963	1.53922	1.42577	-0.551757	-2.67506	-1.67202	0.10086	0.47137	3.11033	-0.274323	-1.52898	-0.309303	0.927046	
5.75757	-3.52936	7.91535	0.342475	-0.872681	2.64612	-0.331341	-3.66456	3.37434	-1.98427	0.27587	-1.59946	1.73108	1.69458	-0.93679	0.991584	4.11639	-2.1705	-6.54826	-0.436005	
-4.63704	6.39676	-11.0602	7.58817	-1.63136	5.26645	3.77757	2.28633	1.97244	0.523462	-0.427658	4.57767	0.909474	-6.08103	-11.4922	-1.63875	-5.81731	-5.07243	7.53026	2.81598	
4.61654	-5.93397	8.60523	1.19119	-0.169135	3.42295	0.172132	-3.83746	4.61437	-1.72994	-0.601725	-2.59794	0.794786	1.5923	-1.85573	1.94225	2.68994	-3.82347	-3.2585	-1.845	
1.352	-0.268059	-1.16308	-0.688963	0.749076	0.917628	-0.47838	-1.29172	0.849272	0.522851	-2.72422	0.178716	0.0705105	0.651351	1.22801	1.50583	0.531687	-0.176536	0.344888	1.70615	
-1.54256	0.259688	-0.00408662	-1.08021	-0.617954	-1.41584	1.72731	1.38659	0.526527	1.05095	0.140877	0.733818	-1.52816	-1.59216	0.767661	1.21465	-2.79368	0.182477	-0.353183	-0.525935	
-0.409712	2.39256	-2.67058	-0.516467	-0.328531	-0.904649	0.420531	0.190228	-0.694174	0.236036	0.569129	-0.37696	0.295322	-1.78519	0.0236185	0.0340482	-1.69948	1.26563	0.798646	0.164559	
2.92941	-1.07461	4.67195	0.360724	1.33851	-0.442895	-1.18369	-0.182124	-0.283811	-1.35907	-0.621193	0.627504	-0.402388	-0.889742	1.88414	-1.73152	0.28384	-1.54175	-1.24119	-0.0244015	
0.171178	-0.631838	3.31994	1.69292	0.856185	-1.1601	-1.09465	0.540097	0.504288	-0.383406	-1.13496	-0.243534	0.877992	0.407561	0.122219	0.89508	-0.381025	-1.17695	-0.613645	-1.61587	
-3.39219	3.21714	-4.58915	-1.0286	1.86254	-1.37896	-0.349805	1.46269	-1.73484	-0.377477	0.153913	2.09374	0.949706	-2.33377	0.440806	-0.263956	-2.88042	0.598649	0.64038	0.562426	
-6.19208	6.41537	-9.44611	-0.68787	1.84565	-1.8716	0.286064	4.44671	-3.32572	1.69787	1.96997	3.27206	1.39371	-0.801808	2.27044	-2.59403	-5.15239	5.4991	4.70324	2.18293	
-1.53482	-0.125671	-1.36011	-0.869109	-0.446683	-0.842971	0.109952	0.52256	-1.38199	-0.00334615	0.0601212	0.514445	-0.328656	0.109888	1.09223	-0.833851	-1.1554	1.93509	3.36693	0.288475	
15.9239	-2.08066	-4.63821	1.72199	-3.75095	2.74741	10.4881	5.60838	4.93203	-15.2883	3.56291	-0.127004	1.23315	4.29356	-2.8877	-10.1714	7.88637	-4.63888	-7.97491	-3.67458	
0.028335	0.693704	-2.08385	-1.27195	0.977792	-1.07468	-0.26216	-0.0713266	0.0646482	1.50894	-0.465948	0.630363	0.486181	-0.619083	-0.743964	-0.123901	-1.2703	1.05636	0.313936	1.02778	
-4.8924	6.11348	-8.64958	-0.842979	0.846953	-4.35344	-0.433904	2.95749	-2.86178	3.00323	0.666979	0.862748	1.35899	-0.24971	1.67038	-1.72594	-4.1103	2.93202	4.90733	5.17903	
5.57575	-6.80669	10.7872	-9.3711	-0.0877704	-5.34656	-0.76337	-1.28871	-4.76789	-0.303655	0.397659	-6.79906	-1.71465	5.75333	14.24	0.966637	4.4021	5.66202	-9.70044	-1.60588	
-3.24257	1.70064	-2.10012	-0.753626	0.897834	-1.29692	-0.397631	1.17365	-1.78457	0.0733993	-0.573956	-0.0492105	-0.3904	-1.35615	0.503716	-0.911152	-1.86394	0.738017	0.976611	0.885416	
4.05639	-4.70708	5.49308	-0.248859	-0.773099	2.41878	-0.398323	-1.47308	0.922341	-1.39804	-1.97942	0.586717	-2.49452	-1.43233	0.712433	2.63306	2.76761	-0.4135	-3.6588	0.389407	
5.15448	-5.09268	6.58663	-0.0530734	-2.14885	0.724808	-0.267865	-2.29339	0.913446	-1.18972	1.15056	0.718236	-0.0030271	-0.392337	-0.903726	-0.296674	3.80591	-1.94248	-3.70428	-3.39186	
2.96562	-3.28432	4.12382	-0.330276	-0.308614	2.77318	-0.246215	-1.24154	1.08002	-0.768587	-2.1863	-1.03103	0.151118	-0.347606	-0.327762	1.37304	2.81299	-2.12854	-2.49085	-0.740872	
1.08283	-2.60537	0.187399	-1.26858	-1.56207	-0.0611852	1.15928	2.0257	0.391792	0.874317	0.894483	-1.63356	-0.895281	2.08651	1.00935	2.81585	0.555754	0.419769	-1.93831	0.729224	
4.7504	-5.54277	9.58844	1.93728	-1.8302	2.11023	-0.381786	-1.01665	2.62088	-1.26627	-1.34613	-3.22526	-0.208616	0.471784	-1.10643	1.55712	4.25649	-2.71883	-5.67171	-2.92424	
-0.205866	0.950064	-1.45354	-0.225545	1.00485	-1.10485	-0.370958	0.419774	-1.64865	0.212831	-1.04523	0.356102	-1.05687	0.504715	-0.303924	0.301945	-0.199266	1.40941	0.911779	0.78268	
-0.793755	1.29957	-1.18164	-2.3549	0.30056	-0.462792	-0.456223	0.777634	-0.691656	0.372937	0.762499	-0.697533	-0.42607	0.972309	-2.31418	1.01965	-1.45647	1.73248	1.31974	1.04259	
-0.0112106	0.0274735	1.25244	-0.686547	-0.284957	0.0465408	1.20932	-1.28886	1.4151	-0.704642	-0.137045	-1.75344	-0.0294097	-0.27956	-2.14699	0.163177	2.34412	-0.0588316	-0.912036	1.02184	
5.64279	-7.78396	11.2273	-4.07132	-0.657403	0.462042	-0.68744	-0.619278	0.723476	-1.74818	0.0997568	-3.33119	0.269824	1.54904	5.37148	0.808212	2.70523	1.30775	-7.00803	-0.8287	
-3.65473	4.17693	-8.67341	0.693842	0.897522	-1.1741	1.08242	1.32833	-2.23911	1.80724	0.152305	1.79107	-1.1625	-1.74468	-1.27678	-1.22676	-1.95964	3.3167	4.92865	1.39537	
2.21285	-0.260475	0.137733	0.739866	-2.4118	0.334153	-0.245221	-0.567906	0.313999	-3.03498	-1.20865	-0.527171	0.261346	0.79001	-0.294821	-0.708595	4.07368	-0.615482	-2.48649	-2.59781	
4.0675	-3.12193	8.92291	-0.514383	-1.90425	0.117505	-0.391712	0.0176927	0.629112	-0.435962	-0.266436	-1.36702	-0.681683	0.340511	0.449362	0.937401	4.80068	1.5732	-5.07045	0.378805	
-5.47468	5.66801	-7.94831	0.701907	0.974784	-3.25891	-0.897486	2.51646	-1.08856	3.49567	-0.63812	1.07347	0.773733	0.0088175	-0.749451	-0.201728	-2.40963	2.63335	4.03347	2.76784	
11.9249	-9.71204	17.9939	0.463592	-2.30768	5.37003	-0.324088	-3.69464	5.54588	-5.20369	-1.44386	-3.47962	-0.096736	2.64091	0.874157	2.32429	8.64672	-7.42316	-9.81143	-4.10841	
1.70303	-5.2365	4.95042	-0.0615791	-0.612993	0.709979	0.93091	-0.996914	0.157733	0.407652	0.0856114	-1.08301	0.564655	1.52631	2.55328	-0.532815	2.43968	-1.33555	-3.6927	-1.19785	
6.79292	-3.77504	10.8165	1.7704	0.356722	3.6623	0.685445	-2.04095	2.18516	-2.68947	-0.91915	-2.52329	0.00221492	0.0690901	-0.130899	1.99514	3.69809	-3.4948	-5.11954	-1.36571	
3.33905	-1.43183	1.70938	-0.2041	-2.2864	2.648	1.47321	0.740551	0.622687	-2.85491	-1.63274	-0.672606	1.02353	0.300246	0.623457	-1.27454	2.80067	-2.59494	-4.60521	-0.786262	
-4.2695	2.4141	-4.01706	0.92069	-1.37496	-1.45971	0.276606	-0.60525	-2.69098	1.35424	-0.597915	-0.860031	-0.273281	-0.11657	0.122967	-1.02501	-1.63561	0.258154	1.9553	1.0677	
2.24355	-3.02439	3.93036	-0.300054	0.365234	-0.440775	1.00477	-2.35285	1.55481	-0.964841	0.0634269	0.0660266	0.440828	0.0697461	-2.25396	-0.39064	2.2302	-2.69567	-1.74644	0.043264	
1.72937	-3.33067	5.6283	-0.997983	-0.970186	0.233571	0.525626	-0.913393	2.72098	-2.64239	-0.981199	-0.872241	-2.01529	2.39004	-0.153672	1.29354	2.6852	-2.31115	-4.06247	-0.815432	
-1.19419	0.309721	0.300347	-0.0520391	0.697037	0.0836571	-1.94878	-1.29909	0.26595	0.633935	0.860921	-0.626353	-1.65979	0.334641	-0.962401	-0.0450751	0.195685	-0.86425	0.444332	0.84659	
0.933327	-1.48588	-3.26219	0.335627	2.2873	-1.00531	-2.18568	-0.0853889	-1.91541	-1.14126	-0.00523277	1.27888	0.530858	-2.76818	-0.893543	-1.5228	-1.5932	0.862871	0.845779	0.120094	
-1.75061	2.85405	-6.31194	-0.0558862	3.43772	-3.01714	-1.17475	3.03003	-2.72636	3.28946	-0.303032	-0.343172	2.29077	-0.152047	2.0145	-1.49646	-3.91499	2.20761	3.06023	4.35602	
-14.2763	0.647136	4.07779	-1.35578	5.12209	-3.71504	-10.332	-8.39295	-3.49996	12.7922	-4.44124	0.169769	-0.848004	-1.55313	2.47471	7.97764	-8.17883	3.42959	8.29029	5.80473	
2.25169	-3.41764	4.26912	0.958271	-0.218063	0.749337	0.773171	-3.44419	-0.401733	0.945324	-0.0590191	0.101023	0.677144	0.941462	0.258861	0.998513	2.21163	-0.292151	-2.2784	-0.59047	
8.30846	-7.68338	9.89733	0.729127	-2.36186	2.64006	-1.76781	-1.7309	3.08298	-2.14076	-0.239314	-1.3923	-1.11959	1.10044	0.322984	1.46697	6.09955	-7.07375	-6.13633	-1.29529	
-11.019	11.098	-18.8908	-0.848811	1.83278	-6.10491	-0.318057	5.95546	-5.85951	4.4183	0.129861	4.34073	1.67526	-3.68911	0.431216	-1.62392	-9.61839	5.43835	9.19981	6.09233	
4.86708	-3.56647	5.03768	1.70909	0.270087	2.00729	0.150173	-0.836317	0.195998	0.941893	0.115307	-0.731985	-2.74555	1.18434	-0.475308	0.0343619	5.09684	-3.0627	-3.37107	-1.38438	
-3.33461	2.58758	-4.94894	0.546009	0.701811	-2.02991	-0.926507	0.0600428	-0.197341	0.419953	1.76514	0.428484	-0.915526	-0.644261	0.732033	-2.47151	-2.98484	1.27876	0.799026	0.37945	
1.60191	0.0996446	-1.18982	0.601904	-0.539696	0.343382	1.67531	-2.75009	0.557811	-0.576114	1.3763	1.34923	0.905623	1.23518	-0.522229	-1.03848	0.36768	-1.49404	-0.478954	-0.265057	
-4.49528	5.53203	-6.335	-0.440836	0.953649	-1.78516	0.0920988	1.31713	-2.55105	1.81515	-1.0654	1.96066	0.799613	-0.5582	-0.0449375	-1.09268	-1.63844	2.92863	4.74428	2.07366	
-3.8514	0.980365	-3.64358	1.86062	0.964481	1.73877	-1.47875	-0.690197	-0.320572	2.73707	0.361699	2.37886	-0.52329	-2.9888	-6.80071	2.19575	-2.96163	-3.10257	5.34656	1.45957	
-4.93746	5.03271	-8.91605	-0.43367	1.02732	-0.521392	-2.2134	2.4267	-2.9688	3.74009	-0.558588	2.11041	2.2552	0.243993	0.907951	-0.26685	-3.4977	4.35397	5.44186	1.91979	
1.97044	2.33496	-5.51976	1.64718	-0.823472	-0.804095	2.92484	4.24592	-1.44857	-2.08747	-0.100526	0.565893	0.0753308	-0.68658	-1.95591	-2.88646	-1.46266	-0.740168	0.831374	0.521668	
5.817	-5.21297	8.18169	1.06802	1.0565	1.13132	0.491123	-0.890566	3.47247	-1.2713	0.125304	-2.35345	-0.171773	1.26833	-0.759804	2.10369	4.94988	-4.03137	-5.14638	-1.42658	
2.72075	-2.36621	6.30037	-4.99895	0.61893	-3.65552	0.399615	-1.89464	-1.43209	-1.17098	0.262811	-1.61739	-2.32303	2.88769	8.48464	2.7547	2.53171	4.27505	-4.2358	-0.510621	
9.25144	0.534409	-3.45935	0.294286	-3.96981	1.93722	6.5874	4.53711	2.59958	-8.05691	3.72935	-1.28302	2.33932	3.98245	-2.55997	-5.70937	6.49245	-4.2554	-4.53607	-4.25858	
-4.60727	4.15469	-6.79879	-1.80135	0.304623	-2.78259	-0.119949	1.64755	-3.92723	2.91501	0.174131	0.685209	0.26817	0.0819112	1.04341	-0.787298	-5.14425	1.79729	5.57767	1.36857	
-1.67808	3.73895	-2.78165	-0.880408	0.752305	-0.975182	-0.564204	1.62532	-2.79935	1.19185	0.834201	0.681854	2.16458	-0.961476	-0.417286	-1.02662	-2.72688	-0.0735207	1.68627	0.829951	
4.13203	-1.18451	3.616	-0.159918	-1.98022	2.35678	-0.326864	-0.894901	1.18047	-0.952496	-1.27413	0.00823423	-0.808785	0.789373	-0.362326	0.370613	0.789338	-2.15302	-1.33559	-0.298198	
4.72066	-4.39426	4.80402	1.00037	-0.848796	3.29141	0.894375	-2.88559	3.12934	-2.87261	-1.36832	-1.85077	-2.00999	1.33625	-0.726868	0.127223	2.33367	-2.51968	-2.8997	-2.11021	
-3.34366	4.75841	-6.80598	-1.52887	0.591076	-3.4902	1.59341	1.05479	-2.26443	1.49558	-0.0876227	-0.0960795	-1.5038	-3.47625	-0.18021	-2.69726	-3.54369	3.00937	2.82888	2.19528	
1.34365	-1.30295	2.05656	-3.64083	1.21337	-1.13562	-1.04624	-2.67682	-3.19732	-0.508005	-0.721357	-2.48331	-0.217345	1.58017	5.26439	-0.628151	0.835234	4.73918	-1.975	-0.825707	
-5.47685	3.39521	-4.14685	-0.509842	0.543666	-3.24373	1.06083	0.19609	-0.896011	2.64517	0.137854	1.6086	-0.799584	-1.49826	-0.627482	-0.946691	0.348017	1.90606	2.95271	0.728168	
5.82644	3.37745	-9.25791	-2.26657	-1.10884	0.527602	7.12419	5.96994	0.660227	-6.18467	3.43105	1.72681	2.99549	2.29162	-0.460743	-4.31048	1.67767	-0.668527	-0.0231634	-1.41258	
1.50217	-1.20214	0.879735	-0.195719	-0.244557	-0.671665	-1.41506	1.9451	0.18848	0.720175	0.687386	-0.00877636	0.543102	-1.5172	0.363585	-0.188325	1.23401	-0.599062	1.03641	-0.26213	
2.04191	-1.7661	5.97578	-5.93857	-1.17662	-5.79615	-0.746246	0.0261084	-1.05153	0.727369	2.18568	-2.63445	-0.996337	2.09086	7.502	0.326309	1.83192	6.22855	-4.44323	-1.24299	
0.442997	-1.54798	2.57472	0.148976	-1.64408	0.422977	-0.94358	-0.641404	1.23493	-0.0808915	-1.43993	1.452	-0.0599727	-0.0625529	-0.053291	1.29493	1.93899	-2.1587	-0.16871	1.375	
1.01003	1.52506	-0.98847	0.447376	1.61406	0.149523	0.820377	-1.14873	-2.07843	0.302696	0.374066	0.96293	0.678912	-1.62556	-0.76795	0.758951	-1.62106	0.259557	1.21381	-2.03547	
1.77055	-2.37509	4.33784	-9.24423	2.28533	-6.68475	-1.83281	0.113954	-5.35973	0.772961	1.20052	-3.43148	-1.37467	5.6765	12.6166	0.950791	-0.40384	6.76918	-4.211	-2.59088	
-6.37428	4.98715	-8.21734	-1.87732	1.88941	-1.67804	-0.0447503	4.2185	-3.7698	0.966594	0.602827	1.1115	-0.188635	-1.12686	1.95622	-1.90201	-3.82316	3.20115	5.0943	3.38782	
-4.93566	4.54585	-6.12893	0.230487	0.635367	-3.85853	-0.545988	1.18959	-3.30737	1.62526	0.0661565	0.657182	-1.18285	-1.31395	0.858572	-0.437635	-5.45285	2.9196	4.39014	0.538933	
2.67563	-1.1397	2.52265	-1.18851	0.773246	0.404338	0.762456	-0.137041	0.752052	-0.085084	0.508696	-0.955997	-0.486333	-0.348277	-0.866536	0.0708913	-0.0258461	-1.80113	-0.893236	-0.137591	
-0.327418	0.913505	-0.734536	-1.98772	-0.790728	-1.74724	1.32359	-0.418095	-1.71855	0.998521	0.257411	0.979201	-1.61021	1.46028	0.407992	1.11521	-1.15946	0.349198	0.528	-1.04323	
1.6692	-2.21037	2.22401	-0.792523	-0.812436	-0.642063	1.01696	0.0574004	-0.710145	-0.503882	-2.0426	0.450187	1.43792	0.132786	-0.944055	-0.0791258	0.0111283	-1.4347	-0.04336	0.281432	
-0.482622	0.787866	2.20839	-1.07086	-1.07906	-1.37818	-1.38073	0.344473	-0.307467	-1.2863	-0.833557	0.539849	-0.231942	0.198237	0.254803	-0.0337644	0.963694	0.695937	-1.6109	-1.07613	
3.67929	-5.76652	10.3741	-3.19419	-0.846242	-1.26721	-0.653963	-1.49526	-0.561034	-1.6616	0.277478	-3.21803	-1.24058	3.38634	4.30639	0.725778	5.13788	0.683468	-4.28531	-0.822752	
1.44698	-1.02305	0.752435	-1.27858	0.200898	1.03299	1.25395	-0.51933	-0.972263	-0.792217	0.736961	0.363016	0.454397	-0.0340274	7.03912e-05	0.380285	-0.0668621	0.221727	-0.314887	-0.661351	
2.63446	-3.27779	3.27423	1.01656	1.29427	2.02213	-0.127675	-0.123221	1.14208	-2.21686	-0.67078	-1.08969	-0.587566	0.384926	-0.322021	0.391962	1.56285	-2.1178	-1.95819	-0.67384	
5.85935	-2.40592	11.7088	-6.80031	-0.386882	-7.76447	-2.25997	-2.52772	-4.38326	0.921619	-1.07287	-8.18345	-1.15726	4.14307	14.326	1.53758	3.01831	8.68242	-6.5667	-2.67113	
-18.5669	3.20714	9.09184	15.7384	2.99383	-2.43454	-9.94466	1.57661	15.9416	0.740383	12.3909	-16.3937	7.78487	-8.3609	-0.824904	5.09258	-6.44614	-3.75996	12.074	-6.31251	
-8.45478	0.558916	3.03837	8.77277	2.32832	-0.877843	-3.8405	2.14508	4.80744	-0.764096	4.9574	-6.35864	3.34126	-2.45112	-0.687031	0.36886	-1.22434	-1.83774	5.67916	-3.44655	
13.8208	-2.66576	-8.04501	-16.2025	-2.38481	2.47887	9.47914	-2.60839	-11.3657	0.00680935	-9.79737	13.7312	-7.30759	5.37526	-0.635142	-3.75167	4.03208	4.00255	-10.037	2.40719	
24.6568	-5.88649	-13.7081	-25.3811	-6.63257	3.13723	14.2691	-3.96803	-24.0627	-4.25663	-13.7299	23.0163	-10.4671	11.4865	-2.5702	-7.18153	8.15351	4.7183	-17.5304	7.65565	
4.15223	-0.814617	-2.01186	-2.42237	0.916264	3.16907	1.72588	-0.203147	-2.53689	0.204744	-1.97677	3.31394	-2.10924	3.04479	1.022	-2.52931	2.22546	-0.209629	-1.26068	-0.116724	
2.53743	-1.72842	-1.57681	-2.68253	-0.428782	-2.23602	4.571	0.300284	-2.60211	-0.840162	-0.5205	2.84708	-2.20488	-0.516363	-2.50469	0.756562	2.0069	0.217548	-1.13326	0.131402	
-10.5748	1.48259	5.83341	8.88437	1.59532	-1.66025	-6.23387	1.64242	8.87034	3.02643	4.89589	-10.088	3.51792	-4.23285	0.119492	4.1531	-3.60907	-1.94055	5.70921	-1.34827	
7.59992	-1.93592	-5.84651	-4.38814	-2.62588	2.58203	9.69212	4.58129	-3.90999	-5.98974	-0.177935	6.21532	-0.619363	3.31375	0.532211	-6.00968	4.60045	0.335249	-6.56112	-0.116163	
-19.6447	3.68505	10.1606	20.2465	3.61723	-2.90468	-12.6208	4.97414	16.9402	0.610262	12.4178	-18.6866	7.72738	-8.82101	1.0689	6.79669	-5.80863	-4.48601	14.6204	-4.95809	
-11.2286	2.58916	6.7493	11.5837	1.47742	-0.780093	-5.95796	1.77401	10.5783	1.75276	7.59066	-9.99363	4.22085	-5.24714	0.0874724	0.603528	-2.1966	-0.36667	7.84076	-2.61808	
-30.1538	-0.263241	21.9742	10.3548	8.56355	-5.77921	-26.839	-12.253	6.63347	24.6571	-1.87693	-12.8061	1.00179	-11.25	6.52052	17.2936	-16.216	1.66474	18.0435	1.08292	
10.2459	-1.60359	-6.62228	-11.1069	-1.832	0.951638	7.31803	-0.802673	-11.2353	0.850059	-8.73059	10.6519	-6.00815	5.19376	0.0704706	-3.09772	4.73688	2.22841	-7.55875	1.85572	
-9.68726	1.25577	5.83466	10.0605	2.51395	-3.14143	-5.88762	1.28748	10.3291	2.54027	7.49859	-10.345	3.70445	-5.32665	2.15889	2.51918	-3.42041	-0.838691	5.95518	-2.37214	
-1.61272	1.54724	1.01943	2.2721	-0.407083	-0.391368	-1.83861	0.212896	1.30538	1.49057	-0.510809	-1.30416	-1.18313	-1.22991	1.36732	-0.057616	-1.72349	-1.03389	0.811458	-0.450978	
9.57386	-3.85621	-6.66137	-8.95198	-1.5052	1.40514	6.80783	-2.18073	-8.0833	0.263358	-5.57464	7.90197	-4.11966	5.92392	0.95666	-2.47171	4.38212	1.43036	-8.35044	3.23574	
6.25577	-0.991634	-3.06691	-5.34182	-1.46933	0.748406	4.12682	-0.799679	-4.49235	0.630955	-3.29526	6.09184	-4.93961	2.65034	-0.389198	-1.6144	1.91114	2.61565	-4.47572	1.64945	
13.6984	1.53603	-12.7458	1.78613	-3.98019	3.46256	14.847	11.9049	2.17433	-13.6987	5.0498	3.70591	1.47533	4.67318	-2.24778	-9.66086	9.39394	-3.56526	-6.51634	-4.99921	
11.8602	-3.45425	-6.31029	-12.4888	-1.32158	1.48062	8.90653	-1.6578	-10.1249	-2.51812	-5.62763	12.6377	-4.38889	4.64053	-0.580885	-3.47919	4.01667	1.65918	-6.45936	2.31192	
-12.1995	3.62443	7.58433	13.4628	2.09243	-2.03222	-8.28969	2.06043	10.8216	1.30241	6.5217	-13.0993	3.20846	-6.33493	1.45824	3.62012	-4.14649	-2.45714	7.63561	-4.11126	
-1.00713	-0.106872	1.13798	0.529373	0.251103	0.903513	-0.5923	0.85687	-0.243722	-0.688227	0.969577	-0.736907	0.322322	0.193454	-0.703821	-0.134548	-0.117032	-0.870793	4.27163	0.0511517	
-5.70495	1.41403	3.45885	4.26513	-0.957029	-1.32565	-2.84016	0.965731	6.28445	2.9962	4.34916	-5.08828	1.4855	-2.09079	-0.0503974	1.6853	-0.671372	-0.475746	2.48644	-3.2424	
9.77388	-3.52865	-5.69314	-11.6351	-3.56604	0.824876	7.1749	-1.73535	-7.90492	-0.624312	-7.8095	9.19777	-5.8792	4.50533	-1.22654	-3.48714	2.77878	1.20188	-6.20365	3.85516	
-8.58754	2.72729	4.15465	9.14776	1.73437	-0.51542	-6.15546	0.0519446	8.13072	0.189451	6.56731	-7.94501	2.11534	-4.84803	-0.339136	3.42819	-3.21993	-1.75345	6.87825	-0.852066	
2.47946	-1.76143	-1.38383	-1.00444	-0.0775556	0.400246	0.360835	-2.5281	-2.75095	1.37149	-0.67919	1.95912	-0.872629	1.42943	0.234529	0.0222224	0.539538	-0.314339	-0.282897	2.45348	
-2.1999	-0.556145	-0.875144	3.30912	2.46088	0.52569	-2.23713	2.18696	4.63579	0.400833	1.36487	-1.61532	1.50562	-2.89914	-0.16611	0.0320984	-1.28422	0.177448	2.03592	-1.61557	
5.46025	-1.84505	-4.58035	-8.16764	-0.788757	2.98256	1.84062	0.29885	-8.40154	-0.787004	-5.82333	5.66799	-1.54631	3.18503	-0.897499	-1.53672	1.76135	0.82876	-6.98018	0.684944	
-9.2522	3.41626	6.51263	11.6186	2.49825	-4.07998	-6.18548	3.29376	8.09036	2.75522	7.16893	-10.975	4.36304	-6.47672	0.441348	2.65608	-3.93976	-3.20046	8.16893	-1.33461	
7.26098	-1.46836	-3.84344	-1.42232	0.346387	0.873768	4.85833	0.402498	-1.87123	-1.54645	-1.40856	3.64865	-0.801003	1.2759	-2.14052	-2.22498	3.49657	-0.250483	-3.7725	-1.12807	
-5.00762	1.17776	0.730987	5.61778	-0.144447	-0.9321	-2.97651	0.923251	3.81825	0.395122	6.89031	-5.07761	2.4932	-1.25557	0.096398	1.64314	0.282626	-1.3545	3.74571	-0.914986	
-9.51179	1.56724	3.46387	10.1838	3.48326	0.209891	-6.51537	2.56262	8.83738	0.890154	4.88794	-10.2784	4.57614	-6.44184	1.90297	2.51151	-5.17647	-2.23362	6.51096	-3.38259	
6.07191	-2.41986	-3.65202	-8.1046	-1.37907	0.718638	4.80844	-1.47899	-5.59503	-1.77017	-5.64784	6.7475	-4.78126	3.0813	-0.952709	-2.58431	3.56009	1.61479	-5.25004	1.31337	
-6.71438	1.49615	2.37898	7.02051	-0.229708	-0.129249	-4.09973	2.01017	6.50841	0.312206	4.13112	-7.17267	3.36996	-3.11605	1.57797	3.39942	-1.55212	-2.15501	4.12241	-1.6731	
8.35552	0.841555	-4.17453	-9.68618	-1.56066	1.70743	8.14629	-2.30935	-8.91417	-2.5984	-6.18955	12.5724	-6.2154	7.95796	-1.45673	-1.43833	5.79684	1.81829	-7.72639	5.13296	
12.0556	-2.97367	-5.14169	-11.4916	-1.36431	2.55968	6.38674	-1.32677	-12.0891	-1.98361	-7.16483	10.4292	-3.80596	4.70262	-1.22705	-1.13209	4.77937	1.46601	-9.16021	1.84501	
-2.5799	0.341032	1.99411	3.22857	0.854186	-0.495599	-0.898428	-0.499439	2.53866	-0.74834	0.491534	-2.25741	0.464911	-1.41875	0.740029	0.348811	1.20718	-1.13387	1.42306	-0.353097	
-0.763114	0.962171	-1.59888	-0.747115	-1.17766	1.90825	-2.33632	-0.729027	0.019112	-0.632556	-0.646103	-2.06662	-0.227422	-0.784287	0.462231	-2.09236	-0.487365	0.369082	-0.122457	0.381966	
-10.8513	2.7501	6.16355	10.8659	1.09405	-0.625402	-8.07689	2.47723	9.97082	1.34862	7.39896	-11.5452	4.60982	-5.07863	1.83877	3.11778	-3.95027	-2.36556	8.95224	-1.72706	
-6.44259	1.14972	3.94668	6.36713	0.624469	-1.85215	-5.11759	-0.34334	7.88328	-0.152695	3.72915	-7.35219	2.58202	-1.81014	1.47156	0.577552	-1.93463	-1.28033	3.6861	-1.38903	
0.471091	-1.30325	-0.23105	2.51444	0.488553	-0.17804	-2.24486	0.27014	2.1637	0.479717	1.91281	-1.53587	1.63803	-0.236402	-0.695291	-0.760021	-0.124726	1.16131	0.100695	-1.54341	
16.7424	-4.11809	-9.15405	-17.2125	-4.77707	2.4846	11.6906	-1.70477	-16.7146	-3.10981	-11.8103	17.0444	-8.29234	6.33318	0.169224	-5.74348	7.17573	4.26837	-12.8691	5.07456	
6.30064	0.191609	-1.72993	-6.92732	-2.35345	-0.0731905	2.24388	1.361	-5.01852	-1.23428	-2.14978	5.04775	-2.78492	1.01855	-0.220152	-0.941935	2.13502	1.58751	-3.80534	1.47158	
-7.45703	1.74189	5.10535	7.9227	1.12051	-0.387881	-4.05682	1.75723	8.54719	0.171747	5.05914	-6.18461	4.12061	-3.3508	1.06568	2.29928	-1.93135	-2.34056	5.31162	-2.70352	
5.02924	-1.7642	-1.11317	-5.77064	-0.986347	1.89822	3.04309	-0.569722	-5.85128	1.44318	-4.56521	3.80832	-0.20809	1.87837	-0.305539	-2.18397	2.79009	0.435862	-3.29998	2.78381	
-1.81868	0.469948	-0.478541	0.862148	-0.777232	-0.867033	0.573251	-0.150101	0.644899	1.571	2.65509	-2.34831	0.981201	-0.773298	-0.211411	-0.383909	-3.15244	-0.452579	0.334727	-0.864728	
-2.50279	1.31578	0.123563	3.49354	0.135928	-0.0106719	-3.24237	-0.28305	3.30196	0.586509	4.07413	-4.98096	1.44485	-0.076752	1.60271	0.267598	-2.65906	-1.53661	4.4234	-1.52633	
-7.91051	2.42031	5.99769	8.97022	1.52338	-1.71476	-6.38334	1.80927	6.90016	1.18811	5.18771	-9.75034	2.53354	-3.07168	2.23686	1.37076	-2.52436	-0.658667	6.99997	-3.57407	
-8.93075	0.0868087	5.49902	9.415	2.47145	-0.685235	-4.83724	-0.558458	5.68502	1.57897	6.98602	-6.61065	3.02839	-3.48796	0.920586	4.60278	-2.83488	-1.67249	4.98547	-0.767293	
2.33541	-2.08421	1.09477	-2.61051	-0.636609	0.860119	0.141055	1.18545	-1.01393	-0.0183356	-0.600372	1.28781	1.13049	-0.399009	0.871977	0.127488	0.899467	-0.282364	-1.23082	2.22606	
-0.440761	-2.35099	1.74941	-5.0334	1.24395	0.897498	-1.15766	-4.82056	-5.16031	4.97028	-4.47896	5.59524	-2.00461	0.438951	1.83136	1.66942	0.624036	1.48279	-0.391726	1.58552	
-21.7727	5.34858	12.3755	22.0399	3.66373	-4.7798	-14.3183	3.89042	19.4245	1.19406	14.7668	-21.9549	9.0058	-9.5665	1.05353	5.49531	-5.89453	-4.94635	15.3666	-5.22315	
-14.3133	3.48338	8.49858	17.9045	3.70979	-3.18842	-8.70343	1.57245	15.8839	2.02042	8.74816	-15.0883	5.55801	-8.28088	1.07931	5.35454	-5.0622	-2.85028	12.3042	-5.35965	
14.0816	-1.23975	-7.39874	-16.7572	-2.32028	3.55946	7.97622	-2.25828	-12.0063	-3.10098	-9.58545	16.0541	-6.98907	8.27148	-1.09276	-3.6601	4.67934	2.66611	-11.0379	3.39538	
5.65072	-2.56554	-2.43759	-6.96061	-0.0669694	2.53562	2.61418	-0.787458	-4.08549	-0.686967	-3.28094	5.3174	-1.47173	3.27922	0.387633	-2.86956	1.39415	0.948335	-3.95984	1.55374	
-2.17046	-0.812648	0.921616	1.33304	-0.704627	0.867522	0.517432	-0.524084	-0.878423	1.75271	-1.19413	0.79642	-0.175188	0.440454	-0.201352	1.52506	-2.02137	0.154099	-0.477731	-0.374539	
-0.180754	-0.347186	2.03193	-0.682218	1.03744	1.51707	-1.24717	0.663391	0.56994	-0.990297	0.974423	1.91247	-0.762898	0.264392	0.275769	-1.67173	-0.624553	0.1725	-1.0875	-0.325036	
3.22768	-0.232983	-0.650462	-2.8995	-1.10658	-0.933294	2.51127	0.854507	-3.25762	1.09635	-3.18805	4.33175	-0.757489	0.607003	-1.23335	-0.98415	-0.0654098	-1.05757	-0.263517	-0.548483	
-0.593623	0.972526	-0.294833	-1.74471	-0.338772	0.887121	0.0380134	-1.1601	-0.131826	0.151571	1.03255	0.0419714	0.575466	-0.213645	-0.106778	0.59775	-0.789612	0.683595	-0.58418	0.382392	
-5.27165	2.32545	1.76398	3.35574	1.37629	-1.74396	-6.31281	1.59403	3.47064	-0.757624	4.5019	-2.63455	1.58653	-2.7944	-0.507916	-0.344501	-2.51938	-0.933279	2.67967	-0.920469	
-5.94799	3.51961	4.34784	5.73818	0.0451631	-0.596941	-3.04003	0.46624	4.68469	1.0315	3.52298	-6.52532	0.180478	-2.12592	1.60659	1.13363	-1.37317	-1.04311	5.53679	-2.45887	
2.21378	-0.810594	-1.05949	-1.57906	-0.773469	2.22067	0.714528	0.0697169	-2.90994	0.134241	0.0764143	1.88513	-2.47129	0.214567	1.52602	-2.09744	0.877328	0.424981	-0.969706	1.01506	
-8.84439	1.81601	5.63337	9.19353	2.05702	-2.61593	-6.85213	0.727752	7.86458	2.22451	5.50593	-9.65782	5.09417	-4.4283	1.32002	5.08173	-3.22674	-1.38988	5.44727	-0.564091	
0.677374	0.896908	-0.107892	1.4508	-1.42244	-0.141648	-0.612275	-0.623259	0.319127	-0.570769	0.208028	-0.599074	0.686767	0.431952	0.394001	0.413605	-1.87659	1.2814	0.304651	0.884719	
3.48463	-1.08221	-4.33155	-3.83365	-0.597277	-1.09533	2.47994	0.425324	-4.20968	-1.35718	-1.63247	3.26707	0.404428	0.613333	-0.450458	1.028	3.07081	-0.0688313	-2.57385	-0.286636	
-1.31597	0.225264	0.779991	0.871445	1.32087	-1.06039	0.0457323	-0.365894	1.16437	-0.967145	0.563637	-1.2604	-0.117593	0.0726151	0.94232	0.805232	-0.200334	0.00359536	1.02705	-1.09267	
-37.5873	0.894211	26.3195	9.18381	11.7589	-8.31945	-32.987	-15.6779	4.74481	29.4528	-3.40808	-14.9986	-1.65129	-13.6607	6.35678	21.8429	-19.8604	3.17427	20.4756	0.806408	
8.64477	-2.96041	-4.25122	-8.076	-2.3884	0.333276	4.846	-1.80285	-6.75012	-3.53299	-5.01671	6.91018	-1.95853	4.72383	-0.94772	-1.70272	1.73169	-0.200331	-5.66041	2.26256	
6.25613	-1.08339	-1.95697	-2.54191	0.258494	1.43933	1.96489	-0.400438	-2.0396	-1.06161	-2.08612	3.3679	-2.4953	2.3216	-0.815237	-1.97659	1.83283	1.57332	-1.03556	-0.215529	
-1.33918	0.971136	0.860357	0.916917	-0.137448	-1.34289	-1.88272	-0.099052	0.799146	1.39873	-0.382088	-1.40381	0.734675	-0.566075	1.76737	1.93059	0.347072	1.06138	0.895508	1.36865	
0.169734	0.796021	1.0148	1.87573	0.0918194	-1.60101	-0.406075	-1.52145	0.995521	-1.53265	-1.21698	-0.848549	-1.00135	0.669449	-0.076348	0.203601	0.265596	-0.151186	1.75037	-1.81911	
-2.95394	-1.24989	-0.385777	1.28041	1.10815	-0.825357	-0.918725	0.788239	3.91307	-0.661128	0.248117	-2.09686	1.02382	-1.92774	0.466999	0.69393	0.774375	0.809665	3.65688	-1.09993	
0.578146	-0.0360443	0.465924	-1.2866	-0.272288	-0.374771	0.193818	0.717237	-0.652433	-0.528981	-0.317483	0.291674	0.56361	1.17818	-0.25823	0.791103	1.41222	-0.682958	-0.0377553	0.521855	
-5.24075	2.17618	3.27205	4.5721	3.35615	-0.920948	-2.27245	-0.688269	4.98324	0.155309	3.08391	-4.23857	0.87994	-2.9372	-1.73886	0.197441	-0.661842	-1.96709	3.79775	-0.380573	
6.03596	-1.28748	-5.01227	-7.76708	-1.74599	0.97918	4.8357	0.0212685	-7.4522	-1.1993	-3.41932	7.06981	-3.0569	2.58555	-0.704126	-2.99466	2.25524	2.2074	-3.42736	3.09053	
-14.6324	-1.00044	11.6893	1.50296	4.27943	-2.35329	-15.1045	-5.73257	2.05984	13.2285	-1.39981	-7.68996	-0.531418	-6.96546	4.0932	7.89081	-7.79756	0.348991	8.96305	0.593235	
-11.202	3.09639	4.89705	10.9082	3.96893	-1.91675	-5.42297	1.15407	10.79	-0.863356	6.88939	-10.7077	3.26879	-5.51633	-0.781965	3.37372	-2.87761	-0.5284	8.42456	-1.71898	
-3.0241	2.34363	1.34571	2.85002	1.61443	-1.72279	-0.981259	-0.861732	2.20858	2.60411	0.696927	-4.70213	1.43541	-2.33723	1.07309	0.772463	-1.67422	-0.816557	2.09115	-1.47815	
-2.42031	0.189314	2.28657	3.58242	0.114736	-0.978569	-1.44672	2.0576	3.3857	-1.53975	-0.290174	-3.23306	2.81151	-0.821438	-0.413067	0.737603	-3.18218	-1.08724	2.22248	0.53731	
-9.36774	2.90178	7.73642	11.034	1.21264	-2.52752	-6.00615	0.983859	8.16502	0.778007	6.46646	-9.60081	4.90862	-4.63508	1.13572	2.32429	-3.82963	-1.85558	5.98056	-3.07433	
3.13873	-0.343989	-1.27835	-4.54938	0.32674	0.640302	2.00818	0.119834	-3.34878	-0.849637	-0.737116	3.65498	-0.777683	1.5705	1.53611	-0.96582	0.0576439	0.395676	-0.853109	1.09741	
0.709395	0.459265	0.623474	-2.40087	-0.273159	0.469375	1.76918	-0.749639	-1.95425	-1.09629	0.0228875	0.686487	0.272655	-0.0337918	-0.42862	-1.05062	-0.249975	1.49688	-1.5337	0.694139	
-1.43555	-2.2876	0.321385	1.13918	1.44412	1.35641	0.0176669	0.609041	1.1991	-0.342026	1.53611	-0.442515	-0.982995	0.212833	0.997047	3.33473	-1.50383	-0.375062	-0.152734	-0.932595	
-6.1195	1.63453	4.2992	4.95297	0.944387	-0.464198	-1.95092	2.64714	3.84005	1.70362	2.85047	-5.2395	4.47617	-2.88263	1.34708	1.08281	-1.69056	0.141719	3.00068	-1.47137	
1.37473	-4.18935	0.29807	-10.3423	0.932298	0.649876	-2.26823	-7.87145	-9.64986	8.7849	-9.78436	11.2113	-5.26131	1.27627	1.65643	4.0172	-2.22649	3.63909	-3.61811	5.66455	
-18.7563	3.85175	12.4113	21.8906	4.69935	-5.94663	-12.8754	3.72466	17.8638	2.1955	11.4873	-17.6778	8.40857	-10.4216	1.18737	8.66275	-7.33685	-4.29369	14.2688	-4.44813	
7.26319	-2.1169	-3.73538	-9.20101	-0.0202158	0.821937	4.19166	-4.19685	-7.32684	-1.70723	-5.96871	6.24842	-3.2201	2.99194	-0.257789	-2.53063	3.66206	1.76603	-6.32531	3.30333	
9.00486	-0.782684	-6.38615	-7.02382	-1.12345	1.90786	6.51003	-1.79122	-5.41166	-1.75912	-5.16449	9.11435	-3.45979	2.67331	0.855577	-2.24259	2.6273	1.47171	-7.00231	0.134167	
1.11235	0.426194	0.684862	-0.356869	-0.262776	0.906662	-0.959539	1.08191	0.484678	-1.98193	0.874011	1.43806	-1.18908	0.801695	-1.11104	0.105538	1.20155	-0.998053	-1.27641	0.577001	
-3.89515	0.461323	1.5392	2.34123	-0.13964	-1.61532	-3.16574	1.32369	3.70689	1.93509	0.524526	-4.01803	1.26752	-2.88698	0.939905	2.53454	-0.161286	1.16774	2.4201	0.0248911	
-0.541332	-1.37152	-1.59091	-3.33816	-0.139558	0.901453	0.932063	-0.970785	-0.937459	0.571304	-1.09392	1.38466	0.197312	0.775105	-0.1804	-0.616761	0.495568	1.56659	-1.67867	-0.199087	
-5.75126	2.26287	4.4641	6.52793	1.23177	-4.7878	-4.0233	-0.259195	4.4733	0.181352	2.40733	-6.71645	2.23573	-3.4585	-1.18214	0.542549	-0.413707	-0.515727	3.98513	-1.3182	
-3.52467	0.780867	1.87591	4.18588	0.175138	-0.593094	-1.63212	1.76878	2.99251	0.512517	1.38868	-2.85469	1.4851	-0.91895	0.150397	1.69404	-2.4805	-1.53271	3.49216	-2.71246	
0.672051	0.659062	-0.899245	-1.44173	1.43835	-0.0223489	-1.5519	0.740648	-0.724534	-0.206968	0.132146	0.354107	0.257756	-0.705608	0.469862	0.116636	0.591044	-0.541307	1.95561	1.19665	
-2.10422	-1.09316	1.52662	3.67307	-0.440646	-0.459345	0.391427	0.641409	0.235252	-0.575129	1.31689	-1.27104	-0.180053	0.471832	0.381915	-0.433778	-0.367334	0.960848	-0.310299	-0.224151	
-2.60442	1.65928	1.53553	3.05572	-0.113691	-0.510935	-1.82049	0.247854	3.38875	-0.163768	0.178591	-1.62566	2.50843	-1.80408	-1.38257	0.961983	1.50578	0.0157816	1.1208	-0.117351	
-13.8067	3.38611	8.52893	15.9206	2.64246	-3.51966	-8.47976	4.07584	13.5125	2.04207	8.521	-14.0392	7.66295	-7.46079	0.928887	5.32847	-5.27301	-4.2728	10.5675	-4.07501	
16.9193	-2.54469	-9.41171	-17.1402	-3.38558	3.28566	8.05049	-1.65084	-14.5115	-1.96315	-10.7864	18.114	-9.48167	8.07116	-2.30849	-5.66478	5.86985	2.48513	-11.8024	3.12474	
-0.247713	-0.13805	-1.78732	0.797354	-0.0125707	-0.749557	-0.493923	1.58626	-0.667333	0.600867	0.236573	2.19315	-1.10437	0.89911	0.756256	-0.00628797	-0.285548	-0.463045	0.143432	0.597513	
1.05634	-0.790749	0.393335	-2.26216	-1.75373	0.784646	-0.549583	-2.44433	-0.382188	-2.18083	-2.93831	1.14379	-0.730486	0.374511	0.603375	0.506253	-0.384263	-0.407189	-0.630761	1.29525	
4.36888	0.0784435	-1.6942	-5.34428	-1.70008	-0.298109	1.28791	-1.16196	-3.55029	-0.372796	-2.70869	4.12755	-0.0102937	2.83846	-0.104844	-0.547683	2.40609	-0.673485	-3.00898	1.31165	
-1.18919	0.534862	-0.452181	1.02368	-0.650557	-0.304387	1.94475	-1.19638	0.191701	0.410056	0.541066	-2.56371	2.22182	-0.881644	0.970285	0.796331	-1.19546	-0.600941	-0.808063	-0.927983	
