1.72851	-2.36059	3.50323	1.3805	1.48611	-0.133682	6.48169	-2.13301	-1.15931	1.21953	-1.00167	-6.12406	1.98453	0.060728	-1.48047	-4.66548	0.869345	-2.42267	3.91047	-0.449896	
1.1562	2.04526	-2.28133	-3.02416	-0.47263	-0.777898	-2.88281	-1.84812	-0.724892	0.755622	-0.0741117	1.77647	-0.329178	0.400938	-0.0973937	2.2496	-1.1022	0.862647	-1.12483	0.887904	
-3.84489	3.15115	-5.24839	-3.28495	0.586258	-0.864389	-9.35576	0.117235	1.25082	-1.19507	0.671286	6.8059	-5.14668	0.429518	0.252249	2.07339	-2.96298	2.26114	-3.7629	0.103364	
-1.09191	1.0853	-3.62596	-4.47798	-1.36998	-4.42982	-6.12981	2.47029	-1.66332	-0.177206	-0.769991	5.29233	-1.2209	0.211492	3.21233	2.07696	-0.546393	0.985924	-4.99208	3.0098	
6.05501	-4.54416	7.3665	3.52047	1.61205	1.22093	8.04955	-0.840488	-1.35608	1.35915	-4.74275	-7.3516	4.16041	-0.404477	-1.35718	-3.40897	3.89924	-2.79466	5.19915	-0.688609	
5.88225	-5.25721	5.40476	3.12496	0.0787061	2.35552	7.50378	-1.65219	1.62305	-0.999379	-3.06141	-6.95955	4.23151	1.09454	-4.08125	-6.33987	4.39237	-2.66814	4.628	-0.437256	
0.452934	1.14787	-1.25837	-0.892186	1.28814	-1.28046	-1.99812	-0.23683	-0.308587	0.825978	0.892005	-0.0115602	-1.7648	-0.858638	0.34562	0.757569	-1.99388	0.459419	-1.30404	0.229742	
2.94229	-3.27003	3.09578	2.10561	-0.77891	1.35348	3.80676	0.164519	-0.618109	1.94427	-2.57852	-6.86338	4.18297	-0.780826	0.710927	-5.56528	1.39704	-1.0729	1.69978	1.25331	
0.928369	0.311978	-0.315218	1.00387	-0.297914	0.62376	-0.235938	0.0840827	0.978215	-0.0836213	-1.37169	-1.06666	0.0103351	-0.84157	-0.895331	-0.693652	2.36278	-1.31802	2.25723	-1.60958	
-1.05204	1.10243	-0.725758	-1.42484	-1.87286	0.0596708	-3.38771	-0.753169	-0.307604	-0.432173	-0.790551	1.77708	-0.633953	-0.0741329	0.209316	0.0961915	0.0622739	0.478238	-0.708961	-1.47736	
-5.70155	1.59278	-0.256023	3.2168	2.58893	8.72083	-0.590137	-2.54483	1.97776	3.88328	7.07868	3.72098	-2.26997	-4.60225	-1.36406	3.54478	-0.322517	3.39462	1.59467	-6.25873	
1.3574	-3.49193	2.39221	2.72338	-0.508505	0.949348	2.576	-1.30992	-0.600003	1.30067	-1.50673	-1.82781	1.98884	-0.406936	-0.512692	-3.02166	-0.396167	-0.215481	2.79244	0.823418	
-0.0552881	-0.287502	-0.989401	0.700969	1.05723	2.00338	0.872564	0.185875	1.55321	0.245729	-0.818494	-0.594521	-1.893	-0.233447	1.07374	-0.860981	-0.0861646	1.70512	-0.718898	-1.74737	
-1.35179	0.0943962	-0.325547	-1.30605	0.0983828	1.39882	-0.266974	-0.506019	-0.646378	-0.137301	0.154971	0.265083	-1.26832	-1.32541	-1.97676	-0.0351612	-0.341245	-1.26936	2.02097	-0.557303	
-2.0017	0.564867	-3.16846	-2.62323	-0.603855	-1.66027	-3.58635	0.278824	0.149128	2.00509	-0.953485	5.8022	-1.18322	-2.18773	0.205354	2.47166	-1.3732	2.24025	-2.5452	-1.51533	
-0.243505	0.867614	-0.32705	-1.642	0.6135	1.45644	-1.06099	1.81853	-0.889159	0.107732	-0.293199	2.33637	-2.25474	-0.63804	0.500735	0.361289	-3.25075	0.478431	-1.2978	-0.0335201	
5.88885	-4.39779	5.70341	3.17624	0.580103	1.70613	8.32457	-3.03375	-0.327878	-0.2662	-1.0032	-8.36765	2.20413	0.448571	-0.350339	-4.07495	4.05962	0.686007	3.8797	1.24574	
-0.557012	1.11178	-1.56061	-0.420896	-0.00143786	0.0774766	-2.82601	-0.465983	0.579475	0.362094	1.18184	1.1292	-0.802274	-0.876973	-0.204649	2.12731	-1.76597	-0.682824	-2.08264	-0.066228	
3.12635	-5.32048	6.28495	3.83944	-0.0801564	1.77482	8.17595	-0.47974	0.691408	0.26004	-2.03623	-7.20012	5.23266	-0.566913	-1.57029	-5.25223	4.53627	-1.00963	4.39959	0.721266	
-3.29327	2.73294	-3.25626	-3.23175	-0.94258	-1.61334	-3.78862	1.13536	1.86714	0.881161	2.3413	4.65686	-5.1781	-0.812854	-0.187906	5.08316	-2.5805	1.19462	-4.54771	-0.434697	
7.64929	-5.74484	9.70547	4.96301	2.26587	0.413587	9.8962	-3.6197	0.0842588	0.758343	-4.61076	-12.1568	5.94802	-0.392641	-0.535093	-6.94884	5.33676	-4.50258	8.15396	1.25829	
1.98094	-0.274784	2.8697	1.08835	0.250215	0.990457	2.73561	-0.510523	-0.945913	-0.244362	-1.06039	0.670832	-0.811885	-0.507748	-0.0513084	-0.626071	-1.15114	0.0151099	3.46772	0.183533	
-3.21679	1.4932	2.73704	4.44603	3.65117	10.9299	3.94393	-3.5748	2.16083	1.9986	5.1621	-1.08152	-2.30383	-4.42863	0.410741	0.954281	1.55919	3.54054	2.17747	-5.65033	
-0.31437	-1.37316	0.362915	1.80947	-0.194545	1.68	-0.483754	0.246277	-2.27026	-1.88268	-0.47323	-1.07079	1.69156	0.136064	0.36963	1.00192	-1.11044	-0.866762	2.19562	-0.86156	
-0.896936	1.31047	-2.7587	-0.296805	-3.06014	-2.90871	-4.35173	0.274152	0.417498	0.472381	0.0433807	5.12157	0.411798	0.863105	1.13286	2.3623	-1.29249	2.60693	-3.4603	-0.557055	
2.62883	-4.08782	2.2618	2.53008	0.623786	-0.178247	5.37827	-1.11585	-1.01174	-0.336662	-0.610434	-4.50189	2.97815	0.803221	0.122557	-1.20139	2.17355	-1.66178	2.61266	1.53613	
0.818523	-0.180036	-1.33408	0.0288547	-1.55135	0.0823061	-0.0732357	1.19542	0.705974	0.465927	2.00687	1.98277	0.269886	0.294235	-2.27397	1.05157	-0.938304	-0.460816	-0.263168	0.591434	
-3.76186	3.09771	-7.97692	-3.92184	-1.46082	-0.76722	-8.59503	0.676426	1.01247	0.387586	3.17224	8.38629	-4.95907	0.871839	0.158563	5.48583	-3.44023	1.25345	-4.64166	0.0189256	
0.563729	-1.81498	0.631362	0.413156	-0.787905	-0.712839	1.05902	-0.721402	0.761395	-0.791885	-0.398628	-0.591339	0.719275	0.166313	-0.19177	-0.75785	-1.76894	1.69703	-0.23692	0.505573	
-10.893	9.75173	-16.1534	-9.78816	-1.71061	-3.80307	-18.6639	5.84134	1.11393	0.593294	6.00352	18.0237	-10.7142	0.358267	4.49879	10.4812	-7.5665	5.8591	-12.3087	-1.65558	
-3.45742	0.70224	-2.06819	-1.20956	-0.709647	0.462775	-2.2017	-0.0285336	0.859401	0.0377686	1.62338	0.985647	-1.64322	0.214376	0.469114	1.22177	-2.11631	1.00795	-0.890651	0.197325	
3.01387	-2.6726	1.52215	-0.420689	-0.0497211	-0.670704	3.24604	0.157571	-0.965693	1.39919	-1.87276	-3.91709	2.074	0.915713	-0.0754268	1.23386	-1.12717	-2.67434	0.973088	2.32401	
7.42754	-6.58568	7.70024	5.99894	0.387187	2.21892	11.531	-3.15732	-1.29719	-0.679347	-2.21275	-10.3904	5.61377	1.16777	-1.17617	-5.39001	3.37238	-2.4403	5.44076	1.20319	
0.256564	2.98702	-5.89287	-4.05068	-1.69185	-4.33168	-7.88987	4.15857	1.32898	-1.9649	-2.30212	7.83761	-3.09124	2.58808	-0.0445051	3.76864	-0.762481	-0.581433	-3.83272	1.86717	
-4.66387	6.42777	-10.5898	-7.00455	-1.82199	-4.29673	-12.6003	2.77888	0.261061	1.27125	1.23428	12.5991	-4.39144	0.512932	4.26937	6.50213	-2.60449	1.65053	-9.70988	1.96279	
-3.66357	4.80153	-4.98661	-4.04618	-0.597402	0.633263	-5.04681	0.724995	1.78635	1.84585	3.14311	6.40217	-3.54884	-1.29985	-0.453192	2.8133	-0.865768	3.1642	-3.56452	-0.427438	
-0.304263	-1.50343	-0.218695	1.28816	-1.03248	-1.73886	-1.31062	1.1534	1.17029	-0.0174505	-2.52999	-0.661679	-0.991374	-0.648659	0.379941	0.366522	-1.48563	-0.406304	-0.00422002	1.19496	
-1.86434	-2.11709	5.12774	8.03974	-0.262004	8.92159	6.66651	-5.58292	3.44013	2.62356	4.36849	-5.67693	-2.19509	-4.79677	-1.8421	-1.01035	2.00113	4.66029	6.33604	-4.83971	
4.79652	-5.18649	6.93473	3.09665	-0.131257	0.781053	7.60381	-1.01765	0.0315367	1.0118	-3.04935	-9.80768	5.8431	0.0212927	-0.842253	-4.12631	3.43537	-3.04862	3.36315	-0.185848	
1.79185	-1.05853	4.87634	2.81558	2.9305	1.79764	5.29872	1.06296	1.84865	-0.721411	-2.33103	-6.14004	3.02269	2.13007	-1.62346	-2.56174	1.62565	-0.199705	1.75117	-1.21714	
-0.646657	1.81934	-1.28635	-2.6409	-2.81159	-0.320158	-3.54201	-0.0897861	1.39937	-1.00751	0.435535	2.10047	0.200319	0.949266	2.02672	0.921847	-1.30361	1.46082	-1.14328	0.672295	
1.44076	-1.08023	2.86276	0.680201	0.966707	1.12286	4.57764	-0.624917	-1.12339	1.18096	-0.878518	-0.6847	0.973672	0.621398	1.42392	-1.50901	1.45618	-0.82686	3.16703	-0.689661	
-3.52047	3.70142	-2.93261	-2.35862	-1.36496	0.367541	-4.66028	2.13658	-2.8824	0.97297	1.37214	5.23561	-3.2836	-1.51943	2.49929	3.45285	-1.21645	0.337824	-3.77727	-0.887735	
2.32272	-0.5005	-2.29703	-1.46039	-1.17465	-0.678391	0.260161	0.20196	-0.0122909	-0.449751	1.07725	-0.395919	-0.657871	-0.494979	1.70033	0.17705	0.720875	-1.7333	0.491916	-0.864959	
2.85153	-3.27363	3.39856	1.27892	0.0437001	1.02298	3.51022	0.831831	0.977801	-2.01139	-1.82821	-4.92833	3.07494	0.226345	0.047823	-2.17851	1.72072	-0.831305	2.40535	1.57441	
3.99556	-1.33239	2.88721	1.25903	-0.285417	0.264736	3.97675	-1.09806	0.399488	0.524324	-2.16947	-4.42239	4.33036	0.631196	-0.497289	-1.83593	0.596239	-1.06338	1.90218	1.32173	
-4.71251	0.0511622	-0.95497	6.77354	0.752507	10.9463	0.912298	-4.21409	2.91329	0.694941	10.1773	0.858776	-5.27594	-5.36309	-2.63272	3.76065	0.382896	5.24308	1.38087	-7.80503	
-3.1532	0.714334	-4.62945	-2.99179	-0.667035	-0.829497	-6.908	1.36834	-0.9423	0.425568	1.56244	6.35727	-4.45821	-1.1152	0.316092	4.27598	-3.14814	1.46678	-5.52558	-0.186611	
-2.10287	1.55361	-2.96703	-1.11546	-0.686233	-1.32411	-3.63651	-1.31582	-0.222602	-0.753057	1.01491	2.87221	-2.39515	0.502777	0.724886	1.57798	-0.906611	0.534795	-2.3599	0.309322	
-0.758266	-0.906564	-0.823672	-1.92665	0.00499463	-1.45628	-2.4236	-0.805725	-1.0381	-0.314308	1.56223	2.03729	0.124259	-1.60516	-0.760001	1.30627	-0.308168	-0.296446	0.184383	0.37764	
2.2528	-3.07178	3.48924	1.60656	-1.66358	0.578463	5.44329	-0.543276	1.54079	-0.945633	-0.516405	-4.13007	1.66906	2.17222	1.41927	-2.43288	1.47224	-1.22977	3.29295	2.66257	
1.91784	-0.113612	-4.94501	-7.52643	-4.33072	-7.72434	-7.50947	3.85504	-1.11197	-3.03384	-6.52623	4.68002	1.05025	3.87638	3.24211	0.7932	-0.904209	-4.60199	-3.95909	5.88361	
-1.63534	2.4433	-2.01304	-2.48494	0.362946	1.07947	-4.04073	0.705641	-0.543392	-0.328492	-0.308646	5.5775	-1.78347	1.14541	0.683568	0.189174	-0.114957	0.518912	-2.13553	-1.003	
1.69288	-1.41213	4.00207	2.12343	-0.423018	1.25424	3.46841	-1.48413	-1.1141	0.927386	0.405189	-3.65442	1.82388	-0.615132	-1.00928	-2.43128	1.52833	0.471006	0.340959	0.682201	
0.583307	-0.505868	0.96241	0.510187	0.592806	-1.61949	1.90685	0.779588	1.16922	0.152965	-1.69784	-1.33118	0.821713	-0.505791	0.865749	0.0655924	0.943652	0.546684	1.15522	2.20572	
-1.39087	2.48346	-2.72429	-1.78976	-0.221694	-0.525194	-3.1188	0.850211	0.460827	-0.94875	0.651907	2.20165	-2.24776	0.68425	0.40817	0.165459	-0.636567	0.455278	-1.76714	-1.65364	
1.0606	-3.54701	2.32282	1.70432	-1.15904	0.416332	3.03663	-0.308605	0.0809015	0.967515	-1.22852	-4.30291	2.85713	-1.134	-1.97903	0.195673	2.19126	-0.717426	1.56561	-0.840414	
3.77625	-3.62661	7.19911	2.90246	1.48579	1.69379	7.23604	-0.919756	-0.802963	-1.66735	-2.15113	-7.31157	4.71214	1.00352	0.649379	-3.85322	5.27496	-3.57976	5.13666	1.4497	
4.61443	-5.55075	5.55499	2.71597	0.677589	1.86604	7.21277	-3.15666	-0.252105	0.396192	-2.38353	-6.28403	3.16356	-0.734843	-1.91052	-4.50347	3.49775	-2.82049	4.98017	-1.03022	
-3.78648	4.53053	-7.2025	-2.0589	0.898359	-0.953347	-8.18186	1.34537	0.264186	0.859865	2.52996	9.29643	-5.4076	0.306329	1.34825	4.68248	-2.3609	2.12081	-5.45398	-0.00394366	
1.4343	-2.20833	2.55746	1.53941	0.142006	-0.464789	3.45862	-0.22042	-1.22859	1.69618	-2.07227	-1.98455	0.563241	1.10962	0.663936	-2.45179	1.58406	-0.734392	3.56772	0.93136	
5.95481	-4.24487	6.76606	5.11123	-0.872218	1.30874	9.10499	-1.67342	0.0264876	0.478497	-2.26955	-10.0588	4.40247	-0.357263	-2.16338	-5.51033	4.03547	-1.94903	6.80572	0.77818	
-0.143615	0.483457	-1.03401	-1.16382	-1.40749	-0.662257	-0.749323	1.24349	0.582904	-0.475117	1.03005	1.12932	1.33823	-0.348585	-1.47669	-0.799703	1.79889	0.189449	-0.999362	-0.532107	
6.48772	-5.50849	7.38857	3.98033	-0.603075	0.642524	9.64528	-2.78907	-0.154323	-0.522465	-3.45709	-10.8417	3.45628	-0.801161	-3.06738	-6.49973	4.15033	-2.97931	7.53258	1.3405	
2.3756	1.6045	-0.877389	1.42728	-0.744971	0.11618	-1.04626	-1.64713	1.67082	-0.879071	-3.13895	0.399553	0.119919	-0.457173	-0.358802	-0.800275	0.53949	0.373226	-0.773438	0.118295	
2.55332	-1.85375	3.46596	1.71962	-0.388268	-1.19283	3.25157	-2.75851	-0.777636	-1.06268	-1.7579	-2.58057	1.16075	-0.990734	0.591413	-2.25078	2.60711	-0.615695	2.55309	0.707345	
-4.66398	1.63755	-5.91219	-2.54937	-0.0769677	-1.30276	-7.52897	0.992113	0.121145	-0.232887	2.97151	8.5633	-3.7137	0.204309	1.76923	3.56176	-3.63292	3.19993	-5.04283	-1.23534	
-1.08434	-0.564745	-0.119737	0.18605	0.545291	-0.613792	-1.62871	-1.22515	0.370774	0.417066	0.374129	0.630455	-0.791648	1.33007	1.64486	1.23907	-0.656253	0.962113	-0.0634307	-0.868805	
0.168783	-0.746504	0.748788	2.63245	1.43071	-2.02354	0.708206	-0.75444	-1.19412	-0.121736	-0.836007	0.896408	-0.810833	0.538248	0.88648	-0.288897	-0.319732	0.271317	2.33561	0.495056	
4.59196	-6.83693	8.09327	2.04744	0.272889	2.80193	9.56349	-3.96102	0.221476	-1.76032	-1.8457	-11.5884	5.63197	-0.227885	-2.86803	-5.72031	4.65702	-2.99022	7.61083	2.08398	
0.885951	0.303754	0.803621	-0.608438	-0.662716	-0.063927	-0.368874	-0.65429	1.76133	-0.513881	0.398913	0.431464	0.424214	-0.93583	0.696838	0.509549	0.802722	-0.665441	2.83393	-2.37184	
0.0258277	0.194173	-0.290823	-0.614928	-0.264315	-1.00286	-1.89731	0.833128	-0.019354	-0.777285	-1.26486	1.25899	-1.76407	0.137331	0.978127	1.60494	-0.352432	1.43247	-0.157666	-0.435256	
0.156363	1.03156	0.0598789	-0.252794	0.262797	-0.0849962	-2.07145	-1.00035	1.00877	0.0946889	0.847826	0.900745	0.0719852	1.32988	-1.57354	0.969094	-1.13676	0.570479	-1.85039	0.469839	
0.291333	-2.12411	-0.623965	-0.374302	1.32461	0.879575	0.814058	0.360542	-0.398966	0.592851	-0.0421735	0.129838	1.14486	-0.664391	0.586166	-1.86203	2.1584	1.00076	-0.476826	-0.0400301	
-0.731933	0.816358	-0.869432	-0.0151835	-0.703587	1.53872	-2.32837	0.775239	-0.138847	1.17627	1.15698	-0.832967	0.764838	1.63561	-0.624882	1.1419	-1.30171	0.93305	-2.49904	1.73338	
3.53985	-5.79505	5.74627	3.31716	0.500131	1.87678	4.96229	-0.156831	-0.0886323	0.21019	-2.23447	-7.95126	4.23783	0.196526	-0.879748	-4.37686	3.97007	-1.46415	4.94109	-0.359498	
-0.541163	0.699166	-0.0923385	1.04326	-1.50779	-0.51591	-0.681418	-0.909428	1.48813	0.698212	0.0807993	0.54445	-1.32446	0.424883	-0.563467	0.775718	-0.043594	0.473019	-0.822011	-1.7162	
-2.60795	5.5789	-7.38424	-4.88248	0.361432	-0.512025	-8.42319	2.26955	0.931599	-0.477632	2.73065	9.37326	-4.865	0.613731	3.075	4.51644	-3.95901	4.70868	-5.68756	-1.39528	
-3.82929	4.62828	-6.32816	-1.01801	1.49074	-0.952714	-6.95693	-0.074928	1.29647	0.322984	3.47584	6.52877	-5.39439	0.299252	-0.0822884	4.87327	-4.03174	1.23104	-6.61976	2.52748	
3.68075	-4.32143	6.48318	7.22414	2.17308	3.35344	11.1996	-3.11243	0.130676	2.48487	-2.12373	-11.1715	3.45064	-1.03613	-2.38942	-5.48871	5.00189	-3.11424	8.61015	-0.623652	
3.77902	-3.32289	2.54174	1.82572	0.704809	1.41388	6.37012	-2.16858	0.186508	-0.473035	-2.43414	-5.79756	2.04262	-0.296713	-1.25383	-4.2724	-0.751267	-3.79511	4.10919	-0.166382	
0.799942	-0.709871	-1.89079	-0.658615	0.309163	-0.272631	-1.43272	1.90205	2.66761	-0.803591	0.0212246	-0.400333	-1.26327	-1.01727	0.0770308	-0.603641	-0.878633	-0.545242	-0.919907	0.282346	
2.59447	-3.00222	5.24695	5.16151	-1.73818	0.679207	7.07736	-1.81216	-0.660683	0.241554	-1.91186	-6.50762	2.87741	1.72605	-0.954306	-2.01124	1.95514	-1.42721	3.03796	2.27339	
0.537502	-0.254066	1.62097	-0.0181976	1.23741	0.611662	0.413271	-0.899539	-0.985425	-0.460187	-0.672829	-1.66674	1.49269	-0.286852	-0.167197	-1.60042	-0.27354	-1.70902	0.574454	0.161698	
0.487203	0.933105	0.840222	0.558241	0.50557	-0.312604	0.863603	0.233661	0.117998	1.39974	1.04892	-0.064617	0.452119	-0.00171949	-0.858851	0.00541207	1.0589	0.507273	-0.0330409	-0.0285159	
-0.75919	-0.906208	-0.355534	0.164517	-0.468334	1.18077	0.433878	-1.51289	0.752097	-0.745825	1.10298	0.758802	-0.798974	0.790119	2.35726	-0.218901	0.302889	-0.632447	-0.321399	-0.0567558	
0.91696	-0.794681	2.3008	0.307294	0.92168	-0.274867	2.00588	-0.856325	0.102069	0.0711569	-0.454442	-2.92697	1.66771	-1.68965	-0.228767	-1.35928	-1.27997	0.144225	2.43075	-1.45473	
1.92631	-1.75794	1.15388	-0.297522	-0.616448	3.48644	2.1367	-0.87949	0.0812382	0.285742	-1.86286	-4.17999	1.8822	1.11877	0.990192	-0.785958	1.64991	0.0793183	2.42703	-2.00377	
-3.22018	2.97407	-4.41496	-2.27838	-0.289104	0.333825	-6.50737	2.5033	0.386853	0.193735	3.96061	6.91125	-2.71629	0.350359	0.534843	3.60727	-1.33271	2.40801	-3.58447	0.429142	
3.68493	-3.06155	3.15912	2.03233	0.214905	0.854992	3.20588	0.278994	0.279696	-2.04141	-2.38457	-6.5508	3.72264	-1.00476	0.0332426	-4.38824	3.79929	-0.265916	2.26441	0.0884654	
0.570698	-1.65409	3.59113	1.57885	-0.565245	1.29244	4.27206	-1.537	0.484169	-0.142116	-0.970275	-5.18078	3.1095	-0.780778	0.59392	-1.68275	1.88803	-2.70632	4.6592	-1.0981	
3.97237	-2.43918	3.40199	2.11551	-1.06475	1.51007	4.98558	-0.834583	-0.412362	2.25096	-0.281995	-5.22882	1.08918	-0.189132	-0.33066	-1.64171	2.21909	0.770445	0.523984	1.31889	
-4.22248	5.20218	-6.67849	-4.21121	0.23038	-0.447356	-8.8566	2.01926	0.226488	-0.124571	1.40881	8.8958	-4.51111	-0.598068	2.94042	7.13958	-4.50489	2.48964	-5.90562	0.0413516	
-0.437127	-0.0608394	-2.96863	-3.21613	-0.56409	-0.788567	-1.70573	0.595721	1.63264	1.27594	-0.54022	2.61941	-3.16911	-0.446071	-1.40717	2.68129	-0.612794	0.593404	-3.04234	0.406034	
-5.32544	3.6202	-6.94162	-2.90171	0.538822	-2.37754	-8.16437	0.973191	1.55645	0.258305	2.3359	9.70957	-3.99358	0.0439832	2.51252	5.04168	-4.01561	4.01042	-6.63004	-0.497509	
0.425789	-0.355572	-1.68822	-1.86641	-0.145575	-2.24882	-0.826523	-0.0814019	-0.138749	0.791683	0.220857	-0.340733	-1.64412	-0.472964	0.25486	-1.02383	-1.43718	0.080704	-2.09628	-0.536157	
-5.71922	5.50395	-7.80769	-2.28262	-1.28089	-3.25506	-9.97543	2.43168	0.639676	-0.701483	2.33887	11.8962	-5.73187	0.0864974	1.98922	8.04464	-4.49907	2.24778	-6.00728	-1.87899	
0.491754	-6.91555	7.63954	6.29764	1.95315	5.65624	10.6784	-3.52352	1.2865	0.962392	-1.33049	-10.4942	4.12464	-3.60426	-2.06008	-5.40063	4.6981	-1.68423	7.28515	-1.61959	
-0.0199332	0.837917	-1.08667	0.221003	-0.506003	1.16447	-0.173612	1.84651	-0.941427	2.03858	0.863868	1.74888	0.0229876	-1.20044	0.510133	1.087	-0.0301256	-1.58772	-1.57759	1.53706	
-3.62877	3.53704	-5.56304	-2.45262	0.598793	-2.7701	-7.59506	1.50215	0.240755	1.10859	2.45363	8.27069	-2.37818	-1.00819	1.15775	6.76261	-3.8267	1.49524	-4.64354	-2.79227	
8.18407	-4.85754	-6.66989	-3.18233	3.30018	-1.18204	5.17689	-2.97722	-2.67661	-1.8726	-3.11937	-4.81774	-3.88082	0.382949	-1.36131	6.6699	-1.63061	-4.07649	-0.930176	-1.08061	
4.48084	-1.9627	-7.41914	-2.56262	2.77948	-1.87665	2.43189	-1.7729	-0.959744	-0.317172	-1.80595	-0.0246475	-0.902821	0.602314	-2.1958	1.82032	0.457776	-1.3362	0.866343	0.0844256	
10.2824	-4.80394	-9.17742	-3.41111	3.13841	-1.62516	8.42958	-3.02588	-1.3292	-2.27421	-4.742	-4.60714	-5.28716	-1.31461	-1.38409	5.6879	-1.69226	-5.39292	-0.626758	-1.9644	
1.20831	-1.27723	0.474201	-4.83997	0.202082	1.23386	0.205968	1.17937	2.49881	-2.76314	-1.99577	1.06481	1.31203	0.0457957	-1.28215	-0.239371	1.04491	-0.665353	6.42413	0.697857	
6.33689	-2.92879	-6.92814	-2.14208	3.76867	-2.63649	5.24321	-1.62096	-2.1654	-1.73959	-2.84436	-3.60479	-3.14862	0.343526	-1.39358	6.41909	-0.275328	-1.78328	-2.11785	-2.09606	
-1.35729	1.79136	1.80937	0.537368	-2.15767	0.240436	-0.00263322	-0.593991	0.195817	-0.131699	1.814	1.56791	1.53532	-0.990253	1.07292	0.302408	-1.56509	-0.136621	-0.00256889	0.515425	
6.73676	-2.12942	-8.16698	-4.31029	3.05826	-1.51336	4.79709	-3.56633	-2.34728	-2.27397	-4.1635	-3.51779	-4.9215	0.314849	-2.85136	5.50299	1.37041	-1.26008	-1.52333	-1.10394	
0.922702	-1.23176	-1.0183	0.303581	-0.548592	-0.549998	1.16284	0.000357698	0.186555	-0.544144	-1.77102	0.53627	-0.808064	0.0209615	-0.395711	2.1683	0.534069	0.0986885	-0.67506	0.761244	
9.62527	-3.96969	-10.3046	-3.11918	4.35008	-0.94818	8.90143	-1.18302	-1.46099	-4.67701	-3.59251	-3.53117	-5.67585	1.63012	-3.37048	6.7972	-1.42315	-3.26448	-0.329102	-2.32463	
13.6463	-8.47704	-17.4017	-5.88417	9.0653	-4.58759	15.7143	-5.38389	-3.58433	-5.42548	-10.1205	-7.28738	-8.70254	1.09768	-4.82805	11.9639	-1.67542	-6.59552	-1.70469	-3.75572	
4.34533	-3.76794	-14.3484	0.0811543	1.8754	-3.91492	8.60018	-5.51527	-2.75293	-2.75756	-4.01786	-0.771559	-3.44682	-2.80885	-0.949439	6.32855	0.828544	-5.50548	-0.609523	-3.42021	
-1.94322	0.599429	0.576547	0.418474	-0.954157	0.348323	-2.06575	-0.709469	-0.887995	0.747209	1.40441	0.917492	-0.510902	0.107063	0.39369	-0.533052	-1.78565	-0.843061	-0.227873	1.1768	
0.105624	-1.40661	-2.73856	0.0786007	0.232805	0.238718	1.1403	-1.13487	-1.01625	-0.865445	-1.01105	-0.479031	-1.96047	1.66374	-0.0860672	2.76176	-0.454624	-0.141518	-0.0285826	-1.48501	
-13.0012	6.27122	12.1007	6.39002	-5.59295	5.38607	-12.3966	3.37561	3.65824	3.60779	6.14235	6.00307	7.18566	-0.568627	4.02777	-10.4443	1.00791	4.78027	0.702902	3.3685	
-13.5383	9.94863	15.2223	5.37158	-7.06601	4.46647	-13.1442	5.14614	1.7247	6.23469	8.95691	8.03879	6.9437	0.426928	4.85867	-11.0865	0.731582	6.97885	-0.326674	2.94994	
3.58417	-0.387939	-4.15059	-2.29721	0.900594	-1.01079	4.12209	-0.70427	-1.60419	-4.31664	-1.55938	-1.50391	-3.65602	0.959527	-0.0742216	0.632771	0.385268	-1.75708	0.0290703	-0.0732288	
-1.40199	0.326847	1.61031	6.33943	-1.0684	-2.85922	0.465762	-2.72224	-6.35862	2.11844	0.387926	2.19877	0.660327	-4.74982	-0.0857819	1.95331	-5.31385	0.770985	-10.981	-2.74656	
9.58945	-4.37406	-6.23681	-3.72723	4.98913	-5.2882	6.60859	-1.95847	-0.661388	-2.35363	-5.67011	-4.38673	-3.37435	-1.15786	-2.49173	5.89752	-1.37513	-3.69137	-1.15423	-3.03916	
4.44289	-3.46903	-2.64596	-2.78426	1.5317	-2.39962	4.23313	-1.75671	0.642234	-1.19716	-0.661043	-2.30874	-1.34325	-2.07548	-0.71013	3.25777	-0.0417226	-2.80413	0.51847	-3.24882	
-11.5018	6.7626	14.0593	5.26525	-5.98423	4.90841	-11.9184	3.87867	3.0947	5.90047	7.01067	6.18422	6.82154	-0.51689	3.17991	-9.8038	1.11983	6.36551	1.30172	4.25692	
-9.80826	6.3196	8.91105	3.18291	-3.45373	3.54008	-9.33474	2.7091	0.985953	4.3106	5.93558	4.17022	6.16921	-0.97759	3.55292	-7.88359	2.65442	5.414	0.955481	1.10341	
7.07191	-6.09973	-7.87491	-4.43105	4.43397	-2.6146	7.9787	-4.15015	-2.93885	-2.25391	-3.48651	-1.84696	-6.04243	0.433046	-2.836	7.34417	-1.54909	-4.71401	-0.0899203	-3.82579	
11.4567	-6.02161	-2.87341	-8.05757	7.32477	-4.10714	8.79381	1.3461	-3.34924	-2.08649	-8.28528	-9.13366	-9.77523	5.41772	-2.10834	5.43286	-2.4922	-3.09184	-3.47451	3.79946	
-3.1612	2.20899	5.81109	1.54442	-3.49512	1.08547	-3.34188	1.68695	1.58181	0.743002	1.96172	1.41718	3.20521	-0.693482	2.34164	-5.17832	1.50621	1.57781	2.17761	1.1967	
2.84255	-2.54482	-3.92407	-2.02371	3.39346	-1.57132	3.48523	-0.731317	-0.12618	-1.33244	-3.05593	-1.76016	-3.33935	0.635705	-2.59559	2.86879	-0.98463	-2.68648	-0.786679	-1.85071	
-3.3777	0.46104	3.42144	1.49452	-1.11971	1.87429	-0.531045	1.48087	0.291991	0.296906	1.78977	0.4939	0.856213	0.0143953	-0.315345	-0.816758	-0.511035	-0.0755619	3.13218	0.0648603	
-10.0601	3.78394	10.565	4.67322	-4.10894	2.64314	-7.00543	3.57359	3.02555	3.64876	4.86939	4.47959	6.91023	-1.82401	3.25393	-8.38366	3.4416	5.08279	0.885031	2.41855	
3.15368	-3.29344	-4.22443	-0.958391	1.94073	-1.5386	3.01426	1.28854	-2.3131	-3.54385	-2.30704	-0.538929	-1.52239	1.0019	-1.8197	3.80055	-2.1848	-2.18052	0.445496	-1.02757	
4.49146	-2.72444	-4.01908	-1.72033	3.47727	-0.950729	4.15281	-0.0647097	0.855677	-3.60522	-1.72471	-1.12973	-3.59417	-0.912373	-1.18254	4.12898	-1.91119	-3.70037	0.935357	-0.983703	
4.69961	-3.42126	-6.18825	-4.27732	2.32515	-2.12635	8.65995	-3.08867	-1.68267	-2.60699	-3.57368	-4.0022	-3.15915	-0.217561	-2.95903	3.87363	-0.876688	-3.88	-0.755976	-2.30437	
12.8111	-6.60411	-14.5004	-5.75337	6.77413	-5.09177	11.8482	-5.45249	-2.73058	-5.45589	-6.74314	-6.50864	-7.19619	0.102192	-3.58545	10.7578	-0.552595	-8.01618	-1.34707	-5.43074	
1.90977	-2.45588	-3.80749	-0.3618	0.0797382	-1.23356	2.48321	-0.733855	1.09866	-0.837493	-0.890764	-1.69444	-0.655429	0.0650607	-0.994369	0.777845	-1.36452	-0.767573	-0.759286	-0.577076	
2.95324	-2.91052	-0.551893	-0.310517	2.60813	-0.941436	2.01076	0.405591	-0.994332	-1.34309	-0.58785	-1.00489	0.0659756	2.09827	-0.616927	0.014676	-0.675907	-1.39882	-0.302707	-0.936521	
4.44483	-2.42421	-5.28362	-1.58252	4.46312	0.813443	4.43513	-1.84421	-1.38874	-0.802883	-3.67547	-2.83807	-1.70011	0.505181	-0.632984	2.37347	-0.962843	-2.57593	-0.0915352	-0.88065	
-8.53647	3.95284	9.991	4.79306	-4.45035	2.35394	-5.99537	2.88436	1.1196	3.52503	5.36966	3.66116	5.59722	-1.17872	1.39993	-5.81229	0.892317	4.84615	0.0809738	1.30059	
10.7373	-5.58323	-13.1335	-5.08501	7.08327	-3.17595	10.665	-3.29533	-2.79263	-5.70517	-7.91705	-6.55323	-5.61163	1.65139	-3.92578	10.583	-1.02467	-5.31911	0.401883	-2.11331	
-4.55161	3.66421	5.49688	6.21505	-2.1909	3.40775	-4.86818	2.15149	0.400175	1.73165	3.57285	3.88592	3.51863	0.929991	1.04059	-5.11392	0.613918	1.28425	-0.903393	3.03454	
3.80059	-2.25688	-3.66451	-2.02864	2.50536	-1.545	5.03922	-2.48427	-0.291216	-3.43687	-1.47461	-1.21657	-2.58284	1.22498	-0.341942	3.25739	-1.083	-1.83098	-0.278626	-0.0587731	
-3.31425	0.941997	-1.42464	0.0603902	0.463353	0.631174	0.0514831	-0.104941	0.874128	-0.674011	-0.277022	0.993723	1.21162	0.149028	-0.010113	-0.469125	1.29291	0.306743	-0.453593	-0.874443	
1.62616	-0.0417406	-1.88862	-0.823685	0.967947	-0.801449	1.72059	0.141636	-0.915022	-1.10044	-0.580609	-1.809	-1.3416	-0.0311844	-0.790798	2.35275	0.0579184	-0.351647	-0.0160968	-2.00766	
2.92335	-1.12509	-3.95843	-2.28861	1.17758	0.00515743	4.94316	-0.417023	-1.0241	-2.89026	-4.07392	-4.31858	-2.47681	-1.67569	-3.5909	2.33191	-0.318158	-0.285219	1.2106	-0.261238	
-10.7584	8.02581	13.5786	6.3758	-4.5575	3.66771	-12.8796	5.26382	1.69154	7.45246	5.54799	3.73731	5.29494	-0.28033	3.77665	-11.4229	0.456143	7.16866	-1.17234	3.88738	
-2.46496	-1.10417	2.96977	2.22891	-0.526256	0.708448	-1.49922	2.17257	0.594315	1.85089	2.70419	0.423753	1.92201	0.272989	1.01438	-2.30165	-0.0366637	-0.126945	-0.127215	1.13707	
-11.8701	7.31964	5.62642	7.87551	-8.31509	5.37854	-11.0009	1.55789	3.24941	3.69424	7.01214	7.17979	7.81994	-4.69619	2.76162	-6.80152	1.38957	3.00269	2.08514	0.0691045	
0.694488	-0.437694	0.914003	0.0534463	-1.18267	0.963723	-0.750853	-0.478541	1.08406	-0.132257	1.60776	-0.506829	1.01289	0.725933	0.653165	-1.29975	-0.857547	0.028908	0.877607	0.838809	
-7.60561	4.56003	7.0661	3.05913	-3.06043	2.14922	-7.22533	3.08373	0.597217	1.76058	4.09879	2.69871	1.66817	0.679454	3.43488	-5.26286	-0.474827	4.3265	0.572095	0.525046	
-1.54471	-0.00159194	-6.01874	3.3861	-2.27754	-1.77547	2.68151	-4.34325	2.27483	1.47627	1.37278	2.61604	1.49864	-4.48429	-0.399118	2.7543	0.661249	-0.633298	2.03432	-1.7063	
15.7135	-9.54748	-16.9916	-7.71899	9.00427	-4.41374	15.7929	-6.2125	-2.94856	-6.67994	-10.5623	-7.83044	-9.78569	-0.198117	-6.14221	13.5955	-1.4267	-7.71322	-4.3146	-5.07116	
2.67485	-1.44632	-4.66727	-0.359047	0.493583	0.35074	6.05949	-1.08864	-0.369434	-2.48938	-2.80565	-1.46117	-1.8	-0.338808	-2.2043	2.87938	1.29719	-1.6808	-0.323608	-0.16167	
-1.23315	-0.484498	0.392435	0.624764	-1.18892	0.136088	-0.530445	0.956564	1.34437	0.481851	-0.315259	0.102607	1.18781	0.246425	1.35934	-0.276015	-2.35239	1.01092	1.20347	-0.470373	
-3.47062	3.02094	2.13805	-0.078788	-0.233894	1.45508	-2.00894	1.27522	0.625552	0.677218	1.89327	0.58174	0.94195	-0.379303	1.11822	-1.50269	-0.222861	3.06916	-0.350083	0.0232269	
-2.92552	2.54721	2.697	2.61667	-1.63608	0.338414	-3.82777	-0.543606	0.186135	0.382714	3.76958	1.43128	0.778778	-2.0916	1.30777	-2.62365	1.5502	0.861962	0.0826797	0.522102	
-5.75839	3.36047	9.1729	-3.87557	-1.14438	0.951971	-6.30047	3.76588	7.66455	1.85841	0.761542	1.1127	1.83146	4.35613	1.07885	-3.79185	7.35821	2.76783	10.844	2.05509	
6.81387	-4.41205	-6.47988	-6.78135	3.90575	-0.87472	6.4776	0.757053	2.5543	-3.88499	-3.31962	-4.06925	-2.18655	3.92664	-2.81492	5.97301	3.52114	-0.828346	5.36791	1.08044	
10.5896	-5.25063	-11.5503	-5.038	5.27037	-5.56191	11.2672	-3.74872	-4.79043	-5.25519	-6.54953	-6.16758	-6.63341	1.36502	-4.31033	7.14397	-0.158473	-5.48687	-1.66457	-3.17774	
-1.43833	1.05843	1.90313	0.29482	-0.854968	0.70862	-2.91012	-1.3371	1.70183	1.08493	2.11076	0.830001	1.2965	-1.22796	-0.918608	-0.423617	0.169909	1.31269	-0.317055	1.35782	
12.7419	-6.28415	-13.3817	-5.19586	6.28338	-3.66157	11.864	-4.39904	-1.57008	-6.18114	-7.1969	-5.62283	-7.57751	0.663107	-4.38483	9.25761	-2.27637	-4.65004	0.0675771	-3.6652	
1.08735	-0.462991	8.7391	-2.11526	1.95015	2.10219	-3.18815	6.24614	-0.508517	3.05854	-0.121783	-2.98123	-0.676276	8.24103	0.241192	-5.35086	0.553792	4.56444	-1.48903	4.61759	
2.48224	-2.23374	-3.59881	-0.866121	-0.378686	0.0401786	1.65979	-1.12236	-0.431094	1.1458	-2.34948	-0.983461	-2.62256	1.24803	-0.524475	0.475921	-0.874348	-1.41323	-2.01203	1.15822	
4.12803	-1.71286	-3.02136	-0.41848	1.40001	-0.131173	2.02945	-1.8172	-0.192987	-0.646696	-3.15086	-1.92689	-1.71324	1.47534	-2.05154	2.95923	-2.26761	-2.54186	-0.961412	-1.92745	
6.43122	-3.72789	-6.57922	-2.52055	3.38652	-0.622729	6.48643	-2.73518	-2.33409	-3.53203	-4.81772	-3.25572	-4.16441	-0.949859	-1.06682	5.20204	-0.914643	-2.92078	-1.61851	0.910238	
-6.85541	4.02286	6.02148	2.78426	-3.30313	1.97227	-4.67396	-0.0393076	1.39525	1.39135	2.75548	2.84195	4.71187	2.00442	0.136097	-4.82681	-0.354025	1.73444	0.933316	1.95585	
-4.29649	4.52751	3.32219	2.42605	-0.929586	2.36672	-3.4876	1.80834	-0.177128	2.1776	2.50713	2.59032	2.89605	1.28317	1.35918	-4.17837	0.700534	0.420534	-0.224239	0.726583	
-15.7486	10.2873	17.6813	7.688	-6.21922	6.58665	-17.5992	3.74113	5.11333	7.34193	9.32593	5.62324	7.91313	-1.99495	5.19484	-13.7939	2.77968	6.76173	1.79702	3.93173	
2.23697	-1.37429	-2.69165	-1.48587	1.42647	-2.68927	1.6698	-0.877968	-0.248818	-0.46034	-1.00245	-0.85597	-1.11938	0.600835	1.55661	1.7032	1.20184	0.311084	-2.45736	-0.136377	
-6.0532	2.70666	7.49695	4.08933	-4.53803	3.38165	-5.74329	2.79237	2.89282	5.25725	5.23331	4.40442	3.8237	0.749991	2.13795	-6.83887	1.20709	3.55132	1.20787	1.19465	
-0.0229628	0.331668	-2.14847	0.295643	0.647562	1.00079	1.85338	-2.46921	-1.91427	-2.62511	-0.847328	0.555933	0.89879	-0.698244	-0.304062	0.864011	-0.828796	-1.18243	-0.539822	-0.650712	
-9.22499	3.71839	8.48561	4.65532	-3.7924	3.00943	-6.84909	4.10402	3.22271	5.26438	4.468	4.27637	3.98592	0.966406	1.27767	-7.22267	2.6196	2.8214	2.42348	2.38563	
-14.2591	3.566	-7.91605	8.91504	-10.2455	-0.339762	-6.28332	-9.7058	2.22418	-1.23043	10.002	11.6216	9.99346	-13.8345	2.69438	-0.4393	4.45403	-1.1975	4.8136	-7.95976	
-1.71028	0.170514	2.96844	2.08723	0.0099333	0.82137	-1.0686	1.2521	1.49981	1.60694	0.713098	2.04172	1.26653	0.0310157	1.6939	-1.46186	2.42008	0.666777	0.650233	1.55952	
-2.97394	1.04167	-2.75083	2.37801	-1.89982	1.95008	-2.06256	-1.58073	1.34066	0.455754	2.8938	1.46446	2.34856	-1.56547	0.773034	-2.0993	2.67915	-1.99164	1.72102	-1.14427	
-4.82567	0.647529	5.15105	1.6244	-1.08037	1.28111	-3.95848	0.600247	1.72627	1.73552	3.79389	3.0026	3.60992	-1.42697	2.9786	-3.70877	0.135089	2.4229	-0.293571	1.04113	
-0.0327306	-1.18471	5.98987	-5.79156	2.42691	3.43261	-3.07295	2.96494	8.31284	-1.36593	-0.509159	-1.4482	-1.95037	7.14007	-1.96456	-3.40756	5.59764	1.12512	10.4464	4.24983	
-1.82772	-0.148509	1.64087	1.19462	-0.972844	0.862326	-2.02277	-0.4719	2.17743	0.449972	1.59288	0.904275	2.90479	1.32117	-1.12234	-0.695609	1.93425	-0.0865866	-0.0317784	0.498121	
6.43514	-5.34854	-9.03324	-4.60883	3.78795	-2.6228	7.45808	-1.7092	-2.37796	-3.75162	-3.15389	-2.87761	-3.63484	0.705813	-1.11725	7.09597	-1.67732	-2.49704	0.172823	-1.31326	
4.11096	-1.30904	-2.59798	-1.91961	3.59293	-1.20318	2.52826	0.0304606	0.715437	-1.42026	-1.37413	-1.91749	-2.39248	-0.0970683	-2.37439	0.597757	-1.41791	-1.19856	0.0781265	-0.36543	
7.62713	-4.45137	-8.41526	-6.00707	4.53233	-1.16975	9.66529	-3.39318	-1.0835	-3.92216	-5.51766	-4.66747	-3.98599	1.45642	-2.11693	7.12154	-0.882722	-5.28468	-2.15339	-3.55222	
-4.08157	2.60278	5.29175	2.70168	-2.67104	2.72095	-5.53859	1.76879	0.779959	1.81455	4.22117	3.27952	3.34469	-0.204115	0.639693	-4.18706	-0.0113693	1.55551	1.05327	3.0208	
-3.59043	2.71433	4.85987	1.86423	-3.02521	2.53412	-4.39623	-0.439364	0.511157	3.56549	3.77285	2.71615	2.29363	-0.131166	2.29628	-3.80209	0.842346	3.13118	2.24424	-0.357919	
2.04182	-0.855132	-0.341848	-1.57595	1.42622	-2.34445	1.89806	-1.57721	0.513855	-2.15689	-0.133478	-2.14849	-3.28543	-0.708449	-0.577386	0.286768	0.583206	-2.24818	0.0681585	-1.25942	
2.47996	-1.70457	-4.17047	-1.45232	1.79806	-2.52863	3.23802	-1.78709	-0.387954	-1.89289	-0.386807	-2.79492	-1.28234	0.245258	-0.719043	2.0797	-0.621681	-1.62477	0.951896	-2.29514	
-2.80641	1.33647	2.05383	0.940369	-0.91949	1.04299	-2.3598	-0.404054	-1.12186	0.135367	1.27035	0.843482	-0.148383	2.25961	-0.404702	-2.57119	-0.690739	0.626017	0.655132	-0.0309559	
-5.66451	1.8236	3.8976	1.416	-0.632374	1.66024	-4.22385	2.09086	0.567047	1.13778	3.00332	1.67123	3.67421	-0.692531	1.38401	-3.84022	-2.30458	0.39656	1.74891	1.50984	
10.8026	-5.85504	-10.8258	-6.80816	4.99857	-2.79239	11.1854	-3.39132	-3.8525	-4.52	-7.50757	-5.82765	-6.64503	-0.947681	-2.66975	6.92019	-2.37404	-4.2838	-1.35496	-3.16666	
0.546663	2.56872	-2.08771	0.147025	0.59587	-0.962239	0.638306	0.263496	1.26968	-0.916579	-0.727877	-0.493856	-0.845895	0.466112	-1.32453	-0.894986	1.1516	-0.962183	-0.99928	-0.465753	
9.96511	-3.72157	-10.1679	-4.32359	5.57311	-3.42956	8.22523	-3.41011	-2.94222	-4.0653	-5.21174	-3.48207	-5.42009	-0.317718	-1.7851	9.44687	-2.05422	-5.98964	-1.29497	-1.18054	
12.3025	-4.47418	-12.7442	-5.10292	7.05631	-6.34364	9.98922	-6.21583	-2.49597	-6.43311	-5.28691	-3.22933	-4.53897	-1.99735	-4.02178	9.81018	-1.95514	-6.80348	1.98634	-2.74811	
1.13332	-0.478123	-2.15879	-3.24196	0.811772	-0.0604552	2.42144	-0.0995085	1.03569	0.0647641	-2.23579	-0.893442	-0.573312	0.0158408	-2.01924	1.55172	-1.21676	-1.94598	-1.14744	1.16162	
-4.78148	2.53406	3.56618	0.695124	-3.68418	1.09821	-5.39209	1.88093	2.0621	0.918311	4.28781	2.62448	2.02358	0.718859	1.43559	-3.21063	0.501347	2.33844	0.724663	1.25432	
8.3126	-5.53996	-9.49856	-3.56896	4.75991	-4.20867	10.1426	-2.14731	-0.254847	-3.51275	-5.17918	-6.5773	-4.64656	1.08334	-5.26545	8.28474	-0.0512902	-4.31557	-0.92794	-2.84132	
-9.7824	2.53673	-9.94226	6.66331	-8.05487	-0.498122	-2.83249	-8.87959	0.915691	-1.08143	5.14608	7.16757	5.91074	-13.0081	2.57467	1.65667	1.70539	-1.82096	3.42432	-7.78901	
0.195179	-1.73152	0.876389	0.185514	-0.489508	-0.123062	0.299171	0.0318081	0.0599681	0.495627	0.818858	-1.12167	0.637356	-1.54704	0.522241	-0.16012	-0.380251	1.49797	-1.71682	-0.297472	
-4.37295	3.10798	3.10503	1.3532	-1.40292	1.48341	-4.30334	1.57096	3.08112	1.95412	2.32277	3.31252	4.11075	0.385141	0.942459	-1.93943	2.16592	2.50577	-0.192002	0.236194	
9.33873	-5.29763	-9.60266	-5.64918	5.80205	-4.30548	10.0222	-2.57617	-3.2893	-4.36148	-5.20752	-3.49391	-6.46671	1.59346	-1.47762	5.95033	-1.07221	-4.76388	-2.24684	-1.1007	
-4.17357	0.693583	6.00027	2.58881	-2.2995	3.66893	-3.65579	1.2316	1.13765	4.21275	1.24034	2.1087	1.48355	-1.19473	0.27897	-3.86942	1.29018	1.57318	-0.366922	1.89294	
-23.1461	11.6123	23.7471	6.37012	-8.66413	8.56606	-19.9866	7.77204	9.10407	6.4356	11.9309	9.05626	12.3303	1.77288	8.06933	-18.5476	7.07376	10.4844	10.6807	6.41849	
-0.655135	-0.17366	-0.602864	-0.714955	-0.604332	0.0363571	-0.637482	-1.23735	-1.5843	-0.694728	0.843764	-1.28305	-0.912202	0.381694	-0.591364	0.552134	2.89078	-0.548359	-1.04061	-1.91984	
1.95674	-2.03981	-3.15815	-1.61199	0.0709812	-1.58689	0.464658	-0.294683	-0.767291	-2.02108	-2.53521	-0.54847	-2.2503	0.0466414	-0.708016	2.06775	-2.12025	-0.526215	-1.79693	-1.3575	
7.94004	-5.0527	-6.79956	-4.63252	3.92805	-0.344551	6.5093	-3.89573	0.340299	-1.10073	-3.71863	-3.38199	-3.42116	0.810446	-1.10239	6.22405	-0.410079	-1.43153	-0.306998	-0.957288	
-2.99831	0.499632	1.57488	1.41034	-0.557476	1.67688	-2.96643	0.0321463	0.403596	2.26186	2.75971	-0.0284157	2.18437	-2.61599	-1.44058	-1.48546	-1.6991	1.07678	1.13889	-0.419056	
-0.836253	1.44171	-4.08449	-5.52731	0.889442	6.13964	1.53475	1.20825	5.12278	2.62888	0.973302	-1.35335	6.20044	4.44324	-5.27608	-2.18745	0.716673	-0.992691	0.120705	-5.75473	
-2.33254	0.136949	-8.37498	-10.4104	3.72837	14.3692	2.1132	-0.518146	13.0163	5.13158	0.968473	-1.35551	14.7244	10.781	-8.38049	-0.228634	0.0716568	-5.63167	-2.09451	-11.4218	
-0.712231	0.294408	0.823394	-2.02044	-0.176149	1.86252	-1.43223	-0.4622	1.98023	-0.193527	-1.05059	-0.888008	-0.0127685	2.1058	-1.54795	1.5665	1.04465	0.673751	-0.542503	-1.79469	
-2.44287	1.41444	-5.08626	-6.37677	2.90717	7.7987	0.307265	-1.43014	5.44656	2.49626	-0.186249	-2.77056	7.51133	5.87697	-5.95226	0.126686	1.24933	-1.46452	-2.11197	-7.95607	
-0.595249	-2.04654	7.85678	3.04189	-0.85304	-9.08787	-1.2417	2.21423	-4.53262	-4.15306	-2.25801	1.80154	-11.7076	-4.60821	10.3541	-1.04115	3.73672	4.63854	10.1481	10.9062	
-0.591787	-2.07561	-1.69041	-6.56468	1.74359	3.73425	0.374892	1.31077	7.95438	0.134551	0.189663	-0.374397	2.46693	5.92901	-1.99188	-2.13281	6.17744	-0.0393062	8.86508	2.02274	
-0.103247	-0.935845	0.218095	-1.32567	-0.664547	3.43291	0.00437537	0.718596	0.830468	0.577116	0.551825	-0.91612	2.8015	2.12	-0.308792	-1.26786	-1.98619	0.906523	-1.06011	-3.05067	
-1.94203	0.901723	-2.99937	-3.61182	2.36478	6.1445	-0.415324	0.238166	4.35477	0.608994	-0.0345954	-1.65598	7.4456	5.90833	-5.87512	-1.8858	0.886418	-1.24085	-2.06814	-6.02599	
0.131103	-0.19654	-1.56455	-0.952399	-0.268753	2.14722	-3.53889	1.06875	0.211281	0.636979	-0.22804	1.42071	1.48544	1.0148	-2.39384	-1.46377	-0.909263	0.574879	-2.3776	-0.233626	
2.1166	0.467285	8.33465	9.61804	-4.2685	-12.7402	-0.0861416	0.223905	-10.9996	-5.55244	-1.16067	2.12649	-12.9697	-10.6703	8.73538	0.783981	-0.541563	5.51272	3.63881	12.0818	
-0.097198	-0.15802	-0.157036	-2.5827	-1.66514	-1.42696	0.877144	-0.758884	0.13622	-0.809233	-0.125499	1.828	-1.46487	0.305832	-0.300801	3.01947	0.552203	-0.117668	-0.814304	1.00216	
-0.133253	1.14434	-1.81532	-3.82461	0.790188	1.86049	1.56169	0.422871	2.8666	0.776449	-0.146645	-1.39223	2.47732	3.09503	-3.96996	0.512973	-0.203548	-1.40734	-0.728764	-2.79506	
-1.09081	-1.11331	0.529729	1.58651	-0.170462	-1.04535	-0.978981	-1.99907	-0.181711	0.51494	-0.912197	0.213898	-1.52049	0.213828	1.91175	0.471942	2.10786	-1.18849	0.610586	0.470118	
-1.36471	-0.279177	0.712841	-3.00254	1.09637	2.12729	-0.576001	-1.81831	2.24882	1.77074	0.633146	0.292033	-0.00644961	1.84201	1.08385	-0.139766	0.744818	-1.43788	-1.37857	-0.0607399	
0.208591	-0.541747	4.02733	0.794499	0.317391	-1.21801	-0.952638	0.311944	3.85787	-1.4083	0.192356	0.120658	-4.71542	-0.013684	2.09632	0.552599	5.20313	1.47575	6.62595	4.92583	
0.464156	1.46031	1.21923	2.8718	-2.01412	-3.04063	-1.2411	0.441656	-1.81871	-1.17485	-1.99318	1.61502	-2.022	-3.60055	2.23435	-0.871813	-1.09201	0.685579	-1.24296	3.62249	
-2.02665	1.2916	-0.00311047	-3.15954	3.0194	1.94223	1.16678	-2.96514	3.67793	1.04591	2.09626	-2.11472	5.55517	3.16338	-3.06257	-0.725618	-0.647302	-2.0252	-1.43585	-3.97075	
-9.01122	-2.11965	0.232458	3.27226	-7.48499	-7.02821	5.71302	-10.8242	3.19674	-0.539324	-0.850923	-3.64338	-1.34829	-7.40605	2.40358	9.73839	3.91439	-13.3856	4.47853	4.77968	
-0.874427	-0.0245486	1.64084	2.26087	-0.357716	-4.38803	-1.46539	0.96254	-0.32998	-2.58279	1.21516	1.06324	-4.32662	-1.58564	4.13116	0.0450802	2.32605	0.894844	3.94415	4.74035	
-1.62849	-1.27414	-1.37154	1.01488	0.439262	1.21936	0.663064	-0.311735	0.0957565	1.84029	-1.49177	0.537748	1.10945	-0.889576	-1.25608	-0.537252	-2.89614	-0.00420719	-3.86465	-0.904034	
1.21026	-1.22433	4.10299	6.39838	-2.53649	-10.3441	-1.2811	-1.18113	-8.83046	-3.34544	0.0477284	2.06528	-11.0919	-8.73477	7.76384	-0.412834	-0.438531	2.42394	1.95396	9.4245	
-1.47857	0.493402	-1.15703	-0.846753	0.354709	0.0719719	-0.169935	0.12896	-0.868251	0.398815	0.0418572	-0.227232	0.525452	-1.19341	0.0598444	-1.91786	0.502651	-0.585726	0.701569	0.861376	
-0.134314	-0.799886	0.87292	-1.02756	-0.454865	0.0534186	0.353014	1.09583	0.663144	-2.65875	-1.65793	-0.883584	-0.417764	-1.23569	1.40576	-1.10737	0.310292	-0.7766	1.8899	0.717277	
-0.538161	-0.0437172	-1.21696	-1.51982	0.121137	4.17286	1.37786	-1.20769	0.491957	0.958079	0.275024	-1.71952	3.54768	2.09953	-1.40412	-0.336444	0.441426	-0.553413	-1.21059	-1.9013	
-0.61926	2.09841	3.71615	2.6931	0.278801	-5.41849	0.466904	1.24029	-4.31967	0.272613	-0.534728	2.03314	-4.99853	-3.85601	1.84516	-0.643628	1.88073	1.48949	1.08192	3.57291	
1.9733	0.789648	5.32315	7.15525	-2.57039	-8.48342	0.460419	0.274308	-10.2664	-3.97195	0.772446	4.13795	-10.5186	-7.52054	8.62384	0.153276	1.19226	1.86956	1.10318	9.59394	
-1.73103	0.418314	-4.37648	-6.60171	0.353598	6.89891	-0.170003	-0.50208	6.78595	0.782055	-0.303751	-1.9684	8.15389	8.9224	-6.12695	-1.12527	0.851653	-2.7047	-1.51506	-5.65967	
1.9964	0.533853	4.49125	6.84267	-0.932385	-6.73588	-0.906091	-1.95506	-5.78654	-1.5121	-1.29234	2.50586	-8.21475	-6.50559	6.47862	-1.11461	-0.941297	3.20816	-0.714079	6.08823	
-3.22848	0.885557	-4.84443	-4.3653	1.99301	7.2562	0.748895	1.559	6.59014	1.61292	1.43767	-1.7999	6.84657	3.61296	-6.92567	-0.793566	-0.225163	-3.59236	-1.08328	-7.25965	
3.39043	1.3068	-11.4911	-17.2482	11.9958	27.3093	-5.21121	10.7296	12.3494	10.0012	1.29064	-1.14429	21.29	21.8594	-17.2015	-10.5688	-1.73613	2.96607	-4.83968	-19.5606	
1.86038	-1.12947	5.1372	5.55421	-1.72103	-9.53278	-1.0536	0.288995	-8.88985	-4.21767	-0.191765	3.60825	-10.6113	-7.86964	7.42695	1.65524	-2.51335	2.97679	0.625999	9.51445	
-0.0408856	0.608604	2.22661	6.38794	-2.11426	-4.22416	-2.36626	-0.988616	-4.50526	-2.25375	-0.49138	-0.70788	-6.11376	-4.23914	5.94574	0.438277	0.028791	3.69578	-1.73576	6.33492	
0.211777	1.13487	-0.741397	2.23288	-0.750154	0.440439	0.555724	0.298397	-1.62947	1.19025	-0.0787771	-0.257684	-0.727349	-1.58391	0.354147	0.185344	-0.969838	-0.605024	-3.09137	0.770082	
-1.31594	1.86249	-1.0776	-0.806667	-1.40282	2.19004	-0.487854	1.54075	0.81342	1.15498	0.324675	-1.20834	1.09723	0.193433	-0.557916	0.547347	0.358379	-1.12094	-0.11664	-2.48445	
1.86551	0.110305	0.380276	2.11782	-0.324663	-1.94004	0.861048	0.187448	-0.247985	0.0716722	-0.663403	0.906418	-2.09952	-3.0704	2.08144	-1.08474	-0.842064	1.10408	-2.59616	2.45803	
-2.26758	1.51285	-5.78916	-6.52764	3.04702	10.1395	0.75526	0.921898	9.40918	5.57348	-0.825633	-3.44443	10.8509	9.15809	-7.58881	-1.7033	1.82505	-3.90698	-2.25886	-10.5452	
-0.199609	-0.560989	-2.55159	-1.30405	1.71608	3.54332	0.2051	-0.484238	3.51394	0.875274	2.00848	-1.05669	3.54202	1.97922	-4.6356	-1.63444	0.175122	-1.45554	-0.0124187	-4.89369	
2.31285	-0.4244	3.80929	4.13146	-0.670201	-7.13597	-0.941166	0.390877	-3.81815	-0.568927	0.198311	1.98191	-6.61338	-3.56583	5.20712	0.0347713	0.0749306	3.00487	2.50376	6.05447	
-0.723176	1.47153	-3.8148	-6.78103	1.66985	8.48108	0.965926	1.68418	7.76284	2.64381	-0.416993	-3.36051	8.17215	5.50027	-5.60467	-1.58746	1.4893	-2.38752	-0.682885	-7.62221	
0.036151	-1.09491	-2.30898	-0.191615	0.225658	0.475101	-0.576841	-0.745194	0.670469	0.598727	0.104486	-0.292212	0.901157	1.69019	-1.93413	-1.55462	0.597033	0.293662	0.644717	-1.25453	
1.29775	-0.177714	4.67877	5.75625	-2.5527	-8.13565	-1.66418	-0.631312	-6.53784	-4.19532	-0.387569	5.0866	-10.3201	-8.03121	8.08972	1.1333	0.0961927	2.80899	4.91825	10.4852	
0.17344	1.85062	2.30729	1.99543	-0.41666	-1.84043	1.2688	0.758409	-1.00525	-0.303375	-0.083807	0.437549	-0.024606	-0.155761	0.657802	-0.917955	0.136345	0.747335	0.971508	2.66001	
-2.46903	1.29379	-1.68819	-4.60906	-0.213536	1.98732	1.61789	-1.42049	2.35447	-0.0303245	-1.04267	0.086154	3.70237	3.62572	-3.2196	-2.84913	-1.07663	-0.760558	0.177988	-4.12969	
-0.854229	-0.138071	-3.09989	-1.50254	2.47313	4.61863	-0.590727	0.180856	2.00812	1.27137	-1.07766	0.179207	1.7724	2.71801	-1.23979	0.0557811	1.08831	-0.52615	-0.859722	-1.81769	
1.58301	-1.08864	0.737206	1.71202	-0.715047	-4.54826	-1.07544	-0.98943	-2.70057	0.0903928	0.0336195	2.34915	-1.11707	0.822414	2.37507	-0.0500662	-1.28455	-0.448768	0.881691	0.367471	
-0.729458	0.431587	-0.982025	-1.07697	1.46796	1.73433	0.0579735	-0.590653	2.51266	0.927437	-0.865188	1.07412	1.4779	0.87485	-3.13259	-0.562789	1.32704	-1.5016	-0.677408	-2.08231	
0.442666	-1.02704	3.48086	2.35909	-2.16086	-4.15731	-0.353043	-1.00907	-5.42936	-2.39379	0.198992	1.29244	-5.50352	-4.84543	6.14245	-0.493302	-1.63791	0.931005	1.06048	5.91642	
1.43755	1.22703	-1.23762	-0.158303	1.21309	-0.850807	1.00694	2.15975	0.192421	-0.843878	-0.143076	1.1018	-0.227975	-1.54798	0.376799	-1.13591	0.206558	-1.19754	-0.00542022	-0.89077	
-0.124782	-0.9235	-3.92632	-1.52468	3.87113	4.75231	1.47007	-1.64375	3.82156	1.07772	-0.107855	-1.53006	4.95737	2.79171	-3.55556	1.28454	1.29047	-1.63599	-0.785906	-2.2048	
0.202402	1.31788	1.41288	1.77787	-0.896617	-1.61307	0.985028	0.710504	-3.25926	-3.64878	-1.33675	1.4785	-2.08986	-1.78577	2.18402	0.0270559	-2.60259	2.71428	0.982245	2.50443	
1.65469	-2.32863	5.08339	7.93533	-2.85459	-9.658	-0.955725	-0.216996	-6.51518	-2.86643	-1.12451	3.04817	-7.8393	-6.64446	7.05696	0.175473	-1.31221	2.76009	3.87077	9.49653	
-12.2261	-0.371381	-1.45508	10.1398	-12.9203	-14.1989	12.0217	-17.4825	-1.97702	-2.9404	0.545863	-1.84148	-3.47057	-17.0503	5.07827	17.2688	-2.63139	-18.7242	-2.98529	4.49238	
0.496713	0.325977	3.1167	4.86696	-2.16239	-5.44331	-1.65081	0.298344	-5.07019	-0.553567	-0.27954	2.64755	-7.21973	-3.1723	4.3663	0.719575	0.186966	2.24281	3.04001	4.13909	
-2.12739	-0.57436	-7.95776	-10.7448	2.03662	14.527	0.316671	-1.97978	12.1737	5.15629	0.836304	-5.49127	15.0621	12.1005	-11.2785	-0.842603	1.84853	-4.47272	-0.773688	-12.7831	
-2.74423	0.879316	-4.17003	-3.99814	1.29563	7.35619	-0.198647	0.990288	7.1016	0.717487	-0.636075	-2.44948	9.36808	4.8114	-4.05152	-2.08005	-0.452573	-2.25017	0.856888	-4.68137	
1.77685	0.638965	1.97801	3.84139	-2.52488	-5.34906	1.19646	-0.328426	-6.93508	-1.42016	-1.24134	0.830826	-2.32225	-4.73414	1.12243	-0.445742	-3.94538	1.95936	-5.7133	3.03751	
2.69104	-0.611048	5.24846	8.00862	-1.51019	-8.40537	1.2367	-0.443943	-8.52662	-4.04218	-0.12485	3.42845	-10.39	-7.59228	8.9614	-0.261189	-1.82434	3.27782	1.9343	9.43916	
0.273743	0.324229	-2.1702	-2.78088	0.569937	1.38176	-0.91866	1.10795	3.70549	-0.978642	0.622846	-0.122233	2.48816	3.02051	-0.951182	-0.954094	-1.92885	-2.32991	-1.12102	-4.87616	
0.466219	-0.0451716	-1.70925	-1.9384	0.284615	5.39005	0.0273219	1.34955	5.63703	0.404974	2.29141	-0.8558	5.69396	4.09854	-4.43696	0.0940816	0.576739	-0.593859	-0.352525	-4.58288	
-0.889714	0.476701	-2.9659	-3.90326	3.72311	4.94773	0.376453	-1.32712	5.32262	-0.120607	0.0804779	0.292989	4.2327	4.4479	-2.57771	1.17423	-1.46415	-1.558	-0.0953728	-6.01115	
2.32964	0.273623	7.72451	9.78303	-1.34039	-14.85	-4.21118	0.431609	-10.4722	-4.94675	-0.229416	4.1289	-13.1728	-9.73777	9.84841	0.800898	-2.93487	4.8555	3.94704	12.7559	
-2.00669	1.07317	-5.80562	-7.09595	2.26092	11.4655	1.09166	1.0831	9.05428	3.95447	-1.76893	0.402408	9.45916	9.11812	-8.03218	-1.11089	1.77995	-0.887024	-2.02364	-10.4098	
0.00149505	-0.444042	3.42888	6.11838	-1.85469	-7.19739	-1.29691	1.29189	-5.66001	-2.21275	0.584625	1.59508	-5.84668	-4.31811	4.84793	1.16682	1.03729	1.33291	3.22204	5.01651	
-2.5197	0.834619	-0.0162498	0.138473	-0.648574	1.85157	1.22229	0.189946	2.54534	0.723928	0.879024	0.34931	1.72437	1.54394	-1.04394	0.354597	2.02683	-1.00478	-0.803428	-0.271851	
1.28472	-1.64397	-1.26611	-2.68491	0.974972	5.49102	-0.947955	-1.40371	5.31577	2.60242	1.37132	-1.75988	3.44742	5.21425	-3.45471	0.393207	-1.35461	-0.990815	0.262596	-5.30144	
-3.12705	-2.39405	-4.3386	-6.5592	2.09951	9.21744	-0.813736	0.248307	6.39403	3.58003	0.819504	-1.69373	8.34596	5.1544	-5.05905	-0.343215	0.00219741	-0.894702	-1.50318	-8.06575	
3.80552	1.4317	-3.3997	-5.60932	1.49892	6.41334	-1.60085	1.74077	3.82185	2.45587	0.558125	-0.151046	6.42813	6.33994	-5.14	-3.57854	-1.37785	3.5734	-2.41162	-5.92798	
9.75471	-0.113807	4.18974	1.63057	7.42978	1.20854	-9.00295	12.7459	-10.6511	2.31434	-2.82177	6.04277	-5.11559	4.77619	1.8293	-12.5882	-4.13287	17.2433	-2.75904	1.12711	
1.88584	0.961556	-0.345675	0.988092	-0.469588	0.22168	-1.84277	0.642744	-1.07075	-1.24135	-0.410166	-0.339085	-0.559681	-1.29053	0.0867251	-0.0209159	-0.176866	-1.59831	-0.168177	0.837682	
-0.560078	-1.12399	-3.221	-3.29231	1.80651	7.25673	1.93036	0.0820113	3.44133	0.734061	0.50142	-1.99278	6.10296	5.33223	-5.11106	-0.240278	-1.17266	-2.17563	-1.24327	-4.70651	
0.692102	-0.474965	2.44498	1.17912	0.75539	-1.70787	-0.556588	-1.00985	-1.57735	-1.12326	-0.51689	0.540091	-2.64574	0.721133	-0.315032	-1.50241	0.511542	1.10604	0.238859	-0.434641	
1.08229	-0.904296	3.17637	4.53541	-0.850798	-4.6582	0.856727	-0.571239	-4.19305	-2.95805	-0.360552	1.42478	-6.3629	-5.65649	4.34122	0.25427	0.994834	1.23728	1.59847	4.95029	
2.23352	-0.209314	-0.838564	-0.622886	0.0214029	3.79433	-1.00981	1.52653	1.37988	0.843726	-0.226274	-0.526028	2.01539	1.67153	-2.61953	0.365584	-1.30063	-0.108771	-1.91745	-2.34281	
-1.16553	1.42959	-2.29629	-3.95963	-0.148629	4.73879	0.12705	-0.83673	3.84146	1.09308	1.12258	-2.87579	5.50164	4.13652	-4.92764	1.24264	0.35145	-1.04981	-2.13133	-7.30545	
1.04199	0.430569	1.11852	1.3541	0.340139	-0.401036	1.32545	-0.439548	-0.3889	1.05896	-0.561625	-0.946557	-4.32352	-3.64709	3.72792	-0.955018	1.36036	0.477281	-0.278015	2.85388	
-3.40308	1.65595	-8.47333	-15.8408	4.68931	18.1441	0.455031	2.95014	18.3056	6.52503	1.50845	-4.7103	17.3085	18.0796	-14.9093	-0.842887	3.09812	-5.94461	1.68613	-14.9303	
1.54166	-0.771246	2.88747	2.00396	-1.74173	-3.0811	-1.24729	1.32504	-1.88808	-3.18324	1.22098	-0.0192547	-2.61343	-2.335	2.13884	-1.14319	1.20829	1.35775	1.15447	1.98913	
0.969443	0.611031	-0.695497	0.137143	-0.213375	0.658324	-0.393652	-1.42879	2.0412	0.146504	0.735792	0.494034	0.113062	0.643893	0.343946	0.511582	-0.153052	-0.821734	1.05989	-0.851275	
0.294555	-0.830972	1.90957	-1.88982	-0.392906	-1.37911	0.314115	1.22691	0.827681	0.0971542	0.0301412	0.528966	-0.524898	-0.359921	-0.154944	-0.540321	0.683987	-0.31583	-0.720212	1.47123	
-0.310531	-0.0133886	-1.51404	-2.63692	1.11463	4.83922	-0.977312	-3.30945	2.37974	2.16157	-0.389567	-1.65736	3.34662	3.48684	-2.84023	-0.153309	0.55531	-1.30273	-0.229738	-2.64178	
0.0698346	-0.41819	7.39906	9.39112	-3.22941	-12.6044	-2.95962	-0.288407	-11.0767	-3.89686	-2.24538	3.19873	-14.5977	-8.91349	9.74887	-0.707869	0.403316	4.4811	2.79561	11.2184	
-0.803969	0.00430466	-1.12788	-0.0549197	-1.6681	3.86461	0.0933502	1.24227	2.53907	0.743956	-0.157853	0.943395	3.50923	-0.233994	-1.53197	-1.09457	-0.965332	-1.18496	-0.677216	-1.41664	
1.33328	-2.63734	4.54874	5.33117	-0.878231	-8.53286	-0.438387	0.00176629	-7.82969	-1.68528	-1.0818	2.09904	-7.38413	-7.40992	5.58694	-0.0142115	-0.460828	1.03542	1.97856	6.67601	
3.09685	0.0384301	6.8876	6.2484	-2.09353	-7.39211	-0.817606	0.810271	-7.28095	-2.07184	-0.776416	1.83988	-8.37233	-8.3337	5.87504	2.41901	0.141309	2.72106	2.91118	7.63763	
-0.372269	-1.15694	1.89583	2.61042	-0.635178	-4.01152	0.084415	-0.256218	-5.04897	-1.30998	0.58815	0.767323	-3.59745	-3.68291	2.41387	0.0256854	-2.80553	0.632497	-1.06161	4.70721	
-0.480098	-0.786305	-0.993825	-1.06232	-0.200973	0.445796	-0.277958	-0.838441	1.48535	0.851054	-1.25657	-0.808167	1.06821	1.9718	-0.236985	-0.175393	-0.549836	-2.03167	-0.846855	-0.61482	
-6.76791	-1.38216	-0.995384	2.30413	-5.75406	-3.57895	5.10213	-9.36559	3.53336	-2.04092	1.53888	-0.758353	-0.996188	-6.95558	0.69205	7.23144	2.0795	-8.95854	3.13623	2.03686	
0.323244	-0.392063	4.8894	4.51875	-0.196057	-4.12217	-1.08267	-0.218271	-4.75696	-3.13297	0.322325	2.2935	-7.0382	-6.14882	3.90658	0.869763	0.254676	2.86197	2.6662	7.37041	
1.38719	0.524907	5.57427	6.0381	-4.3217	-8.13627	-1.02817	-0.383689	-6.46431	-3.20774	-1.7333	2.00748	-9.51263	-6.76579	7.13256	1.08653	1.19663	1.64999	1.82231	5.27324	
0.159799	0.0807851	-5.1941	-5.27645	1.07351	5.97795	0.389933	2.57655	5.42708	3.62422	0.360106	-1.7946	4.73376	5.5888	-2.37723	-2.59118	1.36596	-1.37366	-1.25825	-5.61706	
-0.32002	0.331653	-1.68792	-0.321024	0.582116	-0.61388	-0.0622591	-0.570832	2.83863	0.0320229	-0.541836	0.347143	1.99211	2.9941	-0.83485	0.552387	1.33529	-1.38424	-0.0646045	-1.64347	
1.2768	1.89758	4.94507	5.14462	0.0355012	-10.018	-0.346787	1.35646	-6.72516	-2.24041	0.420109	1.96464	-6.85403	-7.53278	4.84812	0.771738	1.1486	2.37526	2.55413	7.57759	
2.54859	-0.471722	7.0063	5.28797	-1.08846	-9.39719	-1.93958	-0.251991	-5.45703	-3.68132	0.0389697	1.56815	-9.76471	-6.82542	8.66974	-0.106684	4.09563	2.97067	6.71781	11.144	
-0.329776	1.61609	-4.65417	-2.16348	3.4284	6.34634	2.66885	-3.01131	2.97323	4.13175	0.80711	-1.57132	7.6002	3.55001	-5.67186	0.629808	-3.12098	-2.45359	-9.64475	-8.64299	
-0.125841	-0.23506	-0.265757	-1.08908	-0.755621	1.77116	0.485518	-0.410267	0.626885	0.329842	0.00227892	-0.916573	-0.440836	1.06793	0.256158	-0.0310097	0.366904	1.32469	-0.970792	-1.59981	
-1.94625	-0.910533	-0.847178	0.235625	-1.76695	1.83988	-0.272682	-0.0148585	-0.617114	0.924438	-0.795525	-1.25472	1.00861	-0.0426759	-3.17469	0.932643	-0.0694364	-0.608801	-1.18842	-1.4984	
-0.358634	-0.61186	1.3976	-0.35353	-1.31643	1.49265	0.786299	1.68202	1.65792	1.02825	-0.249175	-1.50227	0.775741	1.35591	-1.675	-1.76127	0.300973	0.828307	-1.83239	-2.24386	
-2.20524	1.76192	-4.68801	-7.02606	2.64736	9.42352	1.31651	-1.64496	6.9551	4.38672	0.715855	-1.55861	8.14186	5.60603	-6.51241	-2.17503	-0.0527149	-2.43962	-0.528104	-6.3583	
-1.15372	0.471744	-1.55061	-2.14407	0.332972	1.47934	-0.103505	0.530775	2.96059	1.65289	1.01934	-0.263417	5.08315	3.27015	-3.48992	-1.14252	-0.100772	-0.45995	0.178572	-1.61926	
1.60801	-0.0558452	2.33157	2.29587	-0.951031	-5.34504	-0.542041	-0.0645259	-3.01311	-1.67409	-0.807906	1.54526	-5.01583	-2.20455	2.5255	0.404801	2.13154	1.52511	3.01439	3.7001	
-0.170184	0.134032	0.614383	1.26467	-0.851682	1.36093	0.402169	0.32394	0.343476	-2.38803	-1.4106	2.40918	1.07243	-0.231917	0.450229	-0.286313	0.151913	1.82523	0.76042	0.72861	
2.50138	0.321832	1.96792	1.40282	-3.52996	-0.581749	5.42488	0.198418	3.8254	-10.5182	-3.83695	10.778	7.13298	4.90175	-1.33671	-8.3588	-0.276964	4.19801	-1.08371	7.77522	
2.14133	0.708791	1.88605	2.57358	-2.54405	-0.256143	8.7976	1.47073	6.49536	-12.4681	-6.34614	12.8838	6.45144	5.77877	-2.85733	-11.5462	-0.261775	7.46465	-0.259326	7.05853	
-3.8442	-2.07024	-3.19617	-2.67588	3.02399	1.00302	-8.22037	-0.199313	-6.40559	15.3411	7.74206	-17.2388	-8.33816	-7.53979	4.88114	14.1988	0.789328	-7.59862	0.848604	-10.2838	
0.299341	-0.266231	1.29993	0.444406	-0.553997	0.203736	2.78847	0.631959	0.917493	-2.89418	-1.07718	4.16338	1.91534	0.401938	-0.517653	-1.39754	-0.439747	2.05968	-1.08715	3.21989	
1.41404	-0.203052	-2.57278	-2.14784	4.36254	2.12412	-9.00493	2.61626	-4.10033	10.2517	4.11473	-9.32866	-3.31443	-1.59612	-0.201141	3.19179	-0.0569561	-1.97131	0.250874	-6.62788	
-2.6981	-1.11914	-3.50268	-2.30796	2.9665	0.676423	-8.99848	-1.81054	-5.10402	14.8184	6.5798	-15.3089	-6.16601	-6.04829	2.10577	11.4998	0.425598	-7.61735	0.104141	-8.96644	
0.202024	-1.05969	-0.162563	-0.0975421	-1.25695	-0.709954	1.84556	-0.49881	-0.710526	-2.10564	-0.299772	1.48974	-0.0264887	1.1236	0.133559	0.370472	-1.81066	1.59842	-0.246697	0.984922	
-1.09919	-0.18402	-0.851444	-0.00605657	0.738246	3.07143	1.46596	0.127972	-0.206973	3.60385	1.19243	-1.70008	-0.718112	-2.3393	1.95694	2.7417	0.355031	-0.15973	-1.07049	-2.14256	
0.892628	0.126652	1.32582	-0.244426	-1.95155	-2.07389	4.84866	-0.584809	4.21774	-6.86671	-4.08974	8.36375	3.06506	3.37271	-3.65492	-4.75038	-0.328842	3.8705	1.7361	4.14094	
-2.43329	-1.3965	-2.29154	0.623384	1.2922	1.83592	-3.9357	-2.12602	-3.10912	8.08187	5.29582	-9.96772	-5.63975	-5.78847	2.50803	8.73983	-0.268048	-7.54871	3.21575	-4.05103	
2.50186	-1.23142	-1.80462	-0.168168	-1.11065	0.683511	-0.724179	-0.372682	-2.64553	3.7337	3.58567	-4.17166	-1.16633	-1.69616	1.57219	1.11426	-0.167848	-2.12278	0.365672	-2.52927	
-1.48728	-2.90637	-0.338278	-3.22859	3.63946	0.120126	-6.39002	1.58322	-4.5367	10.3744	5.65254	-11.0297	-6.44924	-4.87584	2.13028	8.49329	-0.681449	-7.84282	0.700107	-7.12806	
0.578887	-0.167467	2.72154	1.97036	-2.10984	-0.779665	5.52191	2.1614	4.96099	-9.04539	-5.13488	8.63368	3.7881	3.34362	-2.55783	-8.30431	-0.716406	4.23568	-1.13923	7.04734	
-1.55892	-1.92067	-0.16705	-0.942557	1.93117	0.608856	-4.42733	0.623896	-4.02702	9.27906	2.38706	-4.90329	-0.823578	-4.19404	0.200153	4.79049	1.88357	-3.21346	0.338972	-4.69464	
-0.973263	-0.818952	-0.965962	-0.280573	0.57932	1.07834	-1.93221	-1.03355	-3.48864	6.12946	1.3548	-5.11899	-2.94989	-1.11055	1.76116	3.14873	-0.63785	-3.64534	1.40749	-4.15586	
2.92545	-0.153089	2.39065	1.29835	-1.76026	-1.92488	4.79442	-0.333544	3.86808	-9.24277	-5.08218	7.31811	5.80282	5.37684	-3.44221	-6.74126	-0.591121	3.39525	0.0512435	4.35977	
0.429265	1.2996	-0.629536	-1.876	1.48143	1.04366	-1.7111	-0.902183	-2.73691	4.38492	3.12316	-4.18988	0.323308	-1.20909	1.9531	1.64544	-0.548521	-2.77085	0.934488	-1.66251	
-1.66163	-2.18912	-2.6747	-0.944381	2.2057	2.61428	-8.99588	-0.58962	-5.38435	13.5833	7.43294	-11.349	-6.36317	-5.34614	0.309647	9.48269	0.599429	-6.27059	1.76506	-6.66104	
-1.67716	0.777977	-1.79559	1.70062	-1.62394	-2.51772	2.63166	-1.61352	1.47931	-3.64988	-2.13129	0.986697	-0.275669	0.359101	1.63351	-0.618933	0.770622	-0.720377	-0.895114	2.37799	
-0.607741	1.38371	1.87955	0.562478	-1.17435	-1.49045	3.66339	0.154206	2.13201	-4.2824	-3.20179	4.5168	0.794154	0.743851	-1.57775	-3.23574	0.848382	2.49235	-0.831435	2.26469	
-1.00961	0.0563501	-1.75795	-1.92929	0.0987537	-0.755742	-2.42554	-0.37755	-2.78567	6.96138	4.35703	-6.40573	-2.85794	-1.70777	0.0939826	7.44335	-0.787693	-4.32595	3.15932	-3.07025	
1.22329	2.19085	0.852316	0.845996	-2.03165	-0.62193	3.03408	0.86199	0.572143	-2.74103	-2.61043	2.07218	-0.266108	1.74995	-0.701474	-1.53916	0.923337	2.02187	0.15974	1.17778	
0.998357	0.0579359	1.61028	0.62275	1.1915	-0.197232	2.25762	1.27158	0.978395	-2.08681	-3.16431	1.29944	0.6379	0.233572	0.525333	-0.63837	-0.331901	-1.04392	-0.0613178	1.02841	
0.650136	-2.52589	-3.68521	-3.64944	1.31686	3.09898	-9.10898	-0.623886	-5.10843	12.5181	6.05456	-12.0376	-6.66261	-3.93504	1.21394	9.8498	0.205929	-4.58151	-0.0810981	-8.40235	
-2.74725	-1.34804	0.42907	-1.58078	0.871903	0.559679	-2.00957	-2.17194	-4.80475	9.60779	3.41353	-7.26727	-2.54509	-3.26875	3.30048	7.54564	0.616969	-1.07548	-0.47317	-4.44407	
-0.437796	-0.439725	-1.86175	-1.25675	4.35432	-0.479858	-6.45907	-1.23645	-4.01517	12.0335	6.36929	-11.4208	-5.89125	-5.67672	1.99121	10.3658	-1.78103	-6.58308	-0.124224	-7.812	
2.01491	2.77083	3.56853	3.48429	-3.47627	-1.16736	9.14064	-0.323632	6.05448	-16.1898	-7.95739	15.2306	8.53087	8.23308	-3.50859	-11.0815	-0.777306	8.31327	-2.10895	9.81831	
-1.74873	-0.382442	-1.66538	2.1779	0.40179	-0.475285	-2.21516	-1.06464	-1.9741	4.29566	1.49384	-2.60109	-1.13478	0.0493555	1.07285	1.31103	0.749669	-1.56043	-0.12082	-1.76634	
-0.00734486	0.982224	1.00907	1.78991	0.939596	-1.27459	1.73231	-1.11722	0.463269	-5.83112	-3.97022	5.25007	3.1051	0.176739	-2.90026	-3.5637	2.37204	1.21858	-0.377453	3.72613	
-0.544334	-0.378465	-0.896124	-0.54072	0.940867	0.731131	-5.06913	-1.34073	-2.72608	5.6401	3.59153	-6.86956	-3.28219	-3.02754	1.51448	4.5413	0.118967	-5.44721	-0.0382676	-4.61092	
0.0102812	0.655238	-2.51175	-0.769601	1.20444	0.587967	-2.00933	-1.86589	-3.45927	6.32983	2.59972	-5.44603	-2.35336	-3.8262	2.83023	5.18852	0.0207906	-4.29196	0.897558	-4.87238	
-0.392952	-1.13402	1.2444	-1.32023	-0.783553	0.138762	0.156653	0.0427191	1.01609	0.0637696	-1.4901	-1.51438	0.00512705	-1.42055	1.11224	-0.614341	-0.234507	0.453813	-0.898697	-0.367538	
0.201701	-2.26853	-1.92523	-0.702476	-0.789903	1.0831	-2.76515	-0.861911	0.0759157	2.00017	0.680117	-0.919239	-1.27707	-2.14819	1.99754	2.16123	-0.814222	-0.391872	-0.180258	-2.07432	
1.01409	0.834036	0.722942	0.308018	0.0849079	-1.07815	-0.414337	-0.829352	-0.309836	-0.154604	-1.93288	0.213745	0.994158	2.13131	0.929596	1.46483	1.65446	0.426405	1.40701	-3.74765	
2.56354	-0.361641	2.77704	3.31629	-1.80546	-0.852565	7.62306	1.38751	4.72104	-13.17	-7.66377	13.0256	6.19516	6.65961	-3.48861	-9.37265	-1.1714	6.81667	-0.191394	8.67746	
-2.80351	0.0216368	-2.42469	-2.72636	3.81509	2.21512	-7.8788	-0.981189	-4.5731	14.258	6.52954	-10.7815	-5.55833	-4.26658	1.61015	8.97475	0.956309	-6.81291	-0.676066	-6.53739	
0.455881	1.18074	1.93786	-0.306823	1.29454	-1.19534	1.26717	1.50301	-0.402757	-2.12978	-0.867964	3.17905	1.56272	0.992952	0.0802843	-0.231622	-0.724557	3.8393	-0.138777	1.18873	
1.37133	1.55675	2.38262	0.758639	-3.77962	0.485051	7.60206	2.05552	4.44972	-12.6378	-5.12691	11.7601	8.24992	3.10007	-1.76424	-8.13582	-0.482369	5.53644	0.400335	7.3147	
-0.714141	1.05295	0.305452	-0.515607	-0.647524	-0.0722086	-2.06166	0.0141371	0.718128	2.02993	2.51656	-1.71628	-2.21895	-0.366315	0.360885	2.60521	0.881978	-1.02574	0.0592798	-0.723	
0.823395	-0.901595	-0.190673	-1.71277	1.00717	1.57759	-0.0297027	0.337439	0.323076	0.788708	1.90702	-1.05255	0.741581	-3.95169	-1.49031	1.74783	0.493471	-0.710954	1.40748	-1.28923	
0.203016	-0.0336667	0.46898	0.0452199	0.278487	-0.563065	0.591326	0.0405031	-0.345604	-3.08218	0.153657	3.01838	1.23726	1.87995	-0.607927	-0.755487	-0.648154	1.93724	0.712526	2.70173	
-0.954224	-0.236857	-0.0349688	-0.912787	-0.0498694	-0.292167	-0.777078	-2.99157	-0.230966	0.0269716	-0.0905075	-1.78131	-0.800218	0.869968	0.363991	1.22903	0.768987	-3.54879	0.344713	0.166872	
0.298803	0.352191	0.931659	0.860664	-1.64228	-0.211225	6.74931	-0.149947	3.12568	-10.2631	-5.92202	10.1573	4.82849	3.67125	-1.72683	-8.32115	0.272872	4.8571	-1.31395	7.36334	
-0.81131	0.368403	0.74723	0.480772	0.461902	-0.228622	1.31482	-0.118214	2.52234	-2.26944	-1.43172	4.69618	3.8673	0.878849	0.655864	-3.91419	0.252971	2.19471	1.55708	1.02258	
-0.561615	0.962981	2.9718	2.03977	0.0544929	-1.45812	1.82083	0.555498	1.85493	-5.48653	-4.22937	3.49697	1.61391	0.893356	-2.0684	-3.4349	-0.521947	3.77679	-2.34209	3.44975	
1.15208	1.08544	2.39305	1.97447	-3.88942	-2.33519	8.14904	1.0875	4.30657	-13.0104	-5.88821	9.82841	6.22985	5.69332	-0.967893	-8.71383	-1.11109	6.9689	0.601312	6.9371	
0.813033	2.34139	1.01699	0.642508	-1.71612	-1.31068	3.83981	-0.19705	2.44487	-7.01766	-3.3243	5.66321	3.47161	2.0556	-0.355969	-4.09771	-1.90446	2.24046	-0.262939	3.63104	
-2.05743	-0.207813	-1.06043	-2.79959	1.97936	1.65078	-3.91069	1.76387	-3.13543	6.60789	4.27928	-6.99952	-3.81773	-1.5621	0.732162	5.00874	0.769566	-1.87276	-0.0548442	-1.87678	
0.352215	2.54501	1.58495	0.755908	-0.93633	-0.210748	3.22989	-0.0923537	2.29478	-3.2398	-3.14029	4.85933	2.48243	4.44796	-2.43219	-4.28657	-1.17259	4.11154	0.835997	4.03553	
7.21295	2.33631	1.06258	-4.1206	4.52743	7.06411	-0.792947	8.64474	0.548378	-6.61189	-4.70308	8.1333	6.33266	11.9461	-3.80474	-16.198	-3.12973	12.6567	-3.65799	1.71658	
-0.0897216	-0.319047	-1.60875	0.29908	-0.496024	-1.17838	1.48361	1.38858	0.501774	-3.94543	-1.19007	4.39062	0.913791	2.22544	-0.0402236	-4.07662	-0.163087	1.54739	0.108806	3.79552	
-1.04855	-2.29782	-0.975266	-1.72126	2.16493	1.1085	-1.00185	0.345351	-2.24844	4.34254	0.526161	-5.59865	-2.53327	-1.91719	1.11084	2.61393	-0.0844721	-1.49526	1.74404	-2.09513	
1.05367	-1.21566	-2.74418	0.0195619	0.119225	-0.139936	-1.47994	1.73776	-1.63072	3.38288	1.30283	-1.72095	-2.23893	1.17735	-2.44725	2.0211	-1.49145	-0.580986	-0.0828713	-3.67906	
0.62022	-1.3612	-1.71424	-0.601212	0.407612	2.37825	-1.62124	0.189	-1.27887	4.77869	2.81687	-5.93593	-2.0362	-1.28782	-0.573449	2.32149	-0.919571	-3.05608	-0.866713	-2.60412	
1.80255	1.30971	3.878	1.50946	-1.41092	1.101	5.69818	0.0830908	3.79099	-8.5933	-5.56763	9.00387	4.48882	3.75856	0.34738	-5.83643	-3.02755	4.81166	-0.193689	6.37271	
-1.19654	-2.54056	-4.71859	-5.11255	7.9645	3.06405	-15.9702	-0.859475	-11.2616	25.1851	12.239	-24.057	-12.4612	-8.5584	4.2956	18.5057	0.750976	-12.3343	2.51837	-14.6226	
1.74622	0.991141	-0.0265262	2.74138	-0.321092	-1.58718	2.13762	-0.991446	3.0328	-5.019	-1.95822	4.93737	2.35689	2.92199	-1.74391	-4.94812	-0.508677	3.01149	-0.261954	3.1885	
1.39947	-0.132534	-0.697239	-1.16904	0.359496	0.945501	-4.37904	-2.77302	-3.78814	5.92708	6.51054	-5.32975	-4.09847	-1.86369	2.25532	5.41039	-0.510947	-4.07523	-1.21639	-6.29928	
1.51982	-0.138033	-1.06193	0.636532	-3.30313	-1.53868	5.38474	-0.0626399	4.52746	-8.90162	-5.36407	10.4538	4.7007	3.54115	-1.92834	-6.926	-0.549349	5.5953	-1.69016	6.11931	
2.35421	1.51298	1.80859	3.35817	-1.24874	0.406206	3.91618	0.536684	1.04648	-7.85884	-4.85727	6.85321	3.88405	3.45938	-1.15249	-5.93589	0.285661	3.92253	-2.32637	5.33341	
-1.5604	1.62759	1.61383	0.768958	-1.86929	0.0807063	-0.276264	0.103436	1.49112	-2.73801	-1.19923	1.97386	-0.435227	-0.277394	1.07981	0.31065	-1.36545	0.518285	1.14439	2.16924	
1.27722	0.429547	0.242551	1.30826	-1.4244	1.57195	0.167194	1.16401	0.371819	-0.599381	0.219154	1.33263	1.37068	0.606414	0.928045	-1.04862	1.45207	1.26154	-0.670737	0.957308	
-0.26225	-0.00233997	-4.89837	-2.27345	2.93459	1.36992	-7.32654	1.17693	-4.95449	13.3832	5.52032	-13.5038	-5.92253	-6.35986	2.98101	9.2793	0.517636	-6.78717	2.4918	-6.86102	
1.32413	-1.10002	1.12912	-0.277335	-2.07829	-0.479684	2.2239	2.27053	-0.467587	-3.34799	-0.518304	0.776258	-0.508448	1.07308	-0.900158	-0.247006	0.044405	1.54817	-0.69058	1.45596	
-0.422329	-0.283656	-2.27028	-0.561617	3.5485	1.26891	-6.35877	-0.357201	-3.3801	11.6427	5.10828	-7.79741	-5.49842	-3.29949	1.77081	8.15549	-0.117971	-5.78813	0.539573	-6.92816	
0.00533005	-2.93985	-1.3371	-0.974319	1.26287	-0.0721303	-3.98951	0.944674	-2.28666	8.50187	3.14294	-8.44969	-3.41003	-2.1983	0.137236	4.84904	-0.128053	-3.64479	2.15067	-5.74803	
-1.33623	-0.585752	-0.791286	-2.31585	0.718622	0.270625	-2.07991	-1.10644	-1.47586	3.13198	0.685613	-1.75696	-1.22231	2.22491	-0.336661	1.58369	1.28444	-1.17718	-0.0511521	-2.51113	
-2.54427	-3.33743	-1.93357	-3.7502	5.34861	3.005	-9.56354	-0.0193197	-5.23145	14.7373	7.27389	-14.6014	-7.36957	-4.14755	2.37681	11.5231	1.51364	-7.79367	3.66485	-7.90919	
1.80441	-0.510287	1.77918	1.49604	-1.94134	2.73971	6.71821	-2.60029	2.97944	-9.86552	-5.61582	8.65444	4.58379	3.23205	-0.626422	-7.70225	-1.49056	5.07471	-2.61563	7.18977	
-1.15676	-0.981984	0.0556186	0.162361	-0.70009	0.106288	-0.2404	1.31922	1.7048	0.295647	0.788286	0.661334	-1.37781	0.65944	0.200227	-0.709152	0.379181	-1.22043	1.74633	1.64722	
0.80075	2.38512	-0.269609	-1.47058	0.8917	-1.35717	-1.66923	-0.278613	-1.71201	2.17167	0.0733323	-3.98349	-1.89659	-0.626269	0.842294	2.38617	1.12887	0.0216097	-0.550657	-0.563591	
0.672898	0.0937416	0.466684	0.755227	-0.00578147	-0.0242644	-0.187693	0.512416	1.49623	-0.145198	-0.871167	0.382177	0.877402	0.775768	-1.88459	0.350375	0.881407	0.710572	-0.984599	1.91773	
-1.28218	-1.87147	-1.55205	-1.2908	3.28423	0.776264	-7.21706	-0.241455	-3.53889	10.3249	7.2696	-11.1899	-5.87492	-4.54402	1.28082	9.10579	0.676473	-4.97681	2.42597	-7.08213	
-0.84111	-1.34345	-2.27639	-1.76375	2.65267	0.0103779	-8.35033	-2.68296	-7.49964	12.0195	6.94599	-11.5665	-5.58693	-5.01694	1.69713	9.95678	-2.22099	-8.63918	1.90486	-8.46346	
-0.275349	1.60697	1.61108	-1.40883	-0.184098	1.77028	2.88011	-2.6537	2.38569	-3.78486	-1.79528	2.82616	1.29653	1.72191	-2.18251	-1.15692	1.04096	1.69011	-2.2789	2.55924	
0.581148	-0.612256	0.316291	-2.71301	-0.948864	-3.86415	-1.66674	-0.384136	-1.37472	4.04056	1.03103	-2.68393	0.301903	0.434978	0.482369	2.06832	-0.134082	-0.650906	-2.33614	0.0890479	
-1.73683	-1.72782	-1.38048	-1.43911	2.4725	-0.131421	-6.49923	-1.37618	-4.29565	10.5433	5.04413	-11.2983	-5.03405	-2.95328	-0.194483	8.94579	-1.41843	-5.1974	1.16543	-5.74708	
1.78846	0.0802579	-0.540629	-0.949842	-0.389182	0.517883	0.0668984	-0.307574	0.350913	-2.00223	0.555804	1.15866	1.09413	-0.986425	-1.04703	-2.02488	-1.71574	1.01792	-0.700558	0.574981	
0.93583	0.318863	0.221095	1.72759	-1.09417	-0.453591	0.682217	1.28605	0.803353	-3.65427	-0.545995	2.24288	-0.248249	0.25121	0.219982	-0.626025	0.171977	1.92814	-0.00179465	0.247767	
1.11956	0.418815	0.244349	0.171256	-1.76097	-0.7639	-1.19627	0.00497935	-0.289866	-1.26196	0.277204	0.00316234	-1.30512	0.846243	0.104545	-1.90786	-1.06581	0.231285	-0.343213	0.900429	
-3.75674	-1.67701	-3.86429	-2.78326	3.75782	2.29941	-10.9193	-0.957509	-5.76359	16.1867	8.58563	-16.7801	-9.93233	-5.99491	2.87332	12.5787	-0.958095	-9.60873	1.28844	-10.5841	
0.147619	0.10074	-1.99285	-2.83544	1.35647	0.799732	-4.15496	-0.0426081	-4.06845	7.56501	3.98068	-7.32937	-3.68453	-4.29165	1.51786	5.26701	1.54917	-4.0208	0.710323	-4.53215	
7.31053	1.30687	-0.946519	-2.41718	6.92107	7.04824	-4.04689	8.68188	-2.44013	2.36882	-0.527781	2.22152	1.05692	8.14437	-3.27753	-9.55325	-2.3778	10.0349	-3.09369	-5.44007	
-1.33185	-0.0639066	-0.860001	-1.60786	1.108	1.07435	-5.95236	-1.44481	-3.14712	7.32671	4.83576	-8.67059	-5.04097	-2.44646	2.1426	5.61503	2.05871	-3.77237	-0.0231191	-5.6891	
-0.949997	-2.89946	-1.96085	-2.25212	2.77347	2.80728	-10.0935	-0.0106197	-6.64336	16.2433	8.69713	-15.0699	-8.85266	-6.03081	2.62765	12.6018	1.44086	-7.48574	1.80764	-9.54544	
2.8708	0.163729	-0.632366	-2.77521	3.52184	4.79866	-6.98422	5.18275	-4.31991	7.65917	2.55528	-7.23637	-2.34667	1.35972	0.571062	2.17266	-0.576201	0.347703	-1.21031	-5.12947	
-0.506914	1.26018	-0.16346	0.270848	1.16484	0.0479578	-1.4111	0.199837	-1.87186	3.48462	3.76286	-4.28139	-1.18174	-2.67835	0.144993	4.14551	-0.927701	-2.02562	1.68017	-3.73953	
0.898969	1.33234	1.64746	-0.739422	1.024	-0.308447	1.70048	-1.01762	1.29659	-3.28888	-0.533035	1.96287	1.49064	-0.885536	0.529397	-1.95813	0.557686	1.00073	0.440964	-1.08201	
-0.00681792	-2.12236	-0.979314	-2.11469	0.140979	-0.707618	-2.17597	1.18173	-0.869254	5.78755	1.43947	-5.37227	-2.97212	-3.30963	1.177	4.0834	0.861154	-2.29793	0.272218	-2.78256	
-0.462909	0.420427	0.242329	0.308191	0.919544	0.386375	2.87377	1.07698	3.15523	-3.86196	-3.23228	5.89013	0.13516	2.51637	-0.463342	-3.57856	-1.19981	2.29631	0.507226	1.96245	
0.478497	0.296733	-3.05115	-2.05277	0.0137791	1.44682	-2.97725	0.0500603	-2.93501	7.31247	2.16889	-6.60555	-4.61013	-1.7547	0.1474	5.54719	0.71173	-2.81439	0.556873	-3.51089	
-0.577936	-0.567181	-0.596229	-0.780777	1.72905	-1.05647	-2.41727	-0.661157	-0.913218	6.54759	3.59209	-6.38611	-2.40105	-5.42904	0.181687	3.94189	-0.864796	-4.37717	-0.0102342	-4.4952	
-4.53901	-0.798168	-4.27709	-3.34428	2.43803	1.4638	-9.94527	0.309335	-5.07942	14.5438	8.10956	-13.2494	-7.62937	-6.7246	2.31114	9.192	-0.227849	-7.80548	1.17171	-7.71103	
2.48402	2.38203	1.48428	3.47004	-2.40108	-2.45928	7.79233	-0.559999	5.18289	-14.2064	-5.68649	13.5443	6.99598	5.33928	-1.54543	-9.44115	-1.07901	6.79549	-1.23291	7.40779	
1.05226	0.3674	1.80715	-0.607322	-1.59653	0.035651	1.82508	-0.835062	2.67512	-4.02853	-3.38477	1.769	2.11672	1.9159	-1.14342	-3.61878	-0.667898	1.2709	-2.15604	1.68763	
2.01413	0.0125413	1.78835	1.9126	-1.92163	0.276383	3.54998	0.0241458	4.10273	-4.65108	-1.3859	4.43753	2.25406	2.33038	-0.1113	-3.16354	2.03316	2.62821	1.23484	2.53318	
1.50251	1.96948	1.64334	0.762485	-2.02441	-0.8462	3.77245	0.86365	2.81715	-7.36145	-4.18533	7.05411	3.4702	2.72092	-0.2995	-3.98169	-0.793229	2.6066	-0.579165	4.41443	
1.72006	0.584419	1.67012	3.96459	-3.3964	-2.12074	6.3411	-0.232693	3.79735	-12.1453	-5.12002	9.18353	5.87174	4.30751	-1.06038	-9.09804	-0.569243	5.96505	0.404638	7.20297	
1.62642	-0.334239	3.19105	1.10768	-3.2236	-0.264794	2.58265	0.131946	2.12181	-7.46211	-2.79017	6.97997	2.62953	1.54279	-1.4564	-6.88295	1.25408	2.56769	-1.07628	3.40512	
