-0.105839	-0.682142	0.749952	1.28008	-2.04742	-0.0456203	-0.587564	0.43157	-1.01585	1.53843	0.205651	0.362948	0.82343	-0.50229	-0.0342745	0.542957	-0.676247	-1.3445	2.06831	-0.956728	
0.673684	2.37285	0.902004	-0.781661	0.971254	0.749241	0.692812	-0.0350932	-0.14285	-1.98959	0.875534	0.519017	-0.734666	-0.536464	-0.276572	0.449586	1.3818	-1.70107	1.14147	-0.75471	
-1.53169	1.10273	-0.383718	-0.449141	1.65641	1.93229	1.30462	0.0801196	0.942105	0.92257	-0.282404	1.21129	0.587594	0.40706	-0.404059	0.220546	0.657559	-1.5026	-1.58559	-0.808102	
-2.67029	-0.522132	1.51651	-0.972695	-0.16942	1.6116	0.44498	1.54648	0.918665	-1.36038	-0.857644	0.179332	1.23683	0.552991	1.67306	-0.978153	0.28132	-0.346254	-0.353291	1.01416	
1.31876	0.445087	0.533259	2.00262	1.20533	-0.597865	-0.644403	0.847066	-1.13311	0.258868	-1.03009	-1.70017	-0.784349	-1.13424	0.201392	-0.211703	1.05406	0.821277	-0.465401	1.73982	
-0.240686	1.60141	2.48496	-0.300031	-0.617848	-0.446052	-0.477159	-0.358096	0.516299	-0.976884	2.66486	-0.661424	-0.237199	1.70324	0.95614	-0.826286	1.02501	0.62072	2.4466	0.523794	
1.36929	-0.371223	-0.268469	-0.816224	-0.333312	0.213735	0.649691	-0.327878	0.0985946	-0.142549	-0.15783	-0.553331	0.186346	1.8982	0.0871644	0.967797	-0.410069	-0.114567	-0.552318	-0.345905	
0.275361	-0.181652	-0.341917	0.0315562	-2.48622	-0.117106	0.0661202	-0.216152	-2.85199	1.13315	2.06661	-0.00749476	0.485702	-1.81552	0.25133	-0.854444	0.849659	0.0354901	0.103424	-1.32741	
-0.448149	2.00075	-1.76259	-1.55504	-1.48694	-2.58294	-0.10309	0.624262	0.971053	0.955663	0.159056	0.383094	-0.72523	1.39555	-0.173011	0.19384	0.345281	1.48756	1.59009	-0.520288	
1.16991	0.412464	-1.09552	0.737877	-0.72238	0.0906659	-2.00741	1.18869	2.19269	0.143379	-0.550589	-0.351418	1.90605	-1.14141	-0.622238	0.287966	-1.43035	1.03461	-0.104536	-0.859639	
4.60492	-1.49449	1.39253	3.28672	-10.8055	-3.19629	2.72866	-0.265161	-3.85728	-1.39418	1.92565	-3.37656	0.713558	-4.20925	4.34603	2.19451	-1.99059	5.35159	-6.58299	5.28668	
-8.54208	-1.78891	-4.20281	1.5074	8.7052	1.69885	-2.0096	-1.29108	1.34471	-0.198003	-4.54689	0.307156	-1.17624	2.66989	-4.09566	-2.48385	0.495781	-3.79214	3.13586	-1.42859	
0.58732	-0.565695	-0.342631	0.667432	-1.05254	-0.591877	-1.07268	0.301932	-0.152833	-1.63337	-0.921295	-1.55448	0.106657	-0.751624	-0.35646	-0.615951	-0.894797	-1.16495	-0.716671	0.835291	
0.933686	0.000201987	0.894522	-0.387442	-0.63897	0.420199	1.0825	-0.783188	-0.310112	0.660103	-0.0663821	1.9548	0.852887	-0.106165	0.113683	-0.0915318	1.7324	2.28874	-0.907299	0.25151	
-0.213697	0.0857681	-1.49145	0.382858	0.0907857	1.31723	-0.492158	-0.977884	-1.20648	-0.455862	0.175213	0.0142191	0.213104	0.23692	1.3308	0.0921504	0.535874	0.434771	-0.241613	-0.357459	
1.63803	0.178725	1.96459	1.17003	-0.896072	-0.482638	-0.600704	-1.08458	0.46126	0.653514	-1.38224	-0.565955	-0.982409	0.287358	-0.968758	-1.28295	-0.837169	-0.369265	-0.307483	-0.629441	
1.87928	0.668735	-1.03793	0.0482199	0.914548	-0.876805	0.953736	0.723148	0.694824	1.50022	-0.214197	-0.0262893	-1.20188	0.0288244	-1.70471	1.57436	-0.905961	-1.33086	-0.508613	-0.0036451	
0.061789	1.3617	1.78793	-0.697053	0.713571	-0.349496	-0.722952	1.34005	1.34518	-0.506497	-1.19708	-0.202866	-0.463725	0.779997	1.37359	0.787571	-0.357327	0.42642	-1.02412	-1.37581	
-1.69523	-0.766671	1.51293	0.0693301	0.428882	0.277885	-0.103053	-1.09015	0.0111048	0.655612	-0.789568	1.54996	-1.64293	0.115543	1.22467	1.71149	-0.654147	0.499443	0.75928	0.477226	
-0.30466	0.46436	-0.596828	-0.456228	-0.997315	1.56884	1.61953	-0.00534219	1.64565	0.511357	-1.97312	-0.4803	0.39361	0.00672934	-1.33181	0.528518	-0.503617	-2.64111	-1.7522	-0.847775	
-2.09249	0.865741	-1.26444	-0.579348	4.40228	1.45019	-0.425117	1.11948	1.10997	-1.1198	-1.37129	2.23075	-0.94381	3.63088	-3.15664	-2.21281	0.236275	-4.13913	4.32615	-3.14678	
-0.123686	-0.213325	0.220912	-0.106135	0.225383	1.49962	-0.875267	0.349154	0.201444	0.231128	1.61372	0.197543	0.156832	1.50456	0.493518	-0.576311	0.455848	0.825729	0.0246778	-0.903639	
-0.696341	-0.169121	1.01999	-1.54605	1.00512	-0.598491	-1.77858	1.57891	0.211973	-0.766428	1.80254	-1.67189	1.09979	-1.14415	-0.0869127	-0.331545	-0.156423	1.32236	1.60787	0.889351	
-0.804507	1.63817	-0.654281	0.962937	0.445421	0.485245	-0.726592	1.48554	2.08813	-0.779255	-0.468092	-0.864907	0.77161	1.86572	-0.56138	-1.33794	0.177464	1.77401	-0.175583	0.877199	
-1.28734	0.687455	-0.297078	-0.22786	-0.679967	-0.366193	-0.573988	-0.203284	2.287	-1.50409	-0.926299	-0.0811848	0.0641673	-0.435073	0.226467	-0.271285	-0.79796	0.0560387	-1.26341	-0.834961	
-0.101395	-1.07113	-0.49298	-0.617972	-1.89457	-0.937613	0.143386	-0.935609	-0.466287	2.25724	1.11437	-0.595241	-0.463831	-1.65464	-0.352848	-0.339811	-0.0889727	-0.669337	0.301741	-0.127881	
0.663168	-0.312566	-2.26433	-1.15463	-0.675786	1.54972	1.02476	-1.69316	-0.708758	0.908394	-0.509254	-0.233709	-1.46418	-1.21607	-1.42017	-0.925645	-1.43428	0.0586004	0.875376	-1.30734	
-1.3953	0.376586	0.0765113	1.51445	1.67256	-0.0876082	0.391268	-1.33157	-1.23673	-0.677887	0.631024	-0.347157	-0.488661	0.225191	-0.405665	0.917068	-2.29671	-0.851757	-0.308955	-1.1451	
-0.0743647	0.499907	-0.529933	-1.45895	0.449987	-1.84637	1.20101	1.42709	-1.63661	-0.63766	3.74927	0.48562	-0.598406	0.726928	0.11195	2.18702	0.839178	1.32652	-1.11294	0.363759	
-2.42598	-1.25084	-1.03917	0.736766	-0.20316	-0.845992	1.23953	-2.22294	0.99379	-0.428241	0.804942	0.185077	0.0743198	-1.5069	-1.30081	2.47883	-0.676318	0.564813	0.593176	-0.840936	
1.04777	-1.003	0.972255	-1.93006	0.468726	0.71313	0.438835	0.37774	0.45891	-0.916634	-0.392591	-1.85157	-0.251068	1.37349	-1.18733	-1.34995	-0.17124	2.20839	1.88073	-0.201512	
0.332572	-0.143023	-0.482873	1.08885	-0.546757	-1.00587	0.0473498	-0.573312	-1.29128	0.536879	-0.566781	0.0784284	0.841001	-1.19959	0.904491	0.450332	-0.0195424	-2.04268	0.37195	0.437165	
0.102593	-0.557054	-0.406359	0.742474	-1.5986	-1.43978	-1.69281	2.46051	2.00122	0.182724	1.35046	0.947229	-0.221574	-0.0866795	1.03771	1.54876	0.88201	-0.00885135	-0.926221	1.07816	
0.973756	-0.804453	-0.269549	-0.105271	-0.0778179	-0.130462	-1.2256	0.298896	-1.6218	0.00296262	0.139245	0.976034	-2.05214	0.348468	1.11577	-0.737813	-1.4043	0.241625	1.33622	-2.35525	
0.0744291	-0.483145	-0.274334	-0.310092	0.347496	-0.590249	1.41965	-0.458143	-0.641718	-0.726169	0.563924	-0.667298	-0.661127	-0.606828	-0.45968	-0.317216	0.939912	0.117459	0.429773	-0.533101	
0.706999	0.384543	1.39045	-0.925141	-1.48859	0.550421	-0.822844	-1.36017	0.0189055	0.2155	-0.88461	0.144667	-1.58099	-0.320538	-0.362905	0.603374	-0.229562	0.585144	-0.510689	-0.192621	
1.35973	-0.698068	0.970274	0.313336	0.235763	0.742209	2.23798	-1.1177	0.536155	-0.706211	0.549731	-1.98342	0.568137	1.48465	0.0787357	-0.200617	-0.370934	1.60619	0.0663619	0.455916	
0.983378	1.15027	-2.35775	0.320374	-1.21392	0.470571	0.467935	-1.14648	-0.325074	-0.833164	2.1975	-0.763407	0.910563	-0.173818	0.382284	-0.305373	0.132514	2.2554	-1.45297	0.193575	
-0.295585	-1.16501	-0.161873	-0.275617	-1.03244	-1.36228	0.0281332	0.891234	-1.13833	-0.351209	0.997347	-1.52279	-0.218057	-0.141158	1.88962	2.61557	0.140698	-1.79766	-1.80055	-0.526755	
-1.08035	-0.730118	0.167241	0.918859	-0.36119	1.17572	-2.07578	-1.0328	0.698982	0.562128	-1.00958	-0.385828	-1.36802	1.40663	0.00892032	-0.169785	-0.0452002	-0.672731	0.823779	-1.49763	
16.2651	7.11074	5.35482	-10.4066	-6.96021	0.482922	-0.0122234	4.8522	-0.0373254	0.738221	5.99219	2.46873	-1.16866	-3.57812	-1.07598	1.67412	0.888142	-1.50574	-0.533337	-3.73681	
0.0702807	0.644561	2.34135	-0.0730796	-0.64947	1.15048	-0.595634	-0.815511	2.34394	1.10856	0.507555	-0.614345	-0.877825	0.152448	-2.10847	-1.22434	0.475217	-0.815326	-1.20211	0.226534	
0.5675	-1.48609	0.937485	-0.995099	-0.241501	1.52817	-0.588748	0.814856	0.700056	-0.211984	-0.787439	1.30951	-2.5116	0.530352	-1.17412	-1.08928	1.77173	1.96135	-0.569346	0.359651	
-0.317162	0.0299014	-0.28742	0.379355	-1.04312	0.0607754	-0.905165	-1.11282	2.42974	-1.00289	2.01784	-2.12315	0.83364	1.0033	-1.71426	-1.19096	-0.6576	0.411187	0.231336	-0.731184	
1.30616	1.16914	-0.883573	-0.00751049	0.198848	0.922979	0.515021	-0.939805	0.669704	-1.07883	-1.555	-0.763251	-0.300978	0.843452	-1.52577	0.179545	-0.229951	0.690547	0.470211	0.178641	
0.693275	0.0649198	0.747556	0.739872	0.434111	1.61736	1.4289	-0.712919	0.523813	0.639092	-0.06803	2.76309	0.996715	-1.0507	-0.252065	-0.953103	1.39349	0.438883	1.00607	-1.07321	
-4.73651	-2.99372	-3.05068	3.68743	3.34296	-1.24907	-1.60128	-0.495638	-1.4148	0.394616	-3.91925	-0.956148	0.514087	0.240248	1.05621	-1.12298	1.55821	0.279742	1.69261	2.55581	
1.52741	-0.482536	-0.0375192	2.49412	0.688645	-2.21176	0.480676	0.288607	0.372568	0.456411	-0.195456	0.922862	0.936253	-0.911593	-1.95328	0.553372	-0.615693	-0.26137	-0.57848	-0.222115	
0.521781	-0.751216	-0.365385	-0.0657191	-1.19377	0.51415	-1.15699	1.24037	-1.37556	1.69892	0.803808	-0.446909	1.48126	0.74122	1.64483	-0.434193	2.35084	-0.72154	-2.23419	0.270961	
-0.52352	0.73504	-0.6076	1.18115	-0.849953	0.152747	1.11754	0.990322	-0.446431	-0.663056	-0.210781	1.13461	-1.47567	0.366475	0.96364	-0.285401	0.676422	0.0291034	1.67617	-1.76214	
-1.62419	0.685215	1.16151	-0.838746	-0.572236	0.61218	0.691769	-0.420024	-0.422923	-0.304112	-1.46662	0.811985	-0.456346	-0.0845058	1.61375	-0.473843	0.629544	1.53991	-0.187251	0.700192	
0.200782	0.385355	-0.474877	-0.230959	0.0277182	-1.57981	0.39978	1.46253	0.264546	-1.18605	-0.0045257	0.854807	-1.60075	1.44196	-0.704119	-0.77092	1.13215	-0.394042	-0.523817	-0.65354	
-0.256708	-0.395135	1.39335	-0.211178	-2.31955	0.306551	0.458809	2.88096	-0.859674	1.24132	0.0941908	-0.296707	0.818868	-1.81203	-2.82318	0.37388	0.24492	-0.509668	-2.65391	2.22947	
2.0611	-0.295059	-0.241084	1.14449	0.731434	-0.123625	2.02299	-0.0981845	-0.0221971	-2.0255	0.248953	0.361607	-1.30078	0.493868	1.17095	-0.936795	0.200859	-0.0287127	1.68859	-0.633315	
1.50975	0.37037	-0.0402406	0.940052	-1.71416	0.0755485	-1.10245	-0.554305	-1.35723	0.507624	-0.893384	-0.892111	0.161501	0.343833	-2.63977	0.0894209	1.48992	0.293829	-1.10891	-0.281667	
1.10316	0.648465	-1.78938	0.536872	1.20165	0.329325	1.55451	-0.171691	0.263283	0.245941	0.244064	-0.387995	-0.246558	0.388078	1.34229	-0.466548	0.28512	-0.769594	0.635993	0.435306	
0.478376	-0.521089	-0.409474	-0.193126	-0.1882	0.0409318	0.589106	2.14674	-0.256624	0.605341	0.352812	1.67084	-0.00404237	1.2592	0.156693	1.42526	-0.679531	-1.32198	0.774148	0.77244	
0.537593	0.680418	1.91142	-0.598004	0.766044	0.393827	1.3232	-0.669313	-1.31761	0.257682	-0.415307	0.431684	-0.349432	1.31165	0.0934834	-1.65391	-1.84147	0.28657	-0.555143	0.808287	
-0.548885	0.636937	-0.215775	-0.0773331	-1.45894	0.622443	0.916785	-0.652009	0.582116	-0.394472	-1.88039	-0.945241	1.08664	-0.81716	1.36158	-0.856794	-0.504168	1.20309	1.26828	-0.422185	
-7.39137	-3.40239	-5.92436	7.15982	4.40149	-1.73552	0.759618	-1.18669	-0.981886	0.394505	-4.70782	-1.67513	0.168342	2.60444	-0.28621	0.0170769	1.07468	0.79463	1.27772	1.6435	
0.567279	-0.20423	1.21062	0.803564	0.747558	1.56219	-0.660708	0.306666	-1.62152	-0.761554	0.771478	-0.330193	0.101673	0.528307	-0.655357	-0.84306	-2.84663	1.03408	-0.111473	-0.325545	
0.064991	-1.00992	0.513657	-1.17577	1.33445	0.883997	-0.828696	-0.84297	-0.810768	0.0761204	-0.0262125	1.48343	-2.33956	-1.01845	-0.660326	-1.18811	2.01468	-0.738879	0.535439	-1.2562	
-0.187637	-1.04507	-1.06818	0.533818	0.754914	-0.0194635	-1.20821	-0.406128	0.0446952	-0.649062	-1.40169	2.47958	-1.35491	1.09854	1.09081	1.16651	-0.0610041	0.0135378	-0.558433	0.030191	
11.4855	1.85235	5.73254	-0.948831	-14.3589	-1.6995	3.882	1.67784	-1.99936	-0.664684	5.56274	-0.780275	0.782748	-7.04537	8.23504	8.12571	-0.608503	3.84806	-5.93653	4.83029	
1.50314	0.484519	-1.34401	-1.25795	-0.591077	-1.64588	-0.201116	-0.156927	0.472552	0.290085	-1.78032	-0.959213	0.124467	1.53926	-0.563959	1.61146	0.180334	-1.55677	1.54076	1.0762	
-0.243098	0.581152	1.11734	0.0151905	0.98303	-0.487464	1.91778	0.96286	0.0797707	-1.55989	-0.132835	1.7971	-0.388233	0.321059	-0.0412696	-2.95347	-0.0807502	0.638035	-1.36713	-0.351131	
0.446517	-0.442307	-1.09024	0.240178	-1.05006	-0.638964	0.470661	-0.669131	-0.17545	0.0408992	-0.501129	-1.2163	-0.62883	-0.754736	1.26319	-1.10787	0.757378	0.0239866	-0.52103	1.00155	
0.225667	0.994514	0.825338	-0.596549	0.162438	1.75128	1.3166	0.813311	0.475914	-1.16689	0.419359	-0.74386	-0.568515	0.81574	0.658439	1.12118	-0.20035	0.468911	-1.27685	-0.842047	
0.324638	0.0726471	0.707073	-0.405994	-0.769924	0.0459841	1.40313	-0.748608	0.348884	1.27793	-1.89157	2.07051	-0.980908	-1.061	-0.707091	0.775751	-0.964744	-0.373493	-1.26425	0.0462062	
0.390077	1.09405	1.02314	-0.0901406	-0.60715	-2.05143	0.894444	-2.47594	-0.214017	-0.400765	-0.305496	0.542979	-0.533997	-0.311337	-0.655218	-0.158297	-1.16258	0.708421	-0.857556	-0.889793	
-0.639379	1.09527	-0.284508	1.33705	1.13272	1.00009	-1.09851	-0.0829438	-0.31002	0.838788	0.271783	1.24682	-0.554008	0.44035	-1.46331	0.511648	1.68566	0.403685	-0.263805	1.06353	
-1.6926	-0.135527	-0.108618	-0.174044	1.91049	-2.746	-1.67973	1.08705	-0.932891	-1.99223	0.367893	0.393264	-0.156011	0.983694	-0.0221163	-1.1695	-1.80728	1.64837	-0.957093	-0.999663	
0.995624	-1.23604	-1.36459	1.56102	0.921346	-1.47137	-2.07734	0.157949	0.475984	0.0737618	0.781466	-0.166397	1.22387	0.147078	0.266164	1.25987	1.58854	-0.532087	0.395608	-0.870152	
-0.0474185	0.164758	-0.238144	0.883163	-0.841916	1.77916	1.10349	-0.118268	-0.0375101	0.624016	0.637618	-0.63948	0.385408	-1.23914	0.924128	-0.993903	-0.8479	0.675229	-1.19607	0.540869	
0.153078	0.877243	0.360157	0.355977	-0.477524	1.16854	1.34926	0.0186567	1.5309	0.315387	-0.166544	1.47122	0.759921	-0.984675	-1.70248	2.84586	-0.0626967	-2.12704	0.756592	1.91383	
-2.70995	0.00969698	-0.0442331	-0.54219	1.21796	-0.640035	-0.0534577	-1.22293	-0.572594	-1.2835	1.37998	-0.212836	0.0674817	0.515545	-0.480562	-0.470718	1.01509	0.0728179	-0.98421	0.596136	
-0.0504416	-2.04334	-0.212135	0.0592064	0.509708	-0.633015	-0.2669	0.105668	0.611013	0.00938472	1.59939	0.359778	-0.874481	0.364979	0.204311	1.15326	-0.302682	0.782565	-0.732721	0.351541	
-0.589033	1.50162	-1.14861	0.44761	-0.00204522	1.27108	-0.499936	0.0264568	-0.489655	0.7916	0.561876	0.603262	0.608269	1.89599	-1.081	-1.29091	0.175506	-0.210056	1.5399	0.672038	
-0.00115723	-0.701412	1.97511	0.12678	0.888169	0.217069	0.863725	-1.07247	1.36435	0.503852	0.10953	0.40893	-0.686873	0.807567	1.00516	-0.942747	-0.0859756	1.37973	-0.765797	-0.902171	
-1.07357	-1.13927	-0.263497	-0.0407275	-0.00218508	-0.0408635	-0.554681	-0.602749	1.83072	0.750939	-1.05078	0.931662	-0.130913	-0.146944	0.481166	-0.372478	-0.130701	0.248618	-1.1248	0.554629	
-0.175465	-0.980544	0.0363992	-1.57596	-0.761976	0.156496	-0.280179	0.503875	-1.6507	0.110886	0.593561	1.71575	1.50369	0.939389	0.421543	0.5939	-0.772693	-1.61007	-0.805714	0.248924	
-2.33844	0.00943471	-1.65254	0.332309	-1.83915	-0.719574	0.0544181	-0.483301	-1.42274	2.22773	0.0119694	0.701457	1.44434	0.482373	-0.504939	-0.345374	-0.0937831	0.336954	-0.3508	0.168066	
-0.0224993	-1.09079	1.14437	-0.35367	1.07163	0.29344	-0.141264	-0.0942912	0.297271	1.27367	-0.0149931	-0.0642471	-1.1491	0.00834832	-1.02496	1.05554	1.13241	1.34729	0.680791	-1.63639	
-1.02315	0.413346	0.0673418	1.10142	-0.982782	-1.57601	-0.0897465	0.897736	0.0357412	1.70043	-0.671738	-0.353715	-0.722819	0.140035	1.79415	-0.746598	-1.14978	-1.32843	-1.4833	2.21329	
-0.109083	1.26794	-2.14435	-1.36213	-0.6774	-0.282631	-0.715019	-1.17571	-0.859046	0.498163	0.798531	0.429047	0.594813	-0.136713	0.140308	-0.696845	-2.03846	1.68694	0.737602	0.562972	
1.27011	-0.296185	-1.29422	1.67347	-1.07245	-0.440028	0.795547	0.372277	1.12517	-0.851311	-0.988298	1.29061	-1.86039	1.20494	0.091992	0.081092	-1.45889	0.404428	-0.361224	0.927714	
-0.271227	-1.05224	-0.487969	-1.49611	0.226761	0.281117	1.73014	-0.10559	-0.973371	-0.164514	-1.75972	-1.79924	0.0859916	0.867883	-1.34059	0.164003	-1.64083	-2.26636	0.458988	-0.237216	
0.215901	-1.13519	0.606188	0.41201	-0.892675	-0.445029	-0.0654129	-1.43314	-0.0569568	-1.01989	0.333892	1.1698	0.568129	0.607692	0.218778	-0.00346519	-1.04215	2.65654	0.916173	-0.938378	
-1.38122	-0.125516	0.957669	0.834499	-0.372931	0.547463	1.24122	-0.753607	-1.5998	-1.99871	-0.0417415	-1.11777	0.872713	-1.0606	0.542867	-1.02093	0.659257	-0.266561	0.202825	1.45515	
0.400353	0.675036	-1.19233	-0.996576	-1.94321	0.955741	-1.17582	0.701389	1.67338	-0.982567	2.0608	0.135298	0.502482	-0.666863	-1.606	-1.42286	0.884703	-1.62124	-0.35003	0.216945	
-0.90397	-0.481407	0.241215	1.37883	0.878036	-0.198584	0.373025	-1.32725	-0.879676	0.570355	-1.4856	-0.0841912	1.79767	0.701983	0.704422	1.81888	-0.130131	-1.43424	0.403237	1.35951	
0.225403	0.0675353	2.07626	-0.439881	-1.16134	2.33027	-0.131611	0.943714	1.71278	0.0558848	-0.58172	0.395857	0.128961	0.400722	1.49552	-0.849014	1.11619	1.832	1.89152	0.531551	
0.0474483	0.0704051	0.661352	0.38527	0.0495113	1.56746	-0.512841	1.44369	-0.257444	0.680778	-0.770998	-0.904065	0.516411	1.62661	-0.817674	-0.226688	0.654578	0.391294	0.171727	-0.727692	
0.116462	0.727887	0.830957	1.88466	2.92922	-1.11931	-0.0134034	-0.0724972	-1.1501	-1.9155	-0.73128	1.12362	1.09538	-0.233824	-1.38451	0.455853	1.08696	-0.289008	-1.70541	0.00196889	
1.20304	-1.32479	0.787986	-0.00287323	-1.2553	-1.96088	-1.0289	1.46891	-0.300061	0.60918	0.186787	0.495318	-0.856081	-0.279807	-0.687389	0.825494	-1.74768	-0.687014	0.362621	-0.830188	
-0.169929	-1.05938	1.79961	2.00905	2.4998	0.487669	1.76141	0.122127	1.41273	0.618912	0.987741	-1.70914	0.0336285	-0.703664	-0.794091	1.76766	1.02114	1.38363	0.60651	-1.81553	
-0.591359	-0.0648357	0.0971286	0.61789	-0.950965	-0.797768	0.0640885	0.233153	-0.738822	0.100229	2.34294	1.92068	1.50775	-0.669556	-0.137655	1.21933	0.200822	0.0592673	0.363997	1.10957	
-0.361261	1.36684	0.979102	-1.88729	0.708387	0.472943	0.928755	-0.238332	-0.917905	-1.05257	2.19197	-1.38634	0.505298	-1.25904	1.22786	-0.938653	-0.791601	0.865129	-0.794998	-0.368369	
-0.182528	1.96144	0.545119	-1.85937	-1.38496	0.0555684	-0.391864	-0.123591	0.822919	-1.71573	-2.48516	-0.174799	0.37517	0.924683	-2.41169	0.363201	0.118135	-1.38245	-0.360755	-0.500856	
-0.324209	-0.488648	0.295406	-1.38913	0.810954	1.36557	-1.39423	-0.302826	-1.84683	-1.13691	0.670516	-1.72521	-1.0508	0.319492	-0.314677	-0.186893	-0.169996	-0.359051	1.20166	-1.60113	
0.837884	1.09587	-1.04148	-1.40965	1.73681	-1.26899	-0.821911	2.17787	-1.34321	0.0679312	-1.04141	0.88472	0.921678	0.943642	-4.40111	-0.774876	-0.914495	-0.557114	0.924742	-4.61012	
-1.25527	-0.912741	1.80842	0.496124	-0.96715	0.682777	-0.271438	0.276845	-2.73675	-0.142267	0.639558	1.61682	-0.80481	0.69985	0.545326	-0.351327	-2.20414	0.164188	-1.92303	-1.99837	
2.1174	0.383482	-6.03161	5.70175	3.30166	-2.0676	-1.9472	1.12802	3.03172	6.98938	4.82848	2.04431	-5.66979	4.21723	1.58993	-2.95232	-1.75564	2.69666	3.162	-2.05414	
0.666341	-0.107298	-0.162099	-1.48796	1.87675	0.177978	2.01174	0.205187	0.570374	-1.14285	-0.674452	-1.77718	0.379349	-0.624428	0.845491	-1.82327	-0.282148	-0.0123375	0.806549	1.06087	
0.254895	0.326422	0.639665	0.417539	-0.0670422	0.569459	-0.460231	-1.17894	-0.718774	0.300838	0.846379	2.31084	0.939935	-0.517673	-0.801766	0.740423	0.468644	-0.847881	0.429299	1.04716	
-0.684159	-1.03152	-0.643504	-0.39039	0.370253	-0.514881	-1.1617	-0.838716	-1.70021	-0.891963	1.27131	-0.743425	-0.20494	0.138582	0.834074	-0.172354	-0.048496	-0.0215754	-0.400991	0.481642	
-1.52897	3.69417	-7.44364	-3.55692	0.927345	-9.6974	0.0993397	1.41595	-3.80863	-0.691865	6.65332	9.10207	2.75369	0.499617	4.25436	-2.92606	1.32035	0.822637	10.3433	-9.02581	
0.0733879	-2.75415	-0.415338	3.07698	-1.42553	1.11094	1.23239	-0.365198	-1.61087	1.56603	3.97337	4.413	1.35828	-0.490913	6.207	-5.65256	0.932797	2.16876	5.07157	2.28654	
-0.149948	-4.67962	3.85667	6.2114	-0.838025	5.14218	0.358719	-1.27933	-0.240323	-4.28609	-1.47944	-3.45441	0.905528	1.45806	2.15456	-2.28346	-2.07993	0.599909	-2.84782	5.39593	
-4.27211	0.374964	-2.10506	-1.5134	9.01329	2.31487	-0.3393	-0.493073	2.50318	0.573538	-2.29511	2.40415	1.07858	5.10014	-6.23944	-3.34804	2.51837	-4.51428	6.20246	-3.92485	
-0.97087	0.106253	-0.200117	-0.0109905	0.74399	-0.0283854	-1.28635	-0.253555	0.929222	0.347191	-0.181377	-0.298383	-0.173432	1.01258	-1.92712	-1.45993	0.546781	-1.51756	0.686965	0.981027	
4.18062	2.90308	1.29585	-3.86737	-1.85076	-0.272874	0.182089	2.43358	2.26556	-0.385263	-4.44358	-7.87549	-2.43633	-4.26164	-4.95322	9.82487	-2.0656	0.711749	-9.38966	1.33759	
-1.43727	-4.46525	-0.689061	3.78293	-2.1584	-0.88815	0.73367	-1.66282	-2.99122	-0.915975	4.69648	6.34859	3.43276	-0.0601246	7.64352	-5.51523	0.175503	2.34901	6.1101	0.697302	
-0.769649	1.46428	-0.0938144	-0.784745	0.621452	-0.193805	0.497008	0.436077	-0.168431	-2.55955	-0.436507	-0.893595	-1.66154	-0.40494	0.628978	-1.61485	1.55714	0.76952	-0.84173	-0.488836	
-3.16892	-0.659923	2.27246	-2.52623	-0.169444	1.04014	-0.972539	-2.41152	-1.61219	0.010595	-2.33762	-1.33214	1.83143	0.319897	0.0656763	0.130564	1.53267	-1.14685	1.41796	0.132997	
-0.657998	0.474343	-1.11845	-0.101383	-1.08648	1.03446	0.342226	-0.825053	-0.114875	-0.0203898	1.28703	-0.13173	0.473443	-1.13457	-1.28019	1.86166	-0.741309	-1.00497	-0.146936	-0.0171994	
1.42249	-1.12596	0.421383	0.372053	-6.39274	-1.96042	1.15961	-0.864225	-0.363267	-1.83727	0.499992	-2.44142	-0.0409851	-4.23859	2.31417	1.27608	1.33097	1.43788	-2.97786	1.9104	
-0.748765	-5.70518	7.88932	6.60178	-1.33752	6.77013	-0.704977	-3.48814	2.88053	-2.57709	-1.21248	-4.12017	1.38283	0.745002	5.72933	-4.27736	-3.46185	3.951	-5.55115	9.64834	
3.87249	9.63677	2.02942	-8.31628	2.55875	-2.19805	-2.61603	4.57597	4.32024	1.2627	-12.3443	-16.7781	-4.70697	-1.65385	-19.7569	17.1366	0.777174	-7.52606	-11.1027	-1.09726	
-0.405523	3.08253	1.20469	-1.47895	0.252752	0.215706	-0.256131	-0.0776289	0.592436	1.25671	-1.54655	-1.44938	-0.744149	-0.131858	-2.38465	2.52818	-1.00756	0.202026	-1.7334	-0.012566	
1.28196	-1.58429	-0.714761	2.08065	0.173211	0.990027	1.19057	-1.2706	1.84126	-0.985805	0.954383	-0.755271	2.14592	-0.665593	-1.5091	-0.290226	0.775363	-1.70291	-1.09474	-0.459082	
-0.124099	-0.581996	5.30918	-4.08796	-2.55527	2.08074	1.80656	-2.1657	-3.78396	-5.38958	-4.77606	0.0697435	3.94426	-2.07697	-0.265382	-0.630016	1.46771	-0.951394	-3.02208	1.25183	
-0.308064	1.44169	1.35116	1.79103	-1.25272	-1.12583	0.223933	0.0698893	-1.48802	0.547158	0.519606	-0.0530079	-0.201558	0.656064	0.35884	-2.1655	-0.50917	0.86921	0.389253	1.26901	
-2.86567	-0.602562	-1.06646	-2.31675	5.13558	0.700474	-0.89557	0.431541	-0.534958	0.709212	-0.706573	0.440462	-0.605934	3.84478	-5.89383	-2.69418	0.967854	-2.93428	3.12854	-3.06335	
-0.417107	-0.314022	-0.237985	-0.0121203	-0.65117	-0.269132	0.736553	0.261241	-1.04076	-0.429109	1.55249	-0.809247	1.27542	0.272946	0.491522	1.5728	0.243343	-0.302493	-0.742588	0.352486	
-0.381802	-1.24455	-1.81905	-0.294697	0.125939	-0.0129133	-0.0205097	-1.03234	-0.686087	0.798621	-1.15915	-1.70972	0.609442	-0.177645	0.0225785	-1.12439	-1.77068	-1.06932	-1.66816	-0.129224	
1.44197	0.654963	-1.53588	-1.74505	-0.106441	1.09788	1.31818	1.04769	0.299615	-0.682958	-0.349073	0.762528	0.596934	0.912123	-0.222691	-0.587859	-0.862302	1.37452	-0.84822	0.0990931	
0.186482	-1.82943	-0.867284	0.0463193	0.592818	-0.84343	1.43391	-0.475929	-1.20912	1.37715	0.293171	1.583	-1.28241	-1.12438	0.664318	-1.09452	0.89819	-0.691306	0.273542	0.330542	
2.26992	-6.60225	5.85976	5.63927	-1.50333	5.68152	1.09471	-2.61107	0.10493	-4.61751	-2.09585	-0.970242	-1.29538	0.79139	5.14443	-5.4575	-2.83092	3.98604	-4.22126	7.63569	
-2.54908	0.950791	-1.56784	-2.59911	5.45318	1.89792	-0.736956	-0.279313	1.47767	1.79195	-0.508471	2.41471	0.774203	3.92215	-4.92411	-1.46205	-0.390993	-2.37993	4.2315	-3.57104	
-1.27727	10.8106	-10.6243	-11.5527	4.65582	-9.30643	-3.03838	6.14695	-0.547379	5.79242	1.91726	3.10106	-2.42893	1.18109	-9.54917	5.12968	4.38978	-7.64573	6.10572	-14.2942	
-0.0165069	-2.16924	1.50098	1.59308	-0.22927	0.868608	0.762201	-2.04848	0.853321	-0.0286634	-0.170742	0.777633	0.187275	0.0226159	2.23589	-0.53627	-1.31576	-0.545608	-0.941424	2.57049	
-0.483072	-1.29698	-0.337892	-0.400532	-0.149934	0.449813	-0.969151	-0.190679	-0.0602589	0.606741	-0.217639	-0.88326	1.34358	-0.527325	-0.932682	0.316804	1.62621	1.32472	1.05228	1.0614	
-0.849673	21.2789	-19.9245	-23.4898	6.71315	-25.8508	-0.742458	12.4988	0.101903	13.6822	6.33821	7.47535	-0.81608	-2.64915	-17.8178	12.0459	5.64267	-9.95971	15.0727	-26.1565	
2.46029	-1.17666	-0.653166	-0.752014	-0.111927	-0.348513	-1.02323	0.769028	-1.05766	-1.34704	-0.162491	0.2377	-0.442029	0.68031	0.408024	-0.174232	-0.766787	-0.316992	-1.38354	-1.90084	
2.95652	-1.04866	1.29914	1.5672	-2.14663	-0.645075	3.03374	-0.10715	-1.75894	-0.379919	-0.262682	-1.47788	2.07351	-2.94736	3.65101	3.58929	-0.869333	3.09549	-2.06777	3.49193	
1.35133	1.10223	0.902389	-0.824296	-0.709269	1.45432	1.15077	1.81878	0.566749	-0.111676	-0.23851	-0.340003	-1.095	-1.03247	-0.528459	-1.62044	-0.641293	0.0688739	0.646383	0.212857	
0.0120519	1.21454	-0.259958	1.5693	-1.52999	-0.401542	-1.2977	-0.688271	-0.358397	1.06688	0.391884	-0.554605	-1.12672	0.130977	-1.27194	0.331792	1.31982	-0.865956	-0.0369961	1.6448	
-0.164891	0.01888	-1.37163	-1.21731	-0.352872	0.404634	-0.26458	-0.419926	-1.81522	-0.830419	-0.194586	0.472253	0.250949	1.19318	-0.197234	1.14257	-0.695596	-0.33935	-0.0382358	-0.536878	
0.941452	2.98027	-1.40243	-2.47871	1.41428	-2.16682	-2.29022	1.41614	-0.13682	1.24557	-0.803587	0.268619	0.699678	0.124415	-3.34411	0.841938	0.134091	-2.94636	2.51758	-4.28316	
0.370005	-0.130023	2.35512	-0.138947	0.501813	-1.65586	-0.17074	-0.0120798	-0.3217	-0.887989	-0.922686	-0.339073	0.135338	0.763913	-0.979744	-1.32862	1.14658	2.21977	1.89726	0.719449	
2.78367	1.41622	-5.22688	4.47467	4.15131	-2.86622	0.486697	-0.305	2.70219	6.35644	2.45985	2.612	-3.52278	4.02115	1.44997	-1.65526	-1.30879	2.30438	5.23102	0.583896	
-2.73359	-4.92331	-2.40486	5.78644	-2.96376	1.46654	3.80323	-2.00629	-3.48646	-3.01045	7.48489	10.019	3.60393	-0.219232	13.5688	-9.6588	0.0213941	4.74367	6.53504	0.912322	
0.341066	0.264176	0.876346	-0.796942	-0.758447	0.0214169	1.98607	1.11428	0.448092	-0.112148	-0.408124	-0.617078	-1.31231	-0.623967	-1.60982	-0.309986	0.394469	0.543087	0.962082	0.72074	
-3.83699	0.0449009	8.34301	-7.98211	-5.42666	4.27451	1.89595	-2.37242	-3.44564	-10.0298	-5.33348	-2.79604	4.98263	-3.68797	-0.45759	-0.176578	1.46724	-4.32499	-6.03863	0.0768461	
2.55825	0.641159	-0.597036	1.05015	-5.10778	-3.81926	0.721687	0.20239	-2.42339	-1.37566	-0.776106	-3.30819	0.344413	-3.5542	0.164154	4.6338	0.115281	1.88641	-3.83665	3.89976	
-0.924647	-0.0337283	-0.73229	-0.713689	0.792816	-0.843989	1.62926	-1.72117	-0.195919	0.520796	-0.45105	-0.65481	-1.16714	-0.220314	-0.312384	0.398304	-1.46463	0.0245476	0.694899	2.8028	
0.299234	-0.856568	-1.25634	-1.34247	-1.07889	-0.758757	0.660512	-2.04815	-0.580128	0.362118	2.933	0.7609	1.23401	-1.08369	2.26176	-0.755606	1.26846	1.15016	1.47446	0.489709	
1.01321	0.700168	-0.427433	-1.798	-1.45232	0.317142	-0.290192	0.124789	-1.26984	0.458453	0.484292	-1.52587	-2.63364	0.529491	-0.776308	-0.133703	-0.159352	0.663036	2.28442	-1.73942	
1.41848	-7.77843	7.65321	8.70694	-1.76134	11.1907	2.53569	-4.87397	0.412742	-7.73822	-3.31296	-1.96405	1.21165	3.05598	9.84021	-5.21163	-2.74387	3.89003	-6.20815	11.6521	
2.94448	4.19699	2.5754	-5.43063	-0.288377	-0.929987	-2.33546	2.67857	1.97711	0.921049	-6.9807	-8.46077	-1.57405	0.0392984	-11.6535	8.34692	1.40659	-5.16497	-3.47906	-1.37942	
1.13669	-1.00683	0.980546	1.26971	-1.50139	-0.842082	-0.155249	0.52543	1.80014	-0.135387	-0.732463	-0.00636653	-1.66158	-0.635516	-0.0289575	1.64285	0.0151487	-0.756331	-0.733848	0.189762	
-1.3767	1.1751	-0.674394	0.420303	-0.690071	-1.53157	0.415282	-0.0844426	-0.271465	1.01205	-0.075516	-0.00398964	-0.978034	-0.0508985	-0.888054	2.02473	-0.0618799	1.90285	-0.285951	-1.09014	
-0.352654	1.03068	-1.23262	-0.210608	1.87906	-0.990771	-1.11202	-0.443597	-0.306366	1.03551	-0.0909282	-1.00546	0.527341	1.42687	-1.32435	-0.616798	0.800412	0.757904	2.16409	-0.930999	
0.544999	-0.221913	1.16217	-0.903506	-0.987641	1.49052	-0.334015	0.0330749	-0.308145	0.247737	-0.270898	0.510324	-0.491797	0.73947	-0.356883	0.928408	0.74697	0.440329	-0.377901	-0.729411	
-3.67001	2.5759	-0.933867	-0.849019	5.28551	2.71586	-2.0891	0.283221	0.847412	1.45374	-1.19783	0.741972	-0.504339	2.0571	-4.21108	-3.05284	1.06585	-2.67314	0.434843	-2.47567	
2.04473	0.0307727	0.813127	-1.11355	-0.26411	1.44547	0.600615	-0.973633	-0.161959	0.016755	0.118327	1.56422	-0.407162	0.091181	2.03016	0.181926	-0.184355	-0.227081	-2.83371	0.62492	
-4.50595	0.908572	-1.73808	-0.198307	6.81854	0.485344	-2.4232	0.354705	1.95925	0.459438	-1.89022	0.845151	-1.31595	2.88393	-3.85909	-3.87689	1.85284	-2.40756	4.27601	-3.57009	
-0.915766	0.322048	1.60073	0.311158	-0.610851	0.560195	0.595549	0.0683884	-0.239186	-1.91965	0.63499	1.32697	0.558206	0.327733	1.01864	0.319446	0.0551876	-1.8862	-0.36133	-0.22076	
0.996527	1.05619	-0.328903	1.29288	0.0302329	-0.928748	-0.996478	-1.40534	-1.01944	0.0127672	-0.606347	1.49388	-0.870132	-0.344121	0.0682174	-1.3078	1.6034	0.034055	-0.360418	-0.754384	
-0.358195	1.07904	0.613282	0.202427	1.17305	0.317611	-1.41348	0.615276	-0.996554	0.0481554	0.388477	0.619613	0.566702	-2.35752	0.768792	-0.792288	1.50979	0.255078	-0.0297372	0.407991	
-0.545259	0.308472	0.502756	0.172482	0.436087	0.852728	-1.55206	0.0508732	-0.0866666	1.79348	-1.3983	-0.025576	2.18408	-0.329692	-1.67285	0.728721	-0.0291827	-0.959227	0.939447	0.255925	
1.33306	-0.522795	-1.86855	0.325612	-0.640904	0.590834	0.635315	-0.522666	-1.68477	0.470384	-0.99326	0.177102	-0.757703	0.823489	2.10833	0.126576	-0.909191	-0.755768	-0.194998	1.04626	
-0.586991	0.362035	0.147368	0.289279	-0.147947	-0.590247	1.08991	0.71588	-0.115114	-0.474956	-0.379661	-1.40445	0.0556679	0.832835	0.294341	0.574086	-1.34592	-1.27532	-0.164467	-0.917127	
0.641157	-1.21994	-0.766952	-1.74321	0.180517	1.3626	-1.82843	0.168661	0.0813584	-0.183934	-1.06425	1.65804	0.160665	-1.78501	-0.100849	-0.128815	0.273683	-0.190441	0.439881	-0.641428	
-1.91968	-0.590315	0.47499	-0.211155	0.258555	1.00929	0.617852	-1.00729	1.17548	0.258359	-0.352592	2.12838	-0.959107	-0.750723	1.94096	0.07669	-0.918473	0.370918	1.70345	-0.288096	
-0.302918	0.429455	0.217854	-0.450269	-0.00420977	-0.502301	-0.114148	0.0606499	1.22966	-0.186867	0.501126	0.500982	-2.1163	-1.68704	-0.683459	-0.279193	-0.468268	-0.279091	-0.0940058	-0.429442	
-0.157903	-0.423253	-0.888935	0.273446	-1.68898	1.67719	0.154453	0.908354	0.115002	-0.704791	0.646997	-1.19001	1.61242	1.69632	-0.122051	0.36463	-0.46271	-0.808936	-1.30357	-0.325198	
-0.539313	-0.929437	0.514544	0.662843	-0.438382	-0.593455	-0.871174	1.18414	0.452526	-1.26176	0.426546	-0.517093	0.356657	0.870054	-0.789328	-0.179025	0.490561	1.6337	-0.345054	0.905001	
-0.0856104	-0.753526	0.0227597	0.990341	-0.903599	0.424798	0.884254	1.29996	2.02172	0.851563	-0.654674	-1.95555	0.244354	-1.38593	-0.416575	1.23109	-0.0363547	0.342523	0.397817	-0.265275	
-0.842462	1.1836	0.241555	0.090566	-2.48267	0.0641116	-0.253989	0.405379	-2.61556	0.840224	-1.2432	-0.324634	0.695833	1.07422	-1.07064	-0.292548	-1.34201	-0.612503	1.30687	-0.0404165	
-0.81191	-1.38609	-1.81988	0.455934	0.531959	-1.19207	1.05678	-0.476345	-0.127999	-0.655969	0.565373	-0.217371	-1.03565	-1.49379	-0.330555	-1.58917	0.0538049	-2.14776	0.493342	0.905	
0.250764	1.13731	-1.50397	0.172753	-1.07413	-1.25391	0.622812	0.668356	-0.0752729	-0.0238698	0.15433	-1.8292	1.02743	-0.0445638	0.20357	-0.19336	-1.26271	-0.747534	-0.341109	-0.179543	
-1.32712	0.554887	-1.43732	-0.154779	-1.13794	2.07443	2.19693	0.123683	-0.680897	-1.87258	1.45338	0.235356	-0.00767652	1.4322	0.836301	0.87826	-0.928806	-0.429821	0.141022	-1.53965	
-2.23073	0.727182	1.08574	-0.198174	0.529451	-1.1946	1.3942	-0.801036	1.64381	-1.05654	0.409351	0.106271	1.6145	0.343871	0.539144	-0.80916	-1.67396	0.792986	0.0716427	1.44555	
3.12435	0.312501	0.145354	0.690396	-5.10671	-1.74382	-1.098	-0.286131	-0.180167	-0.646036	1.24444	-2.60663	-1.74511	-2.84836	2.84921	2.57397	0.0509016	4.08125	-1.6712	2.62423	
0.189187	-10.1754	9.02818	11.0966	-3.65364	11.5446	0.0373513	-7.47955	2.62739	-6.13334	-2.66805	-2.02898	0.962041	0.591664	9.00402	-5.88519	-2.30522	6.19864	-8.39513	13.3754	
-0.741998	0.0200885	-0.325317	-0.714452	-2.03091	1.00417	1.91605	-0.606678	0.361142	0.671378	-0.692578	-1.00149	1.14203	-1.64824	0.330746	0.928648	0.840045	0.490486	-0.128391	0.875123	
2.03988	-0.0663617	-0.194374	-0.92056	1.67932	-1.75898	1.05799	-0.610615	1.0545	2.09558	-0.318049	-2.05909	0.344893	0.666777	-0.533906	-0.762974	1.31568	1.8911	1.55666	-0.431616	
-0.0497241	0.234363	0.83604	1.72922	-0.761192	-0.256469	-0.696291	-0.17503	-1.84769	0.976787	1.63312	-0.205094	-0.666873	-1.0748	1.16384	0.267958	0.285366	-0.766907	0.0398705	1.57752	
-1.64286	0.45673	-0.84299	0.965448	0.81263	-0.748809	0.875597	-2.17962	0.301792	-1.08148	1.66929	-0.672019	0.16882	-1.64436	-1.10676	0.671978	0.815789	1.52752	0.470834	2.31343	
-0.9933	-1.78793	1.76977	-1.11475	0.709696	-0.0186055	0.281596	-2.59209	2.09929	-0.807713	0.0138124	-1.42449	1.60371	-0.756767	0.521144	-0.000138814	-0.188251	-0.729106	1.10223	-0.0936938	
0.595248	0.476372	0.142201	0.925864	-1.36834	-0.499454	-0.129083	0.324228	-0.554583	-0.159181	-0.112414	-0.314928	0.770195	0.77503	-0.740694	-0.979008	0.795597	0.0313565	0.231698	1.30438	
0.938736	0.824814	0.946656	0.326988	2.04132	0.754213	-0.319501	-0.93256	0.81355	-1.55075	-0.655784	1.10512	-0.900983	0.311588	1.22579	0.0596504	-0.904433	-0.422703	0.499915	-2.50676	
0.527266	-0.693455	1.13036	0.540752	-0.531924	1.14063	-1.3107	-0.275652	1.43535	1.07538	0.152352	-1.06685	-0.451174	0.170201	0.265791	0.898581	-0.4369	1.66523	-0.16721	0.821942	
1.19302	-0.460709	0.665039	0.139852	2.10629	-0.0533201	0.224633	1.43883	0.456016	0.317157	-0.827528	0.928996	0.918042	1.55935	-0.924967	0.741072	1.39462	-1.58393	1.40486	-2.28042	
0.0473104	1.33546	-0.672253	0.306251	-1.47813	-0.415778	0.488407	0.224149	0.752604	-1.87272	-1.93255	-0.280777	0.40896	-1.77464	0.519262	0.510469	-1.26765	1.4451	0.209533	0.347602	
-1.08272	-0.351931	0.894941	0.0640643	-0.00830024	1.39942	-0.843837	-0.938128	0.500311	-1.36292	-1.43551	-0.934166	1.88809	0.238464	-0.955819	0.550508	-0.0690408	1.92543	0.179719	2.27732	
1.17655	-0.656125	-2.02274	-1.41194	-0.718012	0.264808	2.04969	-1.22297	1.1606	1.435	-0.543963	0.00622309	-0.873555	-0.596787	-0.983446	0.546514	1.50884	-0.930088	0.172041	0.73195	
-1.77246	3.03983	-4.72042	-2.97145	1.67232	-4.38235	0.472648	1.89547	-0.23466	1.45018	6.26978	4.28675	1.79782	-1.11837	1.3939	-1.06182	0.175774	0.947875	7.20747	-6.21996	
1.09493	1.56221	-1.04122	-0.476743	-1.58475	2.00045	-0.65835	0.696737	-0.158725	0.127783	0.759716	-0.25457	0.141498	-1.52164	0.894883	-0.186167	0.0904666	-0.288746	-0.33096	-1.34082	
-1.71396	0.928365	-1.25324	0.159468	0.685622	-0.122599	-0.809028	-1.64	-0.224121	1.90171	1.79233	-0.186537	0.0360567	-0.608397	-1.32913	1.42114	0.0261275	-0.371074	-0.163616	-1.13488	
1.53162	-0.598042	1.12712	0.426746	0.438445	0.33146	-0.683417	1.34984	0.532196	-1.35222	-0.900167	-2.26531	-0.39715	0.469876	0.351815	1.22721	1.11112	-0.0471378	-0.534606	1.65682	
3.29468	0.814493	-9.31144	8.57562	5.44479	-2.0962	-3.45595	2.39729	3.68305	9.40491	7.11183	3.44914	-7.11945	4.41344	-0.243218	-1.37655	-4.1855	3.06088	4.12321	-1.00939	
-0.152814	0.407712	2.22366	0.614717	0.496356	0.534344	2.28862	-1.44805	-0.309943	1.12498	1.13851	0.262659	0.610929	0.965752	0.118525	-0.885008	0.72756	-0.0200136	0.889175	0.969416	
0.668059	-0.533171	-0.783891	-1.8794	0.124772	0.357878	-1.33109	-0.602454	0.285581	-1.21718	0.269182	1.59881	1.63469	-1.45318	1.10793	0.822438	0.386145	-0.608513	-0.426271	0.845454	
-0.801741	-1.73668	0.457685	2.41091	-0.624259	-1.46827	2.19148	0.662433	-0.943071	-1.13331	0.106237	-0.298223	-0.122009	-0.334931	1.01486	-0.469705	1.17967	0.986972	0.36293	0.508712	
0.348969	-0.469791	-0.172102	0.19651	-1.42386	-1.71136	1.175	0.386632	-0.471169	0.301707	-0.25817	0.475286	0.489062	-1.60476	-1.33515	0.751038	0.701433	-1.15315	-0.604718	0.786887	
0.371504	1.33417	1.87189	-0.841123	-1.08234	0.193517	0.585084	0.917381	-0.120402	0.999137	-0.863735	-0.389141	0.403916	1.19186	0.642364	-0.462124	0.296089	1.78644	1.58502	-1.79678	
-0.800124	1.16047	0.126463	0.998256	-1.04892	-0.662618	1.01052	-0.258684	-2.75192	-0.119929	-1.05151	-1.26389	0.599075	0.464484	0.53695	-0.562451	1.73295	0.837642	-2.65521	-0.668137	
2.47612	-0.339931	-1.26879	-0.0196372	0.850246	-0.371378	-0.186014	-1.36606	1.24494	3.40453	-0.109201	-0.631014	-1.54953	-0.380544	0.736247	-1.52727	-0.831307	-2.82464	-0.622496	0.161483	
-2.06274	-0.616334	0.0799886	1.2086	-2.40167	-0.222442	-0.0246923	-0.971179	-0.31775	0.956053	-0.34082	-0.138623	1.21862	0.894612	-1.00356	0.0412329	0.200307	0.430502	1.09143	-0.381183	
0.128501	-0.700039	-0.983054	0.838911	-0.196311	0.656602	0.00375334	1.04534	0.277376	1.02152	-0.0356147	0.915689	-0.112465	-0.44058	-1.42006	-1.25323	-0.69968	-1.13727	0.0575067	-0.0548287	
-0.000144072	0.0431736	-0.296473	-0.704835	-0.0206713	0.352501	0.730079	-0.548692	-0.5365	1.60057	-0.190781	0.87048	1.69881	-0.553521	-0.223363	-0.0446109	0.741844	-0.645635	-0.745863	0.906386	
2.6456	-3.16122	-0.402032	0.28881	-0.375036	0.085299	0.161839	-2.17835	4.04058	5.57984	-1.63142	-0.238987	-5.18267	-2.29794	-2.0663	-0.680161	-1.38509	-2.53369	0.416437	0.689074	
-0.895202	1.23474	0.685639	0.395977	0.931407	-0.106321	-0.0441438	0.233075	1.38391	0.160903	-0.310538	-1.48388	0.220701	-0.196021	-1.64494	0.480465	1.61461	1.13816	-1.38908	0.164624	
20.0589	-9.75536	-8.88543	-0.56029	2.8002	0.404577	-2.74468	-1.2173	18.5357	21.7729	-3.61589	-0.1884	-21.6584	-12.2179	-0.976777	-6.46764	3.15922	-20.9017	2.4582	-2.70012	
0.534344	0.772388	-2.15523	-1.20964	0.571699	-1.54686	0.749352	1.10353	0.404028	0.708893	1.22654	-0.556273	0.917699	-0.746378	0.504092	-1.05568	-1.90312	-0.174851	0.225931	0.543326	
0.507453	1.09497	-2.03391	1.57556	-0.292715	-0.796023	-0.568392	0.445427	-0.0943547	0.485506	-0.721234	0.937387	-1.9468	0.692549	0.258588	-0.294376	-1.53087	-1.5494	0.743109	-2.44941	
-0.319383	0.517975	-1.34223	0.279859	0.0881416	-0.0618085	0.0910076	-1.59771	-0.358388	0.409319	-0.182966	-1.22538	1.82132	0.808241	0.923621	0.111862	-0.0278181	-0.5291	-0.456295	0.798701	
-1.62954	1.10564	-0.739192	-2.20336	0.726991	2.08562	-0.196738	2.38799	0.857238	1.74187	-0.724041	-0.876159	0.473135	-1.10967	-1.56118	-0.876204	0.741682	0.0658826	0.649162	1.23845	
1.44157	-0.275682	-0.699183	0.222913	-0.802457	0.993454	-0.440503	-1.17089	-0.484887	1.84354	0.0588015	-1.31762	-1.08991	-1.2194	0.848188	0.300795	-1.41287	-0.225707	-0.0188106	0.421084	
-1.80615	0.0174781	-1.38466	-0.332485	0.783148	0.488473	-1.56342	-0.23491	0.330968	0.628216	-0.676058	-1.74576	1.65182	-0.901164	-0.158097	-0.975302	-2.44585	0.518107	0.269011	-1.63097	
0.827755	-2.45511	0.0221512	-1.31202	-0.666495	-0.984467	-1.13335	-0.0568399	0.928668	0.493626	-0.080274	0.652458	-1.21323	-0.322951	0.512931	1.37772	-0.516801	-0.116869	-1.43854	1.47785	
-1.26851	0.954857	-1.09317	-0.710854	-0.514664	-0.790673	-0.967825	0.873914	-1.32492	-0.520124	-0.497151	0.00838468	-0.0809168	-1.17159	1.31287	-0.101639	1.2502	-0.872319	-0.0103595	1.35515	
0.166583	1.90748	-0.189686	0.664477	-0.298595	-0.230432	-0.107327	0.747567	0.206563	1.00437	0.918912	-1.92545	-0.79929	1.00655	0.411215	1.282	0.884471	-1.45431	-1.09933	-0.552721	
-1.25213	0.989746	0.0449429	-0.931261	1.77982	-0.309428	2.0168	-0.48307	1.22816	-0.30166	0.128045	-0.145999	0.542306	1.52252	-0.568679	0.437613	-0.816105	-1.14786	-0.55671	-0.340819	
0.848694	-1.42769	0.0407673	-0.465249	1.29525	1.54807	-0.780292	-0.432951	0.31308	-1.19643	-0.410279	0.221679	-0.298057	1.09748	0.169658	0.761931	0.94117	0.343255	1.7753	1.30159	
2.02106	-0.327898	-1.74873	-1.8242	-0.956701	2.37232	0.451405	-0.592775	-1.13676	-0.145162	-0.202015	0.9884	0.375351	0.557582	0.0840711	0.08208	1.71335	-0.0238018	-0.373647	-0.232139	
1.1829	2.11896	-0.866434	-3.43264	0.497889	0.701218	-0.934541	-0.788335	1.22218	1.19042	-3.17706	-3.4085	-1.61336	-2.52955	-3.5682	3.44916	0.503486	-1.4656	-0.152966	-0.0898997	
-1.7165	-0.0694595	2.76195	-2.19197	0.495112	0.911955	-0.0151057	0.0607742	-0.208324	-0.572537	-2.81519	0.541839	0.322039	0.0627045	-0.390955	0.75463	-1.22895	0.152459	-0.811869	-1.09291	
-2.00472	-5.20216	-0.493991	4.98271	-2.00712	1.27868	2.0577	-1.08172	-3.05949	-2.32458	6.2713	5.47237	1.41735	-0.824328	10.1112	-6.52997	-0.453811	4.824	3.80851	-0.45985	
0.719019	2.66147	0.475976	-2.20767	0.349507	-1.14749	-2.14331	1.46784	-0.354567	0.911872	-0.942721	-3.57734	-1.47596	-1.23779	-7.39329	4.97741	1.42074	-2.11645	-4.61504	0.146425	
0.781302	-0.392603	0.0545876	-0.896444	-0.881561	-0.229398	-0.68641	1.74465	0.147071	0.507913	-0.410715	0.663439	0.633258	-1.51341	-1.03773	-0.490408	-0.310949	0.469369	0.0774248	0.75559	
-1.18215	-0.155632	-0.18448	-1.6392	-0.212441	-0.145517	0.522343	0.204438	0.839912	-1.95419	0.318456	0.287798	-1.42574	1.59345	1.47378	-0.087179	1.02823	-0.103856	0.25883	1.88892	
-0.369625	-0.266486	-1.23659	0.341834	-0.777236	-0.0942147	0.115265	0.609758	0.322736	2.06541	1.18878	0.145302	-0.996257	-0.649774	0.611268	-1.79319	0.752617	-1.11153	-1.06353	-1.65107	
0.519956	-0.46283	-1.21721	0.314776	0.614725	0.60311	0.140302	0.111048	-0.325101	0.352348	0.75267	-0.104368	0.224584	1.65319	2.79945	1.59252	0.381995	1.24708	1.19867	-0.751073	
0.50944	-0.13771	0.204636	-0.498715	2.11139	-1.00704	0.792833	-0.728621	1.12679	1.50063	0.630606	0.60866	0.267339	1.2336	-1.24974	1.23177	-1.43008	-0.506611	0.450114	-0.89775	
-11.3625	6.10942	5.04188	1.08404	-1.96965	0.237608	-0.0423497	3.76021	-9.8957	-11.7559	1.78086	0.0831617	12.5388	5.12192	-0.936077	6.20326	-2.7999	9.77751	-0.537048	3.53204	
-0.284998	0.616698	1.3212	0.637417	1.61826	1.04073	0.609759	1.21004	-0.11162	-1.42526	1.135	1.24274	0.114565	0.951277	-1.67858	-0.246312	-1.18784	-1.06533	-0.466375	-0.501635	
0.591703	-0.524342	0.359409	-0.0174329	-0.120287	0.0977127	-0.304108	-0.757118	-1.54897	-0.863767	0.0341535	-0.342275	0.854879	-0.833245	-0.655397	-0.652811	-0.849483	0.25052	0.161605	-0.106106	
1.38228	0.306329	-3.94841	3.5073	0.951649	-1.60129	-0.469262	-0.659114	0.751322	1.68563	2.72327	1.51742	-2.52771	1.31096	0.452048	-0.505507	-1.60145	1.0933	1.57298	-1.68494	
1.06762	-1.03222	0.383989	-0.0769033	-1.07812	0.466956	-1.03469	0.198986	0.0517235	0.857501	1.6186	-0.479282	0.0800466	0.570659	-1.1663	-0.496329	0.917477	0.30436	-0.0425754	-0.260144	
-5.50357	2.80486	3.80619	0.391381	-0.606172	-0.583413	-2.17671	1.56004	-3.00415	-5.07918	-0.724422	0.261493	4.0567	2.79727	1.89934	2.72836	-0.869861	6.84427	-0.41961	2.32124	
0.12724	-2.34898	0.188993	-0.185557	0.5466	1.4847	-1.33456	0.13444	0.639757	-0.912154	0.892347	-0.97136	-0.68242	-0.528778	0.755174	-0.291599	0.407633	0.260799	-0.787551	-0.885515	
-0.544759	0.443214	-0.555072	-0.0906317	0.861744	-0.897904	-1.73579	-0.0401033	-0.538925	-1.07653	-0.684277	1.05713	0.0759137	-1.99239	0.88257	-0.82012	1.03654	-0.918177	-0.952023	-1.44958	
-0.404756	-0.97771	1.52986	0.446523	-2.74368e-05	0.877728	-0.369988	-1.17039	-0.136974	-0.618496	-0.550208	-1.43441	0.38459	1.44967	0.349637	0.75762	0.811033	-0.815383	-1.06971	0.882044	
0.94719	0.0610947	-0.773108	1.15562	-1.58283	2.38603	-0.799186	0.408693	-1.23431	0.727543	-0.447804	0.975563	-1.26842	0.00714022	-1.79995	-1.0329	0.341094	-0.736027	-0.641201	0.078979	
-2.33246	-1.20559	0.600584	-1.01619	1.40646	-1.72103	-0.118396	-0.827821	1.24753	-0.374484	0.185348	-0.164643	1.37649	-0.60632	0.679155	1.31031	1.09991	-0.0158414	1.72775	0.438263	
-6.43185	-0.750848	10.1051	-9.81649	-6.53716	4.03555	3.5252	-4.53257	-3.90627	-10.683	-8.03353	-3.04787	8.04661	-5.52893	-2.282	1.3675	1.6878	-5.73766	-7.11535	2.09857	
0.803752	-1.78865	1.18915	-1.68391	-0.191335	0.162411	0.397787	-0.36413	0.42535	0.258711	-0.686461	0.463596	-0.0735284	0.75596	1.04955	1.61234	-0.519011	0.197303	-0.966186	0.21846	
-0.872722	-1.3026	0.199792	-0.442071	1.26704	1.43913	0.0740148	0.846077	-0.120303	-1.37575	0.423206	-0.23665	0.252204	0.573965	0.131027	0.766144	3.02841	1.05766	1.23138	1.26857	
-0.211375	-0.266772	0.186858	-0.256452	-0.413102	0.434784	-1.46629	1.52906	1.59279	-0.0212094	-0.222834	1.39567	0.16581	0.392794	0.132796	-2.38811	2.63754	-1.62027	-0.352846	1.28929	
-0.164778	0.659889	0.26989	-0.553329	-1.71062	-0.935143	-0.491318	-0.160135	-1.28627	-0.20662	1.2414	-0.412564	-0.466782	-1.46589	0.0107228	1.26638	-0.0796436	-0.582076	0.21336	-0.311705	
-3.87981	5.3237	2.85224	-3.24711	0.0495357	1.10159	0.388595	2.66578	-5.04746	-4.86443	-0.524247	-4.67068	4.52621	3.97748	-4.50155	4.49447	-0.128595	3.00646	-1.13688	0.143905	
-1.02484	-0.708319	3.25951	-2.92408	-1.15214	0.00347576	2.92439	-2.2191	-0.349749	-2.41464	-3.36348	1.01246	2.00351	0.870385	-0.299153	-0.504379	1.94198	-1.38551	0.0561071	-0.318813	
5.91891	0.585814	-11.4518	9.41176	8.21502	-5.08873	-3.02532	4.31294	5.33507	9.16252	9.41976	1.82811	-7.12452	5.64991	-0.92456	-2.73448	-2.67491	6.2063	7.51074	-0.843306	
0.163221	-2.09509	3.58128	-4.67354	-2.39543	-0.269878	1.57284	-0.400067	-3.34361	-3.94011	-2.21564	-0.877903	2.66452	-1.13314	1.73074	0.787559	1.17623	-3.36942	-1.97664	-0.588388	
0.629968	1.1614	-0.762691	0.486355	0.0673215	0.163832	-1.19303	0.136281	0.549409	-1.12007	0.373884	1.55529	-0.317515	1.11846	-0.787296	0.417742	0.397874	-0.855472	-0.0104568	-1.53209	
-0.27935	-0.970474	1.59981	-0.592447	-0.677916	1.10371	0.722893	-1.04965	1.42477	0.829911	-0.234761	-0.77539	0.303338	1.5121	-1.24689	0.041976	1.34897	2.12594	0.357695	1.38346	
0.762865	-0.325208	-0.938905	0.0380146	-1.29965	1.08696	0.249394	0.430649	-1.78228	0.0937736	-2.52723	0.363351	-0.724454	-1.25905	0.641113	3.25395	-0.313892	0.460693	0.366551	0.178049	
0.286488	0.0781638	-0.671951	0.860562	-1.01972	0.06298	1.15674	-0.354361	-0.284828	1.25083	-0.47252	-0.759436	-0.629756	1.22871	-0.111448	-1.42097	1.46993	0.987486	-1.26757	-0.580593	
-1.87609	-0.0433622	0.758987	-0.974569	-0.311408	-0.118644	0.302049	0.212705	-0.222621	0.696299	-0.0139328	2.18077	-1.36133	0.744327	-0.0276027	0.417279	-0.00729319	-2.04539	1.38119	-0.29462	
0.508967	-0.109518	-0.35643	-1.13844	0.680165	-0.144437	0.365537	0.996839	1.05573	0.64755	-0.0304173	1.30747	-0.372232	0.103187	-0.328288	-1.75528	-0.246313	-0.0282662	-0.55657	-0.637365	
-2.88119	-7.31482	-1.5239	9.12104	-3.73613	0.321782	0.826077	-1.15819	-2.70772	-3.57867	9.15845	12.1917	4.79206	0.908939	14.488	-10.8197	-1.16903	5.60777	8.48849	2.57775	
1.18968	0.800427	-4.51718	5.8648	2.48855	-3.22095	-0.218578	1.29306	2.71091	4.62853	4.52712	0.702672	-4.73139	3.2441	0.262843	-0.919997	-1.15025	1.99451	5.35677	-0.192711	
0.240885	0.718524	-0.483137	0.00748665	0.363338	-0.978719	0.864826	0.0670305	1.15348	-0.915933	1.64049	-0.560999	1.82441	1.00055	-0.375701	-1.42375	0.200673	1.05147	-0.632112	0.0989991	
0.0603052	-2.12666	-0.788288	1.01532	0.142234	-0.198951	2.37489	1.62015	0.537737	0.875581	-0.230918	0.417748	-0.122366	0.96808	-2.53028	0.432009	-0.777335	-0.76668	-0.280539	0.386145	
-0.178007	-0.055647	1.03459	1.6882	-0.18709	-1.64379	-0.767836	-0.381116	1.34601	0.762629	-0.839713	0.839077	-0.158066	-0.751032	0.652399	-0.359979	-1.40994	0.441665	0.232576	0.434726	
1.91289	-1.53974	0.33588	-0.877984	1.6177	-0.373304	-1.33682	0.431042	0.170568	-0.692547	0.442914	0.574135	-1.08564	-0.786507	0.152361	0.955343	-0.12349	-0.119034	-1.0405	-0.575411	
-0.556841	-0.475649	0.295647	-0.411674	0.421858	0.206248	0.157279	0.194605	1.22121	1.44108	-1.24047	-0.354173	1.39117	0.732946	0.584865	1.21228	0.781649	-1.34828	0.495589	-0.12377	
-0.0512375	0.132502	-0.171655	-0.904471	0.00832696	0.209441	1.72231	-1.59921	1.30542	-1.30909	-1.02507	0.177869	-0.978066	-1.99314	0.088887	0.941538	-0.419359	1.69816	1.70702	-0.83357	
1.49174	0.055492	0.876535	-0.229475	-0.0565365	0.638218	-1.12247	-2.28628	0.199711	0.1155	-0.710649	-1.05082	0.202551	1.29348	-2.62378	0.812902	-1.50732	-0.336982	1.14136	0.623942	
-0.430402	1.17814	-1.41022	0.607591	-0.912519	-0.218601	0.320512	-0.243334	1.39376	0.832742	-2.10695	2.08191	-0.522725	1.32933	-0.136926	-1.34873	0.101685	-0.0984731	1.21244	-1.07749	
-1.15591	-1.50633	-1.02372	-0.935424	-2.93301	0.490516	0.485858	0.194162	-0.357003	0.136618	1.45595	0.911548	1.37469	0.403473	-0.396143	-0.568562	-0.361631	-1.95404	-1.79497	0.383606	
-0.654223	0.0633138	2.45895	-0.684659	-1.48077	-2.18196	-0.165571	1.42465	-0.883754	-0.22747	-0.615585	-0.686086	0.441442	-0.295613	0.271749	1.49204	0.80956	0.18657	0.815744	-1.75873	
0.26937	-0.859075	-0.335527	1.01468	-0.755901	-0.905384	1.00945	0.125989	0.538172	-1.5746	-1.21609	0.14518	0.137991	-0.729324	0.935759	0.8283	1.1981	-0.996956	0.358533	-0.729305	
0.138881	0.599112	0.0510847	-0.238491	-2.41275	1.2956	-1.06242	1.60545	-0.0403282	-0.0965156	-1.81924	-1.50262	0.72314	0.654848	0.322811	-1.83231	0.630942	-1.46946	0.439978	-0.986478	
-2.58549	-7.06947	-1.17419	6.46798	-2.99768	0.320819	0.531611	-1.88743	-2.38231	0.391587	7.36088	8.28432	3.05627	0.526768	11.9572	-9.23679	-0.518599	3.82625	6.38031	-1.1014	
-0.799789	2.02053	0.855205	-1.26066	-0.348171	0.615352	-0.650317	-0.931277	0.679882	-1.78801	0.601234	0.452807	1.1788	1.24823	-0.358364	0.973202	1.53674	-0.590351	-1.40112	0.0539121	
-0.44391	-0.621675	-1.22747	-0.985311	-0.807818	0.0702663	0.716564	1.74494	1.53881	0.703848	-1.41607	0.839321	0.835058	1.94311	-0.275308	-0.0700577	-0.2386	-0.434117	0.749245	0.0811003	
-0.194688	1.21583	-0.107866	1.41067	0.545963	0.4245	-0.225986	0.348887	-0.409622	-1.29803	-0.0609725	-0.0421026	-0.966257	-0.527929	-0.205713	-1.83171	-0.210242	-0.379826	0.0478373	0.53389	
-0.0623896	0.353868	-1.2866	-1.96341	-1.27837	1.69063	-0.629155	0.0524915	0.259208	-0.00742131	0.173017	1.01245	-0.30049	-0.120335	-0.218403	0.811132	0.116028	-0.675506	-0.475666	0.450037	
-0.430826	0.138582	2.198	0.0340541	0.381559	-1.20137	1.21379	-0.0575829	-1.00702	-0.00282441	1.41864	0.371585	-0.334196	0.508517	0.884533	-0.482917	0.93368	0.584095	0.39188	-2.33361	
1.81477	-0.929558	0.750904	0.478671	1.28478	-0.322436	1.9203	-1.45249	0.96815	3.06604	0.300955	-0.469408	-2.44243	-1.84056	-0.81458	0.436656	-1.04109	-2.35127	1.84385	-1.05667	
0.797615	-1.60058	0.598635	0.850759	-0.244429	0.152151	0.340328	0.521042	2.2906	-0.215601	-1.2174	1.04554	0.0805384	-0.142946	-0.611364	1.14898	0.401486	-1.22633	-0.106333	1.15019	
-2.21196	0.315336	-0.307065	0.589541	-1.09483	-0.173331	1.85989	0.826202	0.914815	-0.221348	1.70409	-0.416769	-1.01783	0.579935	2.63789	0.441108	1.04175	0.942632	-0.102607	0.672044	
-0.42741	1.80664	0.031991	0.0247211	-0.0882508	0.134026	0.914231	-1.6808	0.878388	0.0746564	-1.08683	1.27281	-0.765958	-1.53871	1.10296	-0.624558	-1.18333	1.01584	-0.737823	1.3584	
2.48816	0.0868169	-0.679983	0.271901	-0.0337768	0.173325	-0.341727	-0.578436	3.00629	2.59592	-0.396101	1.38816	-3.35695	-0.251539	-1.2382	-0.842796	3.06602	-2.43489	1.16243	-0.182419	
-0.583421	-0.773912	-0.0587581	0.0725218	-0.607214	1.18685	0.917066	-1.30103	-0.0133715	-0.623143	0.711796	0.234795	-0.534866	0.468203	-2.44207	-0.505453	0.676097	0.851764	-1.00337	-2.77421	
-0.0610339	-1.65842	1.57921	-0.170329	-1.26539	0.802677	-0.683799	-1.56672	0.11527	-0.593856	0.312669	1.0913	-1.08793	-0.363041	-0.852861	-1.27545	1.47135	-2.10197	0.903153	1.58349	
0.675151	-0.0231682	-0.941571	0.680765	0.564611	0.211424	0.8155	0.972965	0.220181	-0.144881	0.0633035	1.24213	0.226595	-0.313056	0.0676602	0.38412	0.482814	-0.122537	-0.596983	0.181605	
0.789226	1.19744	0.679199	-0.436312	0.536435	1.17551	1.78565	1.85437	-0.45913	0.72935	2.42461	-1.84253	-1.28079	-0.0390809	-2.00953	-0.223419	-0.777982	-0.258223	-1.15526	-0.419244	
2.083	-0.391366	-1.76781	4.29545	1.43042	-1.2257	0.417033	2.06906	1.4795	2.01446	4.81532	0.811771	-2.20769	1.67101	-0.232309	-0.940195	-0.400337	1.29873	2.60608	-1.59402	
0.608951	-0.713372	0.0619412	-0.642462	0.0276674	-1.30576	0.119963	0.344376	0.345154	2.20638	-0.810056	-1.24169	-0.562025	0.210256	-0.57152	-0.821609	0.817438	0.648636	-1.54281	-0.353625	
1.39965	-0.374005	-0.790103	0.414016	2.28537	0.848311	-0.963281	1.74957	1.37324	-0.622386	-0.265289	0.777437	0.023623	-1.01195	1.03345	-1.43434	-0.0295752	1.19717	-1.19966	0.0715724	
-1.40796	0.299221	0.157361	-0.996134	-0.819394	-2.12445	0.650839	-0.797078	-1.37059	0.240766	-0.16804	-0.151111	-0.884028	0.384853	0.14449	-1.11335	-0.402945	1.56879	2.54631	-2.95338	
1.6225	0.788123	1.13094	0.673977	0.0354985	0.490542	-0.228944	-0.0457063	-2.56788	2.51808	-1.07817	0.0412749	-0.157819	0.259527	-0.524923	-0.426637	-1.05478	0.100977	2.47167	-0.987391	
0.0199653	0.34678	0.507106	-0.55642	0.58128	0.822169	-1.4063	1.95439	-1.20266	-0.0713298	0.593263	-1.83946	-1.35043	-0.399261	0.457132	-0.590208	-0.60272	-1.28143	0.0757132	-0.684159	
-4.50212	9.61419	5.18287	-4.73468	0.106447	1.58257	0.850212	2.5755	-4.37106	-6.22416	-4.51487	-9.29861	6.30211	4.86172	-10.589	12.347	-0.201001	2.04872	-6.32905	-0.261184	
0.463096	1.08599	-4.82947	1.93008	2.82092	-0.581841	0.032833	0.672428	1.24266	3.18304	3.14994	1.56389	-3.17326	-0.662915	-0.588456	-0.0192757	0.85427	1.745	3.75611	-1.93372	
0.335433	-1.02489	0.437256	0.985989	-0.944643	-0.466064	-0.554576	-0.920969	1.84186	-0.0836324	1.81121	-0.589979	0.0330831	-0.897672	-0.747598	2.30237	-2.93904	-0.0270118	0.745902	0.39428	
-0.593691	-2.18896	-1.39368	0.016024	0.866416	0.456169	0.0199546	0.623309	0.0549983	0.572663	1.18826	-0.839915	-0.0124346	-0.411386	0.921573	-0.498239	1.04574	1.40014	0.681002	0.24204	
12.2318	-6.56058	-5.22226	-1.81656	2.58728	2.33422	-2.0463	-0.661599	12.6566	10.4828	-2.53937	1.5157	-12.4145	-6.57144	0.164174	-2.38728	1.54444	-10.3031	-0.131259	-1.95543	
1.28438	0.528726	-2.18038	-1.13154	-0.891505	2.37165	0.921769	0.276439	0.3605	2.01703	0.196577	0.565957	0.442145	0.69829	0.250653	0.228437	-0.0158683	-1.40484	1.66543	0.0418536	
-0.650238	1.62467	-0.300678	-0.474408	1.21668	-0.789821	-1.16315	0.980994	-1.91618	0.69868	0.411247	-2.34914	-1.39107	-3.0344	0.00501264	-0.0393767	-1.14339	-0.424429	0.0816897	1.36788	
-8.51541	4.54281	2.01655	0.424514	-0.861067	-0.376962	-0.239246	1.44691	-8.1005	-7.072	0.385589	-0.924661	7.9013	4.18052	-0.959292	3.32682	-1.26849	8.68815	-0.000418604	0.237817	
1.17635	-0.631308	-3.31576	2.3628	3.23469	-2.00819	-0.557563	0.121472	1.48919	3.60924	2.08551	0.539906	-2.84042	1.22943	0.516058	-0.970846	-2.0496	1.91496	1.97296	0.582523	
-4.52308	2.86227	3.09811	-0.326887	-0.492214	-0.607229	0.92997	0.711953	-5.39537	-7.49279	1.24863	-0.777222	6.38289	3.40942	1.15919	1.3095	-1.43844	4.9697	0.994717	0.910281	
-4.97205	3.96072	0.797922	-1.01869	-1.17639	-0.93136	-1.52009	0.624968	-5.60319	-4.64328	-0.447346	-1.7342	5.29723	2.3529	-0.299313	1.74175	0.603738	5.17808	-0.183495	0.86815	
-0.824585	-1.166	0.806609	-0.160299	0.277212	-0.0121793	-1.46128	0.768934	0.6477	0.690141	-0.582434	-0.425502	0.539082	0.024001	-0.805064	-0.224912	-0.0546531	-1.76774	-0.475731	2.30889	
-1.5542	0.49548	0.541764	0.0644651	0.581287	0.0890959	-1.3582	-0.259768	0.858392	1.10613	0.376931	-0.83052	-1.41945	-0.00135542	-1.15606	0.102495	0.55014	0.179915	0.241119	1.55975	
-0.0779502	-0.295809	0.136925	0.0955858	0.288481	0.52906	-0.679796	-0.38555	1.64522	-0.544754	0.668009	0.593841	-0.62366	1.58598	-1.05325	0.268441	-0.74227	-0.830842	0.616531	1.93896	
-0.595311	-0.83524	-0.724461	-0.751581	-0.197648	1.27512	-0.311468	0.22305	-0.395173	-0.411886	0.520087	-0.402417	1.20222	1.72833	0.483215	3.0742	0.674407	-0.920964	1.56007	0.0706586	
0.728975	-0.0567791	2.16969	2.84393	-2.66787	-0.129802	-0.534871	-0.43226	-1.87724	0.726443	0.525792	0.212087	-1.09372	1.41304	1.28733	-2.7507	1.05615	0.938743	0.0303063	0.695792	
-0.0819754	0.612638	-0.209319	0.512326	-0.492113	0.436177	0.213016	0.279209	-0.878455	0.179266	0.475847	-0.182042	-0.153397	-0.816642	0.75087	-0.296698	-0.126049	0.439289	-0.189602	-0.567638	
1.00656	0.267788	0.15745	0.327697	-1.02202	0.635691	-1.96506	-1.73329	-0.47978	-1.04665	-0.708437	1.0319	1.56396	0.978499	-2.04401	-0.119919	1.35058	0.828699	-0.456363	-0.188865	
-0.941984	2.63331	-0.804828	-0.364582	-1.09845	0.630146	-1.18081	0.564655	1.03102	-0.944639	-0.7441	-0.678288	1.52117	0.318716	1.7538	-0.993312	0.837115	-0.614511	-0.413223	-0.0558024	
-1.6643	1.36273	-0.859379	0.965294	-0.390166	0.527598	-1.71866	-0.232279	-0.565725	-0.577232	-1.07444	-0.172394	-0.149497	1.11662	0.863539	-0.572791	-0.331865	1.96171	-0.133684	-0.314237	
-0.92743	-1.01304	0.393034	0.518835	-0.867454	-1.26022	-0.236397	0.646125	-0.214064	0.0444538	-1.47714	2.44326	-0.496856	1.80422	-1.49653	-0.25113	0.0118038	-0.360999	-0.313827	0.968213	
-0.354171	-0.511423	1.28461	-0.890277	1.31397	0.411395	0.0677666	0.888974	-0.189073	-0.118086	-0.550123	0.112923	0.862405	-0.112023	0.137702	0.234002	-0.110111	0.0487526	1.98054	-2.54594	
-3.01208	-4.82174	0.135736	6.45649	-4.59679	0.531617	2.41878	-2.24275	-1.95298	-1.70748	6.09266	8.57275	4.05582	-0.532622	12.7553	-8.62362	-0.753129	6.28566	5.45389	0.78095	
-0.0381287	-0.0113975	1.32268	-0.804907	2.54223	-0.923909	1.72291	-1.4052	-1.49194	-0.345764	-0.00141607	0.329461	0.666545	-0.293682	0.969721	-0.192999	1.74424	0.680732	0.973242	1.89313	
2.2236	0.605012	0.0131119	0.016138	0.250438	-0.275827	0.135444	-0.973183	-0.166139	-0.126814	-2.27828	-1.02504	0.429702	1.20005	2.22256	-1.56366	-0.391592	-0.85341	0.135461	-0.33325	
-0.322868	0.635508	-0.396309	0.694925	1.33594	-0.192062	-0.21682	1.02834	-0.0805469	1.9651	-0.723524	0.832657	-1.63174	0.519349	-0.166212	1.08576	0.11359	-0.67093	0.0599859	-0.746541	
-1.84146	-0.564672	-0.653462	0.39656	-0.858272	-0.140338	0.732165	-1.05399	-0.8663	-0.295623	-0.310163	-0.0881084	0.0658032	0.107758	0.324188	-1.3994	0.55903	0.888461	-0.711379	0.378375	
-1.87666	0.0848111	0.28356	-1.63083	0.962706	0.803983	0.11109	0.529983	0.5461	0.0846085	-0.733521	1.12763	-0.275715	-1.45139	0.647716	-2.01297	-0.0356201	0.269595	-0.60825	-0.164961	
0.0616178	-0.733839	-0.217077	-0.0575016	-1.63003	3.90387	-1.58588	-0.714373	-1.14826	0.432372	1.84124	0.165376	-1.14484	0.324686	-0.210097	0.283333	0.177766	1.99497	2.11907	1.27618	
0.360844	-0.245523	0.456577	-0.35079	-0.664459	-0.388797	-1.45241	-0.481648	-0.585015	-2.70157	0.765931	0.279582	-0.410137	-0.749194	0.758444	1.3362	-0.0353852	-0.92057	0.462474	1.50865	
-0.421661	-1.6759	-1.1476	1.53542	-0.47163	-1.15256	0.832329	-0.544863	-2.88977	-2.25128	3.95171	3.71401	2.4804	0.142628	9.52049	-4.95853	-0.852494	3.16352	2.74285	0.268751	
-1.06267	-0.937188	-0.788873	-1.02139	-0.573555	-1.36265	0.420996	2.7677	0.454458	1.21999	-1.06095	-0.586125	0.447122	-0.0875331	-0.709718	-1.40428	0.664251	1.62663	-0.74036	-2.25058	
-0.266765	0.731039	0.229208	-1.32258	2.03572	-0.497624	-0.83027	0.720648	2.14699	1.36455	-2.13884	-1.46271	1.1256	-0.851574	-1.94618	1.41393	0.240997	-0.103351	-1.33035	1.19082	
0.702611	1.45641	-1.43361	-1.09782	-0.617793	-0.407173	0.292608	1.02258	-0.303857	-1.74831	-0.916302	0.688578	0.860343	0.857264	-0.522523	0.94829	0.41394	-0.613711	0.960508	-0.672281	
1.13395	-1.3023	-0.590393	1.67888	-1.28156	-0.390556	0.843399	-0.17949	0.430761	-1.06723	-0.179911	-0.643632	-1.02509	1.04664	0.273181	0.812889	-1.37065	-0.838057	0.180205	1.1842	
2.59397	2.99125	1.07406	-4.61791	0.725595	-1.22977	-2.16402	2.04803	2.58197	-0.966475	-6.25194	-6.03106	-1.91746	0.80686	-7.53268	6.81335	-0.278505	-3.61107	-2.43225	-0.901939	
0.598581	-1.41608	1.70984	1.01892	-0.856041	-1.36314	0.868508	-1.22902	1.56623	0.465107	0.219732	0.608173	0.651522	-0.451082	1.98299	0.474492	-0.02051	-0.740865	0.484001	2.2483	
0.117789	-0.548142	-0.215863	1.09577	-0.146119	0.673361	1.66281	-0.465597	0.400814	0.947425	0.677072	-0.680944	1.27207	-0.613296	-1.70353	-1.01773	-0.6659	2.59542	1.20544	1.00912	
-1.96019	-1.06351	2.00081	1.05431	1.09205	0.911662	-0.87116	0.556085	-0.35784	-1.18933	-1.76268	1.10168	-1.61046	0.238856	-0.56829	0.164954	-0.983925	0.203526	-0.0445287	-1.86244	
-1.35409	-0.357447	0.987801	-0.563108	-0.141329	-3.43007	-1.75632	-0.697747	0.952806	-0.173544	1.24277	1.05864	1.22075	1.06167	-0.794091	1.25166	0.0548941	0.31601	-0.23625	-3.22963	
-0.837907	-0.574256	0.206195	-0.347328	1.59172	-0.140505	0.143415	0.0145899	0.187445	0.758747	-1.26117	-0.549935	-1.46361	-0.661023	-1.65918	0.700036	0.301777	0.160706	0.448434	-0.422189	
-2.27444	1.11364	1.32736	-0.096721	-0.108154	-0.424152	-1.17976	0.294734	-1.09553	-1.32871	-0.429056	0.21523	0.337566	-1.95182	1.4432	-1.36236	-0.698516	1.46061	-0.476358	-0.300347	
-1.30379	0.772483	1.48018	-2.81651	1.38222	1.07429	0.157607	-0.292911	-1.06698	1.17678	-0.609034	-0.240452	-1.23943	0.930737	-0.437496	0.595045	0.124705	0.711514	-0.0858838	1.24619	
1.62904	4.55539	0.264382	-2.08971	0.475559	-0.219715	-0.836991	1.78829	2.25802	1.80546	-3.73836	-3.48318	-0.682669	-0.688029	-5.66598	4.18671	1.55252	-3.10773	-2.88294	-1.15667	
0.413698	1.80543	-0.723523	0.973058	0.633119	0.487994	-0.685141	0.138777	-0.452216	-0.00591793	-0.907713	-0.567744	-0.408954	-0.570506	0.914438	1.85324	-1.12699	-0.864182	-0.632492	2.61479	
-0.417399	-0.991498	-0.547935	-0.558159	0.616911	0.181168	-0.804405	0.242712	-0.263354	0.497943	-0.104415	0.151299	-0.263506	-0.456925	-0.638087	0.964988	-1.71308	-1.5019	-0.749832	1.43412	
-2.09568	-0.248385	-0.321918	-0.446154	0.0284677	0.535619	-1.27101	0.672819	-0.697211	2.24194	-0.481374	-2.17138	-0.329123	1.66936	-2.26583	-0.785115	-2.39236	1.1396	2.9075	1.49283	
-0.869005	0.767011	-2.03757	0.678742	-0.8379	1.20927	-0.519471	0.636076	-0.271231	-0.781581	0.661032	1.03466	0.735316	2.03224	-0.879848	-1.7396	-0.0969459	-0.753518	-1.44521	-1.49224	
-0.603521	0.390614	0.188401	1.56158	-0.896628	0.187927	0.0439767	-1.08994	1.05588	-0.360847	0.581081	-1.10464	-2.22029	0.948933	-0.286031	-0.524935	0.430136	-0.829032	1.68311	1.25779	
2.35392	1.72644	0.31632	0.0363005	0.533624	-1.19131	-0.175489	-1.2386	-0.268072	1.00779	-0.387674	-1.59808	0.751565	1.36673	-0.843686	-1.34972	0.203179	0.418516	0.864774	0.192405	
1.04911	0.556654	-0.629048	0.800719	0.742869	-0.801292	-0.748674	-0.0301205	0.191904	-0.287892	0.648496	1.67266	-0.477083	-0.775552	0.185018	-1.10506	0.4468	-0.181358	0.508386	-1.26657	
-1.0617	0.869549	-0.238257	-2.02265	0.864009	0.377343	1.50814	0.422516	-1.41656	0.831209	-1.18205	-0.610094	1.04621	0.59889	-0.551524	0.192709	0.52012	-0.244322	-0.212398	-0.805391	
-1.27489	-0.65924	0.316292	0.715683	-0.102771	-0.498823	0.86702	-0.513126	1.41259	0.33705	-0.394401	0.473065	0.101822	0.392018	1.56916	-0.749918	0.417547	1.99774	-0.0231544	0.0694216	
0.0248369	-1.11231	-0.622644	-2.81592	1.21271	-0.270466	0.662181	0.825055	1.3436	0.0123296	0.646227	-1.83265	1.28591	-1.35717	0.14574	-1.91524	1.2898	0.505964	-0.445278	-1.37611	
0.477573	-1.14416	-0.500528	0.77814	-1.32126	1.03624	-2.38279	-1.80881	-0.390851	-1.33051	-0.610033	1.28012	-0.686814	-1.23116	-0.825086	-0.317543	-0.167606	-1.71827	0.738143	1.62045	
1.47179	-0.128574	0.600031	0.0223692	-0.670958	0.385382	1.44806	0.35193	-0.893591	-0.616686	1.42089	-1.0872	-0.101781	-1.58397	0.308737	-0.862808	-0.453098	0.510043	0.888733	0.200864	
-1.81159	-0.0937043	-1.07749	-0.569757	1.13864	-1.3157	0.814735	0.695976	0.225411	0.102372	0.248477	0.106633	-1.98119	0.122452	-1.47495	1.64535	0.277417	1.16556	-0.539691	0.662348	
-1.11088	-0.408506	-0.0933828	-0.710261	-0.104501	-1.78372	-0.599654	1.08388	-0.673156	-0.313779	-1.40142	1.3036	0.0802631	-0.980945	-0.315917	0.187051	0.554041	-0.851647	-0.322901	-1.30401	
-0.423499	1.45312	-1.03375	1.47798	0.250115	1.987	0.648725	-0.227754	-1.02145	-1.79238	1.38357	0.236577	0.348278	-0.528592	1.51889	2.29815	-1.64592	0.163463	1.06409	1.18138	
-0.234778	-0.429389	-0.79547	1.75213	-0.0337846	-0.375184	0.222103	-1.06044	-0.324415	-1.77795	0.393029	-0.798559	0.798261	2.04179	0.485324	-1.1395	1.44444	-0.439186	-0.0762709	-0.289943	
-0.842981	-0.388543	0.528659	1.36564	0.985083	-1.73784	-1.00527	-1.49047	-0.19614	-0.884805	1.08259	0.343042	-0.963905	0.237376	0.261573	0.239082	-0.253228	1.14756	-1.25222	0.44739	
1.548	-0.377483	-1.03814	-0.2944	-0.130969	-0.83295	-1.18894	-1.60875	0.959938	-0.239914	-0.199647	-0.204314	-0.0629486	-0.910117	0.0124927	0.103173	-1.01395	-0.741296	1.9153	-0.841584	
-0.0338222	0.15116	-0.0176019	0.729197	-0.7539	-0.358767	1.16676	0.0236909	0.477001	0.20234	1.95782	-0.519816	-1.50237	1.19959	-0.903697	-0.0507674	-1.19802	-0.938627	-0.794675	1.47671	
0.0115526	-1.03165	0.602192	-1.43894	-2.0333	-1.76456	-0.735728	0.162994	0.15657	-0.203251	1.11747	-0.515838	-0.854126	0.164836	0.277247	-0.84686	0.605699	-1.52958	-0.0629488	-0.401883	
0.156078	-0.172442	-1.2938	0.142655	-1.43058	1.16254	-1.40783	0.101965	-1.06515	0.261389	0.316103	0.542645	0.533664	-1.63964	0.926691	1.22305	0.225594	0.186281	-0.70234	0.684548	
0.113507	0.339772	0.13493	-0.164444	0.298178	0.720458	-0.0451475	0.212045	-1.91464	0.361129	0.488396	0.178114	0.671379	-0.553921	0.374064	1.08748	1.98435	-0.124506	-0.399272	1.32242	
-0.501555	2.03649	-0.936932	1.03564	-0.649217	-0.0910516	0.905495	-0.313458	-1.10793	-0.266521	0.513732	-0.367683	0.439047	-1.38106	-0.29469	-1.91019	2.11035	-0.23568	-0.287598	-0.951397	
-0.738514	2.02306	-0.119592	-0.773858	-0.383925	-0.539401	1.74302	1.84984	0.403611	0.581115	-0.130234	-0.676872	-0.0242699	2.39534	-0.277883	-1.55077	1.71203	0.342629	0.0879916	0.912254	
0.280163	-0.918962	-0.685872	0.603924	-0.136845	0.109226	-0.291258	-1.33237	0.781345	2.32494	0.180441	1.19895	0.119936	0.219844	1.37173	-1.00117	-0.707933	0.750589	-0.638667	-1.31015	
0.201965	1.47791	0.998866	-3.2985	0.633331	-1.11569	-1.21385	0.810595	2.08338	0.802017	-4.57738	-5.31251	-3.26361	-0.963241	-7.14046	6.67524	-0.738696	-3.19158	-4.10223	-2.16703	
-0.303945	-0.317711	1.48504	-0.440729	1.91735	0.0993315	0.379126	0.865414	0.150259	0.0577895	-1.9649	-1.26541	-0.770145	-0.803485	-0.61602	0.96732	-0.614006	1.26471	-1.46743	0.275424	
-0.268343	-0.255852	0.704823	0.00779822	0.534254	-0.81641	-2.99902	-1.80888	-0.351648	-0.804646	-0.890749	0.289396	-1.04169	-0.262151	0.334301	1.51477	1.00063	0.0477097	-0.915994	-0.0876084	
3.10209	6.80146	1.55504	-8.47417	2.61692	-0.734672	0.242715	0.899733	2.57616	3.23167	-5.45432	-9.85257	-3.48085	-1.17036	-12.6529	11.4562	1.78366	-6.92295	-7.49467	0.375149	
0.00751061	0.115336	0.267876	-1.07143	-2.37607	-0.490694	0.786491	0.972761	-0.558843	0.397808	-0.00269597	-0.354647	-0.189916	0.0226574	-0.338918	1.10509	0.82518	-0.973874	0.589297	0.896865	
-0.393931	-0.285669	-0.368191	0.634776	-2.12386	-0.741049	-0.777742	-0.0752517	0.643716	0.277199	0.686916	2.12884	-0.80077	1.39314	1.03446	1.33494	-0.489068	2.33731	0.268431	0.132563	
-1.28577	0.118262	-2.02619	-0.603859	1.24672	-0.456546	0.335659	0.400556	-0.0553818	-0.501825	0.434275	2.56356	0.572614	0.320607	-0.543512	0.85046	-1.05252	-1.02082	-0.936566	-2.2019	
-0.115951	-3.75234	1.64874	-1.47854	0.191674	-0.148927	-1.45661	-0.11943	-0.592134	0.623401	-0.308781	0.108368	-1.65631	-0.750971	-0.0770499	-0.53222	-0.395155	-1.35	-0.676633	-0.650127	
-2.18757	0.630387	-0.0361432	0.567386	-0.619751	0.924682	0.153968	-2.13819	1.31263	0.213863	-0.421762	-1.30301	0.793228	1.38776	-0.266662	-0.115599	-0.662712	-0.31315	1.13043	0.993549	
-1.46466	-0.912618	0.954587	1.60088	0.025612	0.218817	1.23017	0.493229	0.61145	0.292565	0.862428	-0.47482	1.01858	0.0939666	3.03012	-0.728205	2.34748	-0.914168	0.180963	-0.606868	
0.701827	1.62753	0.881612	-0.778762	0.998979	-0.436814	-1.6701	0.256888	-0.775126	-0.066112	-0.586266	0.130597	0.929747	-0.786342	1.00924	-0.492368	0.638935	0.0254392	-0.573704	0.11018	
0.959472	-0.542184	1.12071	-1.05182	0.849491	1.04798	1.85624	0.577106	-0.0930392	0.124931	-2.2881	-1.30937	1.59581	-0.732076	-0.47283	-0.920703	-0.107142	-0.335026	-0.229438	0.579588	
1.16045	-0.368799	0.219086	0.40089	0.248047	-2.1803	-0.504304	0.427404	-0.275335	0.636095	-0.854472	0.786374	1.77997	-1.16807	-0.562277	-1.00919	0.201848	0.871991	1.03276	1.08881	
-0.766062	-0.542626	0.229585	-0.456053	-0.936265	-0.421372	-0.10417	0.767758	-0.418351	0.946565	1.44667	1.17148	0.987669	0.938108	1.0289	-0.998518	-1.01152	-0.263529	-0.388486	1.04409	
-1.27591	0.1313	0.620433	0.826041	1.06984	0.419366	-1.06305	1.35253	0.549956	-0.139276	-1.31016	0.128643	-0.412261	-0.0995912	-0.186084	1.20079	0.62861	-0.00823909	0.209211	-0.152514	
-1.40111	-3.01501	-1.75418	5.91337	-1.12435	0.875846	-0.264333	-1.86107	-5.4044	-1.97034	6.27694	10.1283	3.98569	0.233419	12.1057	-10.7942	-0.957664	3.51566	8.06716	0.28212	
0.822078	0.412931	-1.0756	-0.523994	2.10451	-1.39101	-0.400917	0.670304	-1.41371	1.47135	0.559315	0.208507	-1.93589	-2.02997	-1.41091	0.197198	-1.52617	0.948241	1.12806	2.91671	
-1.9862	0.0757927	0.797851	-0.954491	-0.617815	0.490338	0.470391	0.263772	1.06558	-1.75884	-1.06553	-1.30571	0.870324	-0.15114	-1.25063	1.92769	-0.664854	-1.71407	0.341922	2.09674	
-0.0257746	0.308742	0.46388	-0.406984	0.717182	0.37597	0.0416841	0.39168	-0.435009	-0.3717	0.461098	1.21449	-0.645383	-0.0416885	-0.0751214	0.641242	1.15481	0.185456	-0.819067	-1.94666	
0.598355	-0.0808549	-1.77618	0.504817	-1.20167	-3.1842	-1.16701	-0.894151	-0.112019	1.00505	-0.979368	0.356645	0.487557	0.740529	0.0649591	-0.641181	0.14463	0.315909	0.257925	-0.713626	
0.0536018	1.04823	-1.32207	-1.37098	0.938636	-1.78069	-0.729439	-0.27364	0.094456	-1.34984	-0.638006	-0.0833196	-1.30513	-1.92133	-0.0161208	0.669016	-0.00472	3.47013	-0.268804	0.0173941	
1.84889	0.539661	0.561973	-1.00683	-1.12404	1.92542	0.380473	-1.1473	-0.350383	0.814479	0.197371	-0.812126	-0.0548007	-0.250757	0.296298	0.213386	-0.914929	-0.158396	1.00658	0.0262916	
1.69242	-0.177503	-1.14517	-2.16103	-0.0235102	0.27779	0.590799	-0.227587	-0.422471	-0.49385	0.649119	0.437189	0.562714	1.54816	-0.207386	-0.732469	1.50975	0.26467	-0.361727	-0.296286	
1.31411	-1.48364	0.622153	-0.398045	1.83693	0.211164	1.0535	0.721539	0.22977	0.0026402	-0.0256001	-2.21958	2.2976	0.81782	-0.327247	-0.388376	-1.57969	0.474598	-0.455549	-0.0240938	
0.622094	-1.92492	-0.316265	0.78592	1.99498	-2.02402	-1.03803	0.842891	1.06387	-0.725669	0.336162	0.598366	0.509917	0.504726	-0.511084	0.276598	0.339903	-1.80365	-1.77462	0.597039	
-0.561265	1.14857	-1.23414	-0.982574	0.456802	0.038783	0.137432	-1.86183	-0.499197	0.0293567	-0.418087	-0.487828	0.388068	0.0708437	-0.275693	-0.513816	1.03677	0.428476	1.18087	0.678654	
0.260538	1.96538	-0.314122	-0.180398	0.376756	-0.202363	-0.452204	-0.168721	0.25925	0.133359	-2.02341	-0.210394	-0.0868712	-0.35177	0.993616	1.60013	-0.499296	1.27797	-1.02213	-0.272186	
-0.178154	-1.81044	0.509676	1.60787	-0.643859	-0.702497	-0.567974	0.391264	-0.609733	-0.0512626	-0.0344232	0.193479	0.341564	-0.0246974	-0.573486	-0.112946	-0.547156	1.95578	-0.892111	1.23269	
1.92829	3.94389	1.42944	-4.07245	1.53065	1.61449	-1.26557	1.1034	3.11556	1.45189	-5.09399	-5.78967	-4.03644	-0.796294	-9.40287	8.09036	-0.255245	-3.53366	-5.71535	-0.607932	
-2.14298	-0.899299	-0.259204	1.18252	0.102659	0.0186606	-0.986933	0.663283	-0.541771	-0.783088	-1.27007	0.24091	0.284963	0.0325493	0.259882	2.60156	1.5667	-2.67983	1.6899	-0.343402	
-0.75668	-0.84397	0.221687	-0.466322	0.240615	-0.431174	-1.34857	-0.997478	0.833689	1.67994	0.283581	-0.408144	1.92276	0.0449056	-0.274608	-0.295386	-0.143427	0.339116	-0.728669	0.163046	
-1.94238	0.600532	1.46348	-1.25879	-0.478315	2.78506	0.405717	-0.488494	0.191941	1.1144	-0.539687	-2.02584	-0.417474	-0.691893	-2.95297	-0.399733	0.595103	-0.0802	-0.685463	1.51764	
1.63649	-1.24908	0.0569989	1.01799	-0.121559	0.0864287	0.00247209	1.17796	2.48891	-0.036651	1.3626	1.67163	-1.28344	0.977354	0.72772	1.64135	2.43929	0.5249	-0.698957	-1.00022	
0.777446	-0.33763	-1.75428	0.42534	-0.453797	-1.11099	0.155162	0.444843	0.0605072	0.545737	0.71197	-0.723809	0.639144	0.740652	-1.35172	-0.590278	1.37978	-0.717128	-0.112158	-0.482289	
1.98658	0.264731	0.50033	-0.991859	-1.62873	-0.843722	0.0752227	-1.20039	0.0303747	-0.309888	0.349646	0.882802	-0.16391	-1.61052	-1.28094	0.23059	-0.0806317	0.69472	0.267503	0.16301	
0.351449	-0.76727	0.314049	-0.640595	1.08855	0.879838	1.72594	-0.538376	0.269399	-0.232768	0.172333	0.989477	1.4018	0.887862	-0.130751	1.28687	-0.0432949	1.05529	-0.210061	0.0390391	
0.770993	-0.0826763	-1.2632	-1.29408	0.558737	-0.356018	0.736257	0.491377	0.615205	-0.537256	0.69466	0.117226	0.0220381	-0.124211	0.894161	0.614689	2.08714	-2.14675	-0.210552	0.332213	
0.334331	0.158917	0.584197	0.960556	1.13319	1.39396	-0.182121	0.500273	0.968103	-0.922432	1.47635	-0.316043	-1.66129	0.195471	1.0258	0.0398925	0.296051	-0.338698	-0.65566	-0.0619076	
-2.40141	-1.95567	-1.25253	4.60123	-1.62878	0.762679	0.394916	-0.584376	-1.50145	-2.07794	3.68286	4.02135	2.04187	-0.922166	7.12978	-5.94804	-1.07967	2.50954	1.97	1.20158	
0.802421	-2.3093	1.02316	-0.19129	1.39319	-0.162415	1.25672	-0.347845	-0.429214	0.551456	0.61729	0.484922	0.194798	0.075052	-0.33363	-0.74089	0.735839	1.48193	0.267391	-1.01174	
0.39601	1.87965	-0.896594	-0.541219	-0.92207	1.63943	-1.34795	0.759245	-0.752128	-0.449215	-0.441096	-0.151003	1.37204	0.66048	-1.26523	-0.87302	-1.50843	-1.19744	0.11214	0.571769	
-1.89374	0.753474	-0.27904	0.159268	-0.508846	-0.705533	0.202558	-0.592471	1.13667	-1.1413	-0.124469	1.0072	-0.537824	2.45212	0.56936	-0.325983	-0.570579	0.936588	-1.17297	1.33749	
