-5.61325	-0.427641	-5.08923	0.705193	5.35714	-0.160279	-3.80573	3.05291	1.88669	-5.63036	-0.938904	-3.95523	-3.96723	1.28954	1.41855	-5.36035	-3.74236	-3.26422	-2.77873	-1.83917	
24.6234	0.011838	16.5597	0.542997	-20.3118	2.11404	6.56132	-8.86251	-11.271	12.1878	-4.3928	18.7144	4.81494	-0.991293	-3.83643	18.5124	14.2322	9.56964	8.74093	8.67335	
-8.4798	-0.170642	-5.99447	0.384842	7.99808	-0.722978	-1.27663	3.44693	5.82372	-3.60052	2.68939	-6.66469	-3.71661	-0.270341	2.25457	-6.83218	-4.04182	-1.8641	-3.88203	-2.72084	
7.04197	0.498564	4.97416	-1.81805	-6.64977	2.13787	2.77915	-3.30685	-2.16887	3.36959	-1.45639	6.24541	3.10358	-0.233271	-1.53076	4.69381	3.70976	4.24348	3.46556	3.65252	
16.882	-1.78762	11.7768	1.49632	-14.4401	1.60845	3.69742	-7.90719	-7.43017	10.145	-4.35769	13.7911	4.42013	-0.94574	-4.31383	13.4959	9.99057	6.34998	4.35559	5.39726	
-2.18591	-1.04405	-3.50805	-0.0537926	3.38303	0.436982	-0.809684	3.71264	1.27657	-2.53737	0.619778	-4.11233	-1.53731	0.518384	1.00653	-4.40135	-1.71755	-1.58337	-3.89417	-1.46399	
12.2851	-0.566648	8.37929	1.91403	-13.7969	0.815583	2.71823	-7.03239	-4.92705	6.3429	-1.4306	8.8144	3.32021	-1.44186	-2.02485	9.1077	5.9215	4.28007	6.24889	6.45692	
7.35846	-0.604517	4.14448	0.631629	-4.87553	1.11211	1.06973	-4.56337	-3.51276	2.9081	-1.91759	5.7464	1.20252	-1.08182	-3.61642	5.30498	2.81721	2.78465	3.26346	1.88467	
1.28199	-0.284316	0.739231	-0.460568	-2.89463	0.876341	0.290553	-2.89032	-1.6376	1.81685	-0.530928	0.823662	-0.33057	-2.32105	-0.396445	1.44783	-2.06775	1.589	0.640296	0.0714243	
-19.1122	0.622117	-13.0098	-2.27894	13.8845	-0.797594	-4.34471	9.09487	7.79511	-11.9303	3.25747	-14.5014	-5.32077	0.564458	2.86219	-13.8046	-9.89572	-7.57288	-7.2968	-7.30069	
3.87673	-0.173342	2.72965	-0.805512	-2.43178	0.574439	2.5477	-1.4315	1.2926	3.34832	-0.998676	4.95287	1.51309	0.388304	0.186921	1.71073	-0.0531282	1.72167	0.880036	2.04201	
-18.0696	-0.545265	-11.5838	-2.74576	12.565	-0.864412	-3.83931	6.4426	7.49099	-8.90962	4.07978	-14.57	-3.89471	-0.745154	3.40004	-12.7322	-8.26487	-5.15901	-6.31424	-7.53026	
6.96049	1.80298	3.30486	-0.262054	-7.4756	-0.0309268	1.66259	-2.80353	-1.74274	3.34327	-0.944367	4.28944	2.38169	0.78557	-0.357483	4.8192	4.68205	2.3888	1.34243	3.29613	
18.4473	-2.05639	11.2888	2.30556	-14.2593	0.443089	4.12277	-7.1633	-7.42148	8.73803	-2.48483	12.6311	5.18943	-0.508251	-3.56759	13.631	6.70085	7.37998	6.96707	7.69734	
-8.40106	-0.00134932	-4.84534	-0.79223	4.87485	-1.72656	-2.20192	2.23486	2.94189	-4.70904	1.69011	-7.70969	-2.82557	0.512421	2.61182	-5.06041	-6.69128	-3.29275	-3.74674	-3.21133	
-18.0683	-0.789201	-11.4298	0.284478	15.7912	-2.64512	-2.79924	7.94576	7.12463	-9.14677	2.74783	-13.2952	-4.66759	1.62313	3.90252	-13.0915	-8.4492	-7.51816	-6.15844	-7.1387	
9.88775	-1.36519	6.90632	2.13945	-5.98102	1.22846	2.27095	-4.23343	-4.03796	5.68852	0.517367	8.0059	3.00617	-0.797401	-2.69957	8.26853	6.38128	4.35539	3.57511	1.07576	
7.8447	0.529251	5.63041	1.2074	-8.06421	1.44717	1.62276	-5.89072	-2.37528	4.43363	-1.43256	8.26975	3.14192	-0.458604	-0.0503943	8.11007	4.75876	4.30785	2.36558	2.0679	
-3.45053	-0.125333	-3.33241	-0.254127	1.46713	-0.0902982	0.188222	1.64698	1.32906	-1.1545	0.672781	-2.20672	-1.97094	-1.22602	0.981219	-1.95888	-1.09906	-0.27207	1.61696	0.0292031	
-6.78884	2.22196	-4.46732	-0.410052	8.44211	-0.287005	-1.27818	2.44059	4.32686	-4.1742	0.593877	-4.27164	0.631465	0.962596	2.45343	-6.21534	-3.59728	-2.48702	-1.58807	-0.675476	
32.213	0.0538944	21.2638	3.55169	-23.9177	3.27622	6.01954	-12.8744	-11.7737	14.5793	-3.83588	23.8132	8.11576	-0.0248049	-3.78138	25.0944	16.2992	11.1846	10.3263	12.3038	
-0.874855	0.558417	-0.0816945	0.193596	2.2939	0.138077	-1.48596	0.944813	1.34641	-1.81439	0.176652	-1.04399	-0.245392	0.30806	0.579914	0.402471	-1.5067	-1.16692	0.316118	-0.314963	
-5.95908	-0.00740813	-3.92727	0.253187	4.90224	-1.03979	-2.74449	3.5042	2.62178	-2.39167	0.695478	-3.97461	-1.81877	0.341879	2.65789	-4.93121	-2.37783	-0.757961	-3.11635	-2.56513	
-0.76928	-0.0613362	-0.214561	-0.464362	1.17428	1.24959	-0.731768	0.545095	-0.38342	0.421432	-0.0924323	0.916872	-0.468975	-1.18475	0.839329	-0.491267	-0.714956	-1.27387	0.708318	0.076643	
0.782466	-0.720996	-0.276833	1.66236	-0.826857	-0.343589	-0.636911	0.192357	-2.49764	1.59466	0.304622	-1.41589	0.0316257	1.95089	0.0265875	-2.57733	-0.246235	-1.80332	-0.598121	0.867921	
11.4995	-0.053918	7.37058	0.269797	-9.78246	2.15492	2.21363	-5.10292	-5.6456	7.25157	-1.92775	10.7211	0.720957	0.0931266	-1.19288	9.75001	4.54625	4.94094	4.88703	4.55033	
-3.87981	-1.06344	-2.54878	0.497609	3.95047	0.113273	0.0344736	1.7284	0.123413	-1.90177	1.51954	-5.47104	-2.56765	0.561885	-0.102461	-2.87909	-1.43397	-1.62772	-0.403459	-0.281546	
8.84606	-0.540707	5.46307	1.02189	-7.13837	0.186168	2.1868	-2.29447	-4.57837	3.35284	-2.07655	6.88679	2.38804	-1.39861	-2.74303	4.98023	3.14614	1.40991	2.68131	3.09586	
-13.1345	0.519425	-9.9117	-2.49675	11.2449	-1.15851	-4.34206	6.67394	5.98481	-5.32663	0.98087	-10.12	-3.17763	0.156688	2.48934	-10.3703	-6.54374	-4.90821	-5.07747	-5.85425	
7.04415	0.116188	5.61077	3.02435	-7.88987	0.761051	1.19769	-4.20719	-3.54705	5.71128	-0.118207	6.77129	1.76922	1.46898	-2.19149	6.17591	3.12593	1.7205	1.29301	2.46056	
-0.683621	-0.0195036	1.01827	1.43407	0.98828	-0.762677	1.49176	2.17123	1.53852	-0.575248	0.961893	-0.889371	-1.26283	0.0276561	0.478311	-2.47114	-0.172635	-0.190063	-0.879746	-0.876859	
21.8174	0.204083	14.239	1.33582	-17.401	2.01008	4.497	-9.49586	-8.37769	9.11705	-3.72451	18.3809	4.71986	-1.2891	-1.9527	17.3357	10.0632	7.7531	7.9117	6.14836	
-7.52055	-1.1918	-4.39806	-0.264368	6.40183	-1.03599	-1.64249	2.60881	2.9559	-2.89576	1.5554	-6.82959	-2.45827	-1.04793	1.67217	-5.4145	-3.07447	-2.74772	-3.12353	-4.50623	
-19.8979	-1.05743	-12.2986	-1.84222	16.272	-2.89198	-4.14916	8.4302	7.20163	-10.3126	2.71705	-15.4264	-3.94039	0.283067	2.85863	-13.9429	-9.57641	-6.96245	-7.58056	-7.63756	
-10.7516	-0.395413	-5.28588	-1.19915	6.00414	-0.641965	-3.44579	4.26725	2.28377	-4.23258	2.2849	-6.87383	-3.55483	1.00178	0.178824	-7.69586	-2.83833	-3.13925	-4.75089	-3.59367	
-7.39654	0.789924	-3.80024	0.958818	7.13435	-1.45404	-1.79671	2.73216	4.35797	-3.93178	0.49435	-6.35499	-1.97255	-0.141977	1.15056	-5.60134	-3.62412	-3.07481	-3.34583	-4.42694	
-4.54182	1.01763	-3.7009	-1.32639	5.07293	1.16916	-0.917223	4.02319	2.59019	-3.29661	-0.492241	-5.73833	0.716224	-0.766383	0.756845	-3.848	-3.44174	-1.96613	-2.64226	-1.75769	
3.90737	-1.21133	2.2598	-0.377241	-2.47567	0.0136219	2.31544	-3.36078	0.496458	2.12557	1.27151	4.8654	-0.377388	-0.982174	-2.17225	3.25196	2.51528	2.39447	1.38029	2.63318	
-2.69606	-0.365401	-2.66729	-0.0902846	3.75424	-0.287709	-0.690564	1.43959	1.5632	-1.61529	-1.73734	-1.44991	-1.29668	-0.761887	-1.47455	-2.88278	-1.47932	-1.65236	-1.80701	-1.55639	
11.3705	0.0223429	6.95995	1.18376	-9.32232	2.13257	2.44216	-4.81894	-2.23525	6.08062	-2.40146	7.98713	5.02424	-0.949409	-2.31681	6.59465	3.61996	2.87635	2.57155	2.84483	
-3.23534	2.10028	-1.35772	-2.38107	2.83424	-2.33028	-1.70626	1.83312	1.77351	-2.35053	-0.137479	-3.66168	0.00511188	0.6388	1.52018	-3.38622	-1.04515	0.736216	-2.51707	-2.55064	
-10.2701	0.123105	-6.28458	-1.94238	9.38911	-1.05497	-0.881609	4.49523	2.82333	-4.79009	1.44338	-9.41897	-1.28886	0.74613	1.12983	-9.80704	-5.62501	-4.33814	-3.42209	-3.32144	
6.16352	-0.531424	3.85884	1.43889	-4.7502	0.978043	1.41913	-1.88713	-2.53786	2.77949	1.4062	3.8745	1.13707	0.701507	0.0880441	4.45708	1.60469	-0.329743	2.88958	0.985725	
9.45181	-0.382034	5.00471	0.0536292	-8.11762	1.68985	1.88004	-2.97033	-4.1686	4.66173	-2.49475	5.96768	2.93975	-0.53825	-2.58441	5.0551	3.42019	3.12572	1.62903	3.57357	
5.42198	-0.387503	3.29467	0.107957	-3.28638	1.61417	0.546672	-2.05912	-2.24981	3.90624	-0.932453	3.01289	-1.46315	0.525364	-1.79048	3.25479	1.91785	0.472216	1.25928	-0.116632	
12.0509	0.0907366	6.88742	-0.126502	-10.9419	2.60169	3.24393	-4.70517	-4.4474	6.72295	-0.53088	9.22057	3.31135	-0.333897	-3.61284	9.438	5.25316	4.41478	3.74638	4.57602	
-19.3794	1.24754	-13.6649	-2.529	16.18	-1.24161	-5.01728	8.78438	9.30151	-10.4159	4.16817	-16.6503	-6.38698	-0.793101	3.8643	-18.3624	-10.973	-8.24211	-6.80507	-8.3435	
-1.40045	0.660467	-0.158059	-0.709318	1.50585	1.60867	-1.90366	-0.0997941	-1.26478	-0.176228	-1.5224	-2.4681	-1.41308	0.117497	-0.784233	-1.05269	-0.613529	0.696098	-0.182385	0.638595	
-14.0456	-0.659983	-7.35201	-1.40733	10.2817	-2.09121	-3.28476	6.1466	4.98082	-5.93328	1.67649	-9.54649	-1.20488	0.714933	1.6724	-9.76984	-5.25268	-4.04513	-4.59844	-3.80325	
10.3271	-0.725393	8.02213	0.710232	-11.7238	1.9188	3.07357	-5.11216	-2.89221	4.99495	-3.05082	8.72608	2.06024	-0.454349	-4.19659	7.36428	5.49434	4.85896	3.55995	4.78325	
0.342524	-1.28038	0.81719	1.22356	0.0974801	0.353543	-0.743619	-0.986187	-1.10584	0.807974	-0.625544	1.03804	1.51171	0.168472	1.37023	0.53043	-0.0861754	0.336162	1.01244	0.766433	
0.286939	1.32324	-0.319348	-0.407959	-2.33572	1.30041	-0.501671	0.894857	-0.0725802	-1.18453	-0.140072	1.00338	1.40833	0.119084	0.0652042	1.73265	1.06296	2.33423	1.01217	1.62433	
-8.61261	0.189898	-6.74202	-2.16585	8.82626	-1.63366	-2.3469	3.521	4.6433	-5.35816	0.451226	-7.4818	-2.03993	1.37683	1.41544	-6.61645	-4.96211	-5.49797	-3.47725	-3.21564	
13.5503	0.391254	8.5207	0.0792976	-11.2897	0.291367	3.47791	-6.45093	-3.36502	6.21329	-1.52179	10.3555	3.62192	0.224329	-1.23528	8.84834	5.37921	3.57955	4.02169	4.83801	
11.4796	-0.289068	7.87101	0.994448	-10.9439	1.83627	2.32551	-3.70373	-4.80587	5.51593	-1.43767	8.51452	1.398	0.443109	-0.229134	8.86388	6.6161	4.84998	3.21234	4.98872	
-20.4592	0.989802	-12.392	-0.900064	14.8607	-0.750414	-4.71304	10.4441	8.35398	-10.3975	2.94663	-13.8785	-4.26371	-1.65569	4.05667	-14.7478	-11.385	-8.23455	-7.36296	-10.1614	
8.48016	-1.08618	2.87664	0.99107	-7.24773	1.29576	2.07595	-4.08554	-5.30544	4.50652	0.121361	4.4151	1.8878	2.61537	-1.17608	4.98758	3.26708	2.73499	3.46106	2.84672	
-13.4302	0.783878	-8.45348	-1.08728	10.0667	-1.41288	-4.53517	6.17786	5.32838	-6.86051	3.30953	-9.27874	-3.59652	1.53375	0.916495	-7.78115	-6.25996	-5.9977	-3.97204	-6.82772	
-6.12595	0.353292	-5.90407	1.37088	5.7341	-1.53676	-0.870391	4.09246	2.09362	-2.67732	1.34731	-4.21903	-0.491255	-0.19141	1.34383	-5.38813	-4.76456	-1.319	-1.40089	-2.33177	
2.71634	-0.94699	0.605761	0.450558	0.211068	1.53935	1.26333	-0.917933	-2.25542	0.652093	0.384735	-0.489939	-0.26607	1.0376	-0.846536	1.94982	1.07202	0.163591	1.18667	-0.843417	
11.4308	0.442084	5.14055	-0.967475	-8.71642	0.213896	2.70554	-6.20607	-5.21372	5.35389	-1.88934	8.66212	4.65133	1.81518	-1.65907	7.91323	3.97517	5.03556	5.48986	5.10723	
5.86882	0.640655	4.07987	0.0129701	-4.25971	-1.80116	1.96494	-3.08056	-3.45889	4.89151	-2.46757	6.11529	-0.119838	1.56323	-3.46802	5.69473	5.91455	3.46301	1.41206	0.571071	
8.72978	0.658397	5.43931	0.571755	-3.36104	0.201562	1.56716	-4.74506	-3.41662	1.59394	-0.0486531	5.06366	2.60182	-0.13935	-1.0269	4.78182	2.06784	2.82219	1.04529	3.625	
-9.67216	0.672039	-5.72018	-1.24588	8.29905	-1.71792	-2.17288	5.5635	4.16889	-6.26253	2.35579	-5.56236	-0.555148	-0.0384637	2.6279	-6.70979	-3.56349	-3.32798	-3.47241	-4.00999	
27.2882	-1.38496	15.0354	3.29476	-21.6038	2.42579	6.88238	-13.0567	-9.31743	12.3165	-2.77051	19.1904	5.38851	-2.34669	-3.64294	19.5341	11.8029	9.08001	9.90736	11.2039	
6.25925	-2.58544	1.83	3.82464	-1.25094	2.59646	-2.05349	-0.247323	5.86014	-9.48627	7.08174	-7.41367	-1.1377	-3.26916	9.74061	-4.62669	-9.51869	-1.92409	6.84195	5.34841	
-3.45784	0.364233	-1.44313	0.426589	4.06058	-0.445116	-0.886559	2.1859	1.54588	-0.981464	-0.663112	-1.29262	-1.40561	-1.12132	0.103722	-3.56382	-0.638894	0.198821	-0.843832	-0.352451	
0.378057	-0.24009	-2.28162	-0.391666	-0.0641408	0.879651	-0.4549	-0.85251	1.54489	2.18021	1.20139	0.393181	0.549059	-1.28065	0.974689	1.08841	-0.812879	-1.36185	-0.0108005	0.137191	
1.86476	0.0341773	0.171223	-1.76743	-2.09056	-2.02531	-0.621383	0.637348	-0.396882	-0.139757	-0.218913	-0.13812	0.0488744	0.607663	0.717181	-1.40992	0.982924	0.920124	-0.423382	0.926058	
9.49063	0.784742	5.30499	0.0686607	-8.26918	1.4858	1.61467	-3.50153	-4.68814	4.19376	0.254182	7.95927	2.24555	-0.708676	-0.379347	6.55888	5.90143	2.27868	1.5148	3.90107	
-3.10604	0.25203	-3.60365	-1.69496	1.05334	-0.916925	0.635414	2.94284	2.1602	-1.59128	0.180338	-4.1701	-1.35881	1.06897	-0.716908	-3.63785	-2.03392	-1.94584	-2.00191	-2.76689	
-4.22555	-1.29864	-3.84612	-1.19429	2.2853	-0.805791	-1.49192	0.145369	1.81986	-1.56352	0.229545	-1.86858	-0.395857	-0.41496	-0.679172	-3.73631	-1.56452	-0.198196	-1.81013	-0.692271	
7.45732	-0.298324	5.22201	-1.57749	-5.83436	0.437764	2.54366	-1.749	-2.32555	4.52607	-0.0535202	6.03259	1.70404	0.492536	-0.580989	3.96035	2.7474	2.57243	2.06559	3.46946	
8.18167	-0.406105	4.07262	0.0336088	-5.66149	0.297839	1.6751	-4.71376	-1.98134	5.00653	-0.584256	6.89572	1.55407	-0.859164	-2.90309	6.45448	3.78208	3.13868	3.01171	3.28104	
4.03481	0.803213	2.00126	0.531882	-4.26248	-0.243043	2.27185	-2.36783	-1.5762	2.73347	-0.51682	4.49208	1.4005	0.628689	-0.621965	3.76658	2.52006	0.994943	-0.0850076	1.58155	
-3.94768	-0.363509	-2.27047	0.200883	6.48818	0.616899	-0.817952	2.76614	1.83202	-1.62483	0.796634	-4.8704	-1.38387	0.229217	1.50789	-4.00919	-3.10094	-2.25747	-2.93061	-2.65785	
-4.99218	1.27691	-4.57148	-1.14465	4.67846	-0.101534	-2.19783	2.42126	3.33098	-1.99076	1.54479	-4.66692	-2.42789	0.391678	0.614942	-3.61412	-1.75685	-1.16633	-2.00859	-4.72652	
10.9546	-0.130034	7.44827	3.15888	-10.0864	1.17258	2.77686	-5.16401	-4.54707	7.45951	-2.92362	9.24794	4.92849	-0.271207	-1.16235	9.0052	5.48664	6.75532	4.10625	3.76198	
-2.47196	-2.69776	-2.06535	-0.208065	5.40847	-0.962574	-3.53172	2.51245	1.51674	-2.25281	0.388314	-3.89753	-1.01119	-0.122831	2.03144	-5.24983	-1.32849	-1.11566	-1.80316	-3.10864	
-2.89124	-0.687421	-2.3045	-1.98168	2.84646	-1.83396	-1.67198	0.366732	2.60098	-1.67	-1.32411	-3.53647	1.47706	1.32784	1.06333	-2.37827	-0.726858	-1.2675	-0.955332	0.363874	
7.31004	-0.118079	6.43178	1.68585	-6.06742	0.613121	2.38003	-5.38994	-2.99156	3.05293	-1.02269	5.89316	2.99937	0.0658234	-0.133234	6.76654	3.44923	2.94992	3.23511	3.21941	
-0.251619	1.88043	0.0668975	-0.0780947	-0.81747	-1.51273	2.26916	-0.522316	-0.271501	0.80086	-1.28165	1.63748	1.31088	-1.38021	-0.998302	1.58585	0.469151	-0.649956	1.13548	0.328038	
-16.8048	-0.235932	-10.6542	-3.28522	14.7784	-0.80042	-4.9947	6.14602	6.03495	-8.59044	3.20893	-13.0236	-3.38276	-1.80797	2.60964	-13.8476	-9.6811	-5.97154	-6.06544	-5.40571	
14.1772	-0.770525	8.82961	1.40703	-10.3837	1.37812	2.88955	-5.72326	-5.55519	5.57168	-2.20246	10.4631	4.5193	-0.62053	-0.557132	10.6454	6.066	5.73704	5.48317	6.76104	
-26.197	2.23081	-14.864	-3.64968	17.329	-3.19541	-3.60941	10.2089	5.7931	-5.30676	-1.36725	-9.82162	-5.86906	1.17962	-2.2371	-12.2475	-3.97818	-8.95093	-9.70972	-12.8412	
-8.67114	0.685775	-3.82148	-0.168396	4.86833	-0.86923	-0.656473	2.43611	3.55606	-3.08866	0.0906663	-5.40946	-0.417278	0.138318	-0.704043	-6.00788	-4.43926	-2.0052	-3.23633	-1.72357	
10.015	-0.1723	6.13	-0.616658	-9.05293	0.426469	1.1611	-5.55657	-2.2432	4.79357	-4.2463	7.92027	3.20792	-0.558975	-0.179146	7.00322	3.33446	3.25298	3.7197	4.81258	
-7.93027	0.530722	-4.00172	0.437457	2.65944	0.564577	-0.681252	3.89166	2.08826	-5.0075	0.0688092	-2.90022	-2.75957	0.527587	0.153979	-3.72683	-1.90044	-2.78561	-1.29329	-0.700938	
10.5159	-1.83018	4.83281	0.929455	-3.85142	3.51523	-0.270929	-1.19929	0.0915146	-2.16975	2.22661	-1.07485	0.496424	-0.103742	4.2826	1.22501	-1.63418	1.10303	4.61296	4.92558	
-2.34812	-1.62765	-0.958626	0.683264	0.758047	1.00802	0.622083	0.986779	-0.687753	0.708373	-0.144555	-1.70752	-0.138503	0.452047	0.44564	-1.74208	-2.30885	-0.967057	-2.53179	-0.190938	
-2.08776	2.52151	-1.4982	-0.668323	1.34974	-3.17423	-0.126919	-0.820752	-1.93484	6.89423	-1.05517	4.47248	0.426146	2.50083	-3.90472	0.742379	3.67085	1.99342	-3.67409	-3.38361	
7.13537	-0.812255	4.40188	0.252874	-3.19038	0.0267256	0.931798	-3.18278	-3.70194	3.98139	0.147346	3.87556	2.31463	-0.429033	-1.83026	4.77354	1.31424	3.2074	4.66514	0.806246	
3.14609	-0.337171	1.01457	-2.13378	-0.0328364	0.866476	0.839457	-2.08796	-2.25212	0.774232	0.670747	2.2519	1.20682	0.553658	1.00105	1.8618	0.586677	0.596628	1.08289	0.454268	
-3.30561	0.0852445	-3.61844	-1.0665	2.61527	-1.36879	-1.24182	1.6953	0.215521	-2.03578	0.067506	-0.887238	-1.17364	1.71489	-0.494698	-2.94703	-0.519762	0.382536	-1.88187	0.307206	
17.0292	-0.94294	11.469	3.60863	-10.8259	3.18386	2.77179	-6.35127	-3.50546	0.813582	1.76949	4.86073	4.70971	-3.19941	2.92677	8.58285	0.696008	2.76168	7.92434	6.91468	
4.51111	0.811772	1.81156	0.194425	-4.76336	-0.65625	0.75449	-1.6162	-0.541837	2.56823	-0.345797	2.32385	-0.120114	-0.975679	0.666823	3.48569	1.41144	2.29793	1.99127	2.38846	
-6.04778	1.56119	-2.83116	-0.0597955	4.48788	0.50548	-2.08999	1.2374	1.56491	-3.01139	0.254479	-4.06116	-0.659644	-0.50746	2.80107	-1.21706	-4.22011	-0.706183	-2.7038	-2.63519	
3.74636	-3.75704	-2.42822	3.60443	2.20447	4.86739	-4.00091	-0.846142	5.81741	-15.604	8.03038	-15.1401	-1.22104	-3.09135	10.2467	-10.0688	-18.7155	-3.70395	5.73339	6.78216	
-3.80389	-4.44631	-4.60853	1.39282	6.91769	0.942676	-2.94518	2.07897	6.99964	-14.2756	5.96731	-12.2219	-3.61387	-1.91594	6.09287	-8.98568	-10.5915	-6.9151	1.07022	1.88863	
14.0153	-2.13651	10.1309	0.797774	-12.756	1.89264	2.85198	-6.85068	-6.52144	7.06301	-2.37591	11.7953	2.97509	0.426092	-3.05064	10.8257	6.6589	4.18406	4.40013	6.92552	
0.417099	-0.188631	0.138552	-5.52542	-1.95027	-2.01258	-0.295071	5.00066	4.09408	0.428725	6.8952	-1.43069	2.21489	2.34799	-3.57276	-3.14049	1.12634	4.6383	-3.82933	-3.62527	
0.234311	1.5237	-0.0499031	1.24509	-0.421092	0.536504	-1.9079	0.87308	0.928163	0.0999953	0.0528773	-0.760748	0.453933	0.922699	-0.698135	-1.99626	-0.0946795	-1.64257	-1.04822	0.111599	
1.77098	-1.03348	0.584914	-4.26492	-1.07724	-2.36973	-0.320687	2.91065	0.44679	0.716568	2.66792	-2.68206	-0.361103	2.76104	-3.63212	-1.89808	-1.8725	2.12984	-2.52983	-4.26048	
-0.260628	-0.0144707	0.666092	0.735658	-0.745508	0.936034	-0.0596813	2.18063	-1.19525	0.723023	1.58353	-1.1703	1.45667	-0.451951	-0.416486	-1.04295	-0.725429	2.27366	-1.24013	-1.60749	
1.42048	-0.118659	1.61668	-3.17342	-2.49389	-1.30327	0.650079	5.70491	-1.05976	0.91394	4.26835	-0.913639	0.649538	-0.57087	-3.04595	-3.27067	0.416562	4.33522	-3.9886	-2.94747	
-1.56201	-2.12576	-2.38748	7.55648	3.84721	5.56243	0.417434	-11.6943	-3.88256	-0.256706	-7.08868	3.37025	-1.38593	-4.78878	5.24319	2.88577	-0.753616	-8.3691	7.28665	3.85642	
-0.401369	-1.54933	-2.54594	5.67437	3.30655	2.14522	2.38275	-8.67574	-3.09281	-0.916551	-8.22446	1.86912	-1.20247	-3.38992	6.78031	3.78908	3.22568	-4.97127	6.11737	4.11975	
-0.536825	0.0919254	-0.517914	3.37449	-1.37862	3.32003	-2.0146	-6.82015	-1.28976	0.857696	-2.93039	0.416583	-0.081188	-3.32624	2.9495	2.08842	1.29884	-4.23797	3.33768	3.02651	
2.05898	0.795888	2.53522	-8.83394	-5.97549	-3.88831	-0.474671	11.4854	2.42739	1.34809	9.38518	-2.57861	1.19283	6.21813	-7.71745	-3.75843	0.256645	9.07796	-7.78333	-5.19402	
0.226354	0.0529407	0.483391	2.49872	0.562114	0.478549	0.852371	-4.6721	-1.28801	-2.49997	-1.36441	1.26508	-0.0683911	-1.64105	0.785793	0.679285	-1.09499	-0.90627	1.27219	0.947427	
0.405292	-2.79791	1.04269	4.419	0.130558	1.00142	-2.58438	-3.98592	0.134444	1.98249	0.1937	-2.60742	-1.08798	-6.55132	3.23921	2.68803	1.54735	-4.21469	1.78559	-0.471051	
-0.697221	-0.839394	-1.15656	3.83853	0.895442	1.37095	0.976947	-7.47909	-1.70282	-1.03263	-4.05243	2.59173	-1.87069	-1.01239	4.36875	2.29735	0.690103	-4.47318	5.18911	3.88216	
-0.628779	-0.1215	-1.06215	-1.74182	-0.0846867	-0.732269	-0.43345	3.87148	0.51187	-0.125051	4.08931	-0.728447	0.974284	-0.810903	-3.49404	-1.79437	-0.431063	3.83566	-2.99273	-0.868161	
1.6575	1.86226	1.26843	-3.27708	-1.43192	-2.49147	-0.519219	5.67122	4.13912	0.695893	1.53578	-0.886406	1.24521	1.64964	-3.65112	-2.11096	0.569562	3.68653	-4.88246	-3.18153	
0.687837	-0.220276	0.58843	-5.5894	-2.63741	-0.997018	0.743364	7.45776	3.79863	-0.534195	5.84272	-1.98262	0.825685	3.16438	-3.46108	-2.55785	0.749338	5.9397	-6.18699	-2.19101	
0.349401	0.414904	2.05662	-4.15107	-0.0552414	-0.569637	0.806964	5.66184	2.22401	0.101176	3.23731	-1.15692	0.476318	3.00558	-3.4816	-2.02791	0.417458	2.65041	-4.35453	-1.30693	
0.0826143	-2.25391	-3.82377	0.908339	-0.454347	-0.517795	0.299057	-4.73098	-2.91639	-1.48555	-5.14033	0.0146134	1.19251	0.313461	2.59528	2.06229	0.0946312	-2.58339	2.47181	3.5841	
1.17454	2.15686	0.27549	-8.06597	-3.31425	-2.55964	0.4055	11.4342	4.82292	1.32791	9.42409	-3.66795	3.91807	4.31433	-8.10185	-3.5609	0.349803	7.74748	-8.69995	-6.64542	
-0.222491	0.724128	0.870954	-4.62056	-0.209016	-1.99716	-0.576606	4.44673	-0.464749	0.26386	1.91232	-1.13872	0.272742	1.2199	-3.11895	-4.07176	0.717838	4.36564	-3.3473	-3.39245	
-1.58622	0.590466	0.0145642	0.78968	0.381864	2.45333	-1.10972	1.125	-0.83784	0.52492	-1.74292	1.22472	-0.0829179	-1.49954	1.06828	1.58907	0.680506	0.210094	0.993385	-1.49464	
4.41868	-3.28087	-4.19886	0.826885	-2.2684	-5.826	2.86634	-7.48208	-10.3184	-2.6652	-2.60804	0.613017	2.33565	0.574589	-1.15387	0.336928	0.885799	-2.0365	0.573385	3.96278	
0.61262	0.446357	3.20434	-9.05314	-5.72713	-4.21336	1.66432	11.2993	4.8617	-0.688274	8.69992	-2.07438	1.59231	5.50706	-6.15957	-5.28774	-0.147157	7.06137	-6.9379	-7.01841	
0.260549	-1.17911	1.64029	-4.1752	-2.9056	-1.21535	-0.893443	5.25245	1.93579	-1.31632	4.5841	-1.26288	-0.392221	0.853104	-2.96279	-2.26788	0.825938	3.19348	-2.55727	-1.79871	
-0.773105	-0.926432	0.270318	-0.93677	0.357481	-0.462689	0.456817	-0.0164277	0.160133	1.04866	0.983509	1.28728	-0.936471	0.00895201	-1.0485	-0.431153	-0.261096	0.12189	-1.13858	-0.000807332	
1.34663	-0.941572	0.618021	-5.40302	-2.31113	-2.4138	-0.348616	4.48259	1.66608	1.72634	5.5558	-1.6312	1.95543	2.45607	-5.47717	-1.04496	-1.25769	6.30013	-3.18691	-3.47714	
-0.342249	-2.21706	-1.62321	6.40678	1.60198	1.34151	-0.363222	-6.7638	-2.45196	-1.71024	-5.66427	3.75462	-1.49556	-2.65176	4.38667	1.95103	0.546779	-3.03231	3.91111	3.27061	
-5.22452	1.79218	1.49952	5.77926	5.20563	5.23134	-2.65873	-1.73119	3.34801	1.63275	-3.04479	-0.929312	-4.72045	-5.3425	6.81171	2.16288	0.44573	-2.91586	3.41975	-0.77033	
0.961329	0.804657	1.871	-5.94032	-2.03784	-1.86129	-1.54762	6.40178	2.58593	1.06348	3.83735	-1.78032	2.1523	2.40102	-4.05391	-3.29599	-2.16071	4.9674	-3.28311	-3.83102	
0.89268	-2.83367	-2.51449	6.38885	1.85117	2.56515	1.64376	-8.46306	-2.53318	0.317119	-3.71041	2.37031	-0.453431	-2.36661	5.31626	3.80287	-1.69634	-5.31802	5.69532	2.06243	
-1.85465	-0.687337	-2.29133	3.99783	0.198584	3.16423	-1.10277	-7.02611	-3.07396	0.391796	-3.54993	1.55062	0.807058	-2.78984	3.51283	1.85806	0.291853	-3.90198	4.18537	1.00435	
0.949691	0.936174	-0.125306	-3.59991	-1.65828	-1.21462	1.1185	4.01791	2.33382	-0.943756	2.49687	-1.85163	0.31119	1.44622	0.5734	-1.79522	-1.91909	2.49037	-0.33842	-3.5824	
0.948079	-0.48608	-0.364116	2.05362	1.32609	0.575921	0.371477	-2.80071	-1.91036	-0.281198	-2.18179	0.813902	-0.56609	-1.36114	2.00959	0.280728	-0.200287	-2.52815	3.08313	0.653389	
-2.71719	-0.569035	-0.693982	-1.75417	-0.438887	-0.585865	1.1945	0.70279	-1.10281	1.05738	-0.52823	0.84056	1.79339	1.23812	-0.0937969	-1.31033	0.781443	0.946346	-0.538172	-0.260012	
1.38346	0.102705	0.924886	-3.12711	-1.08911	-0.83058	1.01147	4.47041	2.23414	-0.300969	4.28188	-3.3175	0.339469	2.66375	-2.88706	-1.21387	2.52948	2.85779	-1.59305	-1.62206	
-0.828521	-0.331012	0.150116	-2.84161	0.759663	-0.785015	-0.675471	0.600365	2.27604	-0.572373	2.05162	-0.271639	-0.712634	0.0452057	-1.27209	-0.0436227	-0.420945	1.91124	-3.10717	-1.51936	
-0.17042	-0.0813424	1.27733	1.04353	1.79283	1.12896	0.0910112	-3.00692	-0.938073	0.651856	-1.80482	0.0308429	0.934786	-2.17855	2.07094	0.44384	-1.05084	-2.03651	2.07358	0.532755	
0.257313	-1.31582	1.81506	-4.79819	-4.05606	-0.468807	0.399041	5.47931	1.66793	2.50452	5.32114	-2.29426	0.957067	3.31941	-4.7626	-2.92192	-1.5669	3.87449	-4.86147	-2.96789	
-0.683401	0.636387	-2.71387	2.59172	1.28675	1.15299	2.06535	-4.59495	-0.804555	-1.54885	-3.39882	0.146271	-0.495857	-0.986436	4.5185	0.833048	-1.77708	-1.97439	3.30477	1.58231	
0.0779808	-1.96835	0.485247	-1.97586	-1.20867	-1.79348	0.594425	4.25485	1.85444	1.87806	3.04269	-0.707663	0.165831	1.9302	-2.54825	-2.48913	0.984627	2.45415	-2.84911	-2.55215	
1.49683	0.370688	1.4851	-8.66558	-3.37832	-4.05401	-0.917856	10.7401	3.83368	0.681555	7.98858	-3.43993	2.76033	3.57956	-6.53475	-5.43746	0.754818	7.09046	-6.94056	-4.78982	
0.302633	1.09213	2.31094	-1.79504	-2.9566	-2.4493	-1.44137	5.68172	2.22692	0.968337	4.84635	-2.4816	1.64637	0.940417	-1.56219	-2.6559	1.21589	2.64339	-1.655	-2.40471	
0.194172	0.54462	0.83363	-0.62657	-2.60015	1.35235	0.638575	0.776597	0.581407	-0.487009	1.96008	-0.837637	0.323285	-0.772554	-0.227117	-1.15909	-0.120306	1.47804	-0.320996	0.16529	
-1.73245	2.21217	0.479279	-4.36168	-0.641289	-0.269637	3.18271	5.04285	1.08122	-1.7666	1.27082	-0.298727	0.356623	8.08809	-2.46844	-4.58313	-0.620887	3.87244	-0.430325	1.37564	
-0.124283	0.599465	3.67167	-3.08173	-3.52156	-1.15976	0.938269	5.08722	2.27774	0.932216	2.32421	-0.520184	1.53234	0.430299	-1.71513	-1.90144	0.945401	2.57198	-3.566	-0.933843	
0.685127	1.09473	-0.122423	-2.97864	-2.17082	-3.86459	1.37564	3.82272	-0.198968	1.31823	4.37257	-3.2478	0.402181	0.784917	-1.57763	-1.94049	0.386118	4.42178	-3.38261	-4.03383	
-0.667194	-2.41441	-0.51453	7.0468	5.58494	3.01479	-0.807268	-7.98095	-3.3126	-1.21177	-6.09634	4.61261	-1.84893	-3.55437	7.04634	1.59418	-1.11494	-5.25682	7.68657	5.56138	
0.94672	-1.89894	-1.06411	1.24862	1.72811	1.91107	-0.837106	-1.43833	-3.10456	-2.29487	-1.14534	-0.301931	-1.88914	-0.72544	1.62572	1.28602	-1.40828	-0.721739	1.02013	0.419032	
0.33328	0.36583	0.456344	-0.369565	-0.296097	0.919642	1.13615	1.65411	0.787377	-0.556371	0.524319	0.755595	-0.336546	1.67063	-2.66923	-0.773503	-1.07215	1.7537	-1.89589	-1.45542	
-1.45185	0.135985	0.91382	-3.34679	0.323462	-1.40253	-1.02982	3.85063	2.47114	0.623547	3.41828	-0.861507	2.30899	1.05759	-2.30695	0.313493	1.16186	2.332	-0.313945	-2.60125	
-0.116821	0.734942	-1.05948	2.37265	2.43723	0.385328	-0.414171	-4.13494	-1.45155	-1.85463	-4.72581	0.737433	-1.21686	-1.80109	2.60376	3.04677	-0.293047	-4.24425	4.70373	4.03384	
1.45229	0.503847	1.8787	-7.13562	-4.21089	-4.08791	-0.475693	11.7007	2.86124	-0.317426	8.1693	-2.28571	2.18116	2.90073	-5.73766	-3.88913	-0.693583	7.48377	-5.92631	-6.21593	
0.437501	-0.670963	0.00989571	3.63432	1.5714	0.996718	-0.177487	-3.06668	-3.98584	-0.778778	-2.15777	1.5829	-1.48442	-0.909805	3.38237	1.57652	-0.63091	-3.61164	1.30632	0.912668	
-1.9757	4.44226	-5.26183	1.85532	3.86857	9.13157	9.94846	-7.43341	-1.48279	-6.78271	-9.63605	10.8999	0.0880543	10.0148	3.35142	-2.13165	-3.30653	3.25393	4.28828	11.452	
-2.71353	1.16042	1.2589	7.01779	2.83905	6.47437	-1.2034	-7.39036	-1.27677	1.99382	-5.61761	2.4513	-3.97386	-5.76701	7.26037	4.83734	-0.853937	-5.41706	4.20051	5.1428	
1.66654	0.179468	0.0723986	-2.28707	-1.48182	0.125213	0.101417	4.03166	1.34543	0.367937	2.22196	-1.6012	1.11601	2.50933	-1.39328	-0.927212	-0.803011	2.77148	-2.57625	-1.80843	
2.98132	-0.999395	1.50934	-9.82545	-4.74322	-4.85785	0.460988	12.0818	0.234322	-1.35961	7.71994	-2.68843	3.53255	7.90004	-7.29424	-4.74371	1.48545	8.26983	-9.08368	-5.30382	
-0.121834	0.648932	0.32285	-0.0433831	1.49406	-0.113614	0.0642839	-1.96286	-0.106845	-0.554101	-0.961382	0.338448	0.766783	-0.402265	1.29274	-0.238926	-0.438044	-1.16256	0.59606	3.36209	
-1.77784	-0.0210858	-1.51406	5.05939	4.4532	3.02758	0.568862	-6.98453	-4.88109	-2.70148	-6.68043	2.98038	-2.67667	-4.80012	4.82157	5.2278	0.674937	-6.86819	4.63838	4.32054	
1.1149	0.0607691	-1.32871	5.90301	1.95859	3.14524	0.473107	-5.72948	-3.31449	-1.8432	-5.10785	1.1315	-0.897721	-3.42188	2.98379	5.09383	-3.98522	-3.10879	3.26291	3.42612	
1.17811	-1.11448	-2.57844	-1.68057	-0.658168	-3.79362	0.765571	-4.10827	-3.23675	-1.4496	-0.86344	-1.20001	0.94703	1.19765	0.971756	1.70049	2.44976	-0.477712	0.452862	2.53572	
-1.99853	2.71724	-0.155406	0.216925	0.878667	2.96719	3.6741	-0.788047	0.780234	-1.50879	-5.17977	3.43826	1.99262	4.42022	0.834263	-0.279952	-5.01412	3.87012	0.730648	6.28497	
1.57179	-0.478149	-0.445527	0.78969	-0.237688	1.86541	-1.08494	-4.767	-2.05196	-0.991614	-2.10223	0.673377	-0.95469	-1.14048	0.900927	2.69522	-0.176519	-3.29641	1.70794	1.94897	
-1.04726	-1.82659	0.259385	-0.530692	0.511058	1.12902	-0.733239	0.771673	-0.0886534	-0.795682	1.07325	-1.6895	0.536959	0.171071	-1.17366	2.33465	-0.486203	0.947396	-0.0209301	0.539572	
-1.11441	-1.34746	0.185763	-3.7678	0.584159	-0.183603	0.279767	0.587844	0.200143	1.19117	1.82962	1.30722	-0.821174	1.39016	-0.135244	-2.3411	2.17065	1.74076	-2.22348	-0.157335	
-0.694193	-2.26802	-3.03668	12.3678	4.11305	3.82887	2.05418	-17.6346	-4.77278	-2.118	-12.3064	6.15533	-4.0521	-6.87114	9.52682	5.6674	0.235328	-9.78362	9.89815	8.37428	
0.683444	1.25889	1.22751	-5.83925	-1.44327	-0.511667	0.108956	5.38312	3.91981	0.96684	3.40998	-1.2965	-0.58676	0.822475	-1.4146	-2.44508	-1.52444	4.02526	-4.01844	-3.24813	
2.07319	1.55074	3.33375	-10.7606	-5.73226	-4.00733	0.61094	15.3375	3.82576	2.47336	11.4581	-4.59547	3.11721	6.93315	-8.00207	-3.9916	-0.969635	9.65081	-9.37183	-6.47208	
0.930877	-1.06006	-0.599517	0.00594776	-0.131018	1.7826	-0.67936	-4.11714	-1.18929	-0.155262	-0.521152	-1.27773	-1.17458	-1.84506	2.12856	-0.411858	0.163696	-2.04345	2.58503	0.507353	
2.39008	0.927714	-0.457264	-0.0830949	0.000478267	0.112959	0.161132	1.10115	-1.25949	0.956285	1.94866	1.05642	0.703445	0.826015	1.20526	0.80023	-1.98321	0.279863	-1.12839	-1.13632	
0.965053	-0.169788	0.935041	-2.32576	-1.47878	-0.0468902	-0.420537	4.70375	2.54064	-0.225145	1.55105	0.0473293	3.22617	1.15741	-2.5744	-1.50184	0.920049	4.11644	-2.35839	-1.89923	
1.73261	-1.61543	-2.99037	2.37931	2.94726	-1.2145	1.26235	-8.72563	-6.72792	-1.05529	-4.67643	2.56281	1.41397	1.04536	2.8246	1.09367	0.839705	-3.61922	2.17642	5.80565	
0.338018	-0.971303	0.717237	-1.93	0.0272936	-0.442118	-1.18676	3.14838	0.592442	0.861647	1.69263	-0.849309	0.457935	0.648549	-2.43128	-1.24438	1.16252	2.16764	-1.81058	-1.26206	
1.39519	2.16675	2.24256	-6.81106	-2.39737	-2.05504	2.0723	4.56159	2.01806	1.64402	3.3422	-1.51722	0.837653	3.88345	-3.1256	-1.19426	-1.52618	5.35369	-2.71401	-3.51475	
-2.9238	0.225212	-2.96985	7.11631	4.65297	1.91328	1.03975	-9.24692	-3.29933	-1.85431	-5.27586	2.10308	-0.129907	-5.86171	4.30558	3.72754	-0.261644	-8.53315	7.12874	3.85645	
1.7054	1.56707	0.391708	-0.0489749	1.4289	-1.41567	-0.433445	0.00604849	0.903171	-0.88781	0.273722	0.216729	1.75595	1.53317	0.711495	0.347561	-0.722216	0.484661	-1.48229	0.034121	
0.562973	-2.12074	-0.91597	3.12694	2.68624	2.26248	0.232531	-8.42159	-3.69486	0.273399	-4.78027	0.422973	-0.0299108	-1.1971	2.78655	1.51466	-1.31718	-5.2065	5.36905	3.60583	
0.306558	-0.0358621	2.41387	-7.06501	-2.91795	-3.74409	-1.27993	10.7336	4.14174	0.668501	7.65078	-2.10269	1.47999	3.4856	-8.65387	-5.32282	0.126568	8.36195	-8.51609	-5.55899	
-0.0718215	-2.35656	-1.25664	8.12219	6.21056	5.27244	0.610493	-10.1468	-3.44607	-2.31146	-9.40707	2.81212	-4.57159	-5.54629	7.67936	4.70523	-1.37142	-8.79205	8.16508	5.30417	
1.16358	0.583815	2.12967	-4.9043	-1.51715	-1.23228	-1.03626	6.45771	1.84071	0.838166	2.87536	-1.73934	1.96377	3.47944	-4.7462	-3.07769	1.18412	5.79788	-3.622	-3.02222	
2.80569	1.76796	-1.25296	-3.08894	-1.0288	-1.83724	-0.357729	3.1809	0.257999	-0.731034	1.8492	-1.79269	-0.238339	0.902812	-1.134	-2.80627	1.58452	2.06959	-2.4907	-2.65887	
1.0777	1.5622	2.19843	-9.69339	-5.32081	-3.08389	-0.911265	13.3432	3.13123	1.46788	10.019	-4.34118	1.18674	4.97541	-6.32436	-5.24483	-0.987088	9.78911	-8.60429	-7.77345	
-1.37843	0.0678543	-1.25213	1.87109	2.41108	2.2123	4.66382	-2.73146	0.00896912	-2.7616	-6.06051	3.26454	0.040637	4.83056	1.15123	-2.28417	-0.653322	0.618981	3.46661	6.94444	
0.113773	-2.93903	-1.58648	3.98659	1.95894	0.507832	-0.738656	-7.4604	-4.46721	0.875191	-2.61446	-0.29163	-0.58372	-3.39584	3.5876	3.75843	-0.506268	-7.3807	5.94728	3.91335	
2.58717	-1.78831	-0.917596	3.69519	1.34307	-0.618451	-3.06016	-5.31659	-2.76974	1.24313	-1.69814	-2.79271	1.07643	-5.68335	3.95704	2.83318	0.0648565	-2.71543	3.52793	-0.283404	
-1.56777	-1.70538	-2.92744	12.6659	5.77467	3.58472	-0.320883	-13.984	-4.27915	-0.667542	-10.5739	5.42419	-1.17492	-5.37064	8.09728	5.45341	-0.586457	-10.2879	7.95679	7.90577	
1.5085	-1.41594	-0.878952	0.896822	-0.183532	1.14793	0.817044	-4.8388	-0.395101	-1.45276	-1.42772	0.112323	-0.230776	-1.57854	2.8625	0.841427	-1.5596	-1.34733	1.09577	1.15731	
-1.30464	-1.22438	0.0274576	2.83768	4.68035	0.726475	-0.937709	-5.28783	-0.596365	0.454203	-3.84955	2.69938	0.579036	-3.27436	3.16268	1.07635	-1.51128	-1.55143	1.90354	1.90993	
-1.36926	-0.47458	-1.83404	3.5034	-0.751832	2.13078	-0.0627423	-4.11461	-1.67298	-1.39911	-2.61886	1.48544	-0.351323	-0.458671	0.228331	-1.5972	-0.55513	-1.97589	1.34467	1.5043	
0.413922	-0.0924426	0.925735	-0.731702	-0.349502	-1.28488	-1.31129	1.71023	-0.1203	0.23217	3.49963	-1.66892	0.58859	-0.0769084	-1.261	-1.10299	0.235223	0.559106	-1.14639	-1.27448	
-0.488456	-1.49234	-1.90759	6.55547	1.18699	1.08634	0.509117	-4.70254	-0.403982	-1.54821	-4.69729	1.04761	-1.95717	-1.1525	2.68961	2.51233	-1.27642	-2.3475	5.82406	4.19799	
-1.671	-0.539088	-3.10254	5.82004	1.15029	2.63509	1.47721	-6.88468	0.119065	-1.76065	-3.28362	0.56337	-0.718613	-3.56654	2.19785	1.35707	0.767773	-5.07375	3.64321	1.84829	
-1.57842	-0.16947	-2.97242	6.54904	3.21365	1.18868	-0.263433	-8.74857	-3.36205	-1.93492	-5.89276	1.91893	-2.58045	-3.98786	6.15198	4.06719	-1.5425	-5.18701	7.27456	4.44611	
-0.0467915	-0.218477	-2.46793	7.48723	2.50857	2.82455	1.14477	-10.9348	-2.36265	-1.02138	-7.27708	1.73797	-1.01419	-3.20724	5.02165	3.24982	-0.795168	-7.16685	6.71879	3.59972	
-4.92851	2.16635	2.69408	7.67636	4.87916	4.83651	-1.25628	-3.66527	4.68555	1.32226	-4.33048	2.74856	-4.62698	-5.74274	6.86295	4.39381	-2.4076	-4.87074	5.09034	0.381049	
0.501549	-1.4366	-2.39847	0.54743	-0.454099	0.134456	-0.752556	-1.09119	1.12474	-1.27947	-0.378105	-1.55891	1.04965	-0.77611	0.868733	-0.396251	-1.33762	0.0377725	-1.81681	1.58066	
1.60923	-0.334239	1.44791	-4.60605	-2.13216	-1.79596	-1.48985	7.31731	2.85313	0.52563	3.41863	-2.66949	-0.344353	5.85574	-2.09759	-3.79885	-0.219187	4.52756	-4.49679	-3.60748	
1.9136	-1.88957	2.19587	2.85949	0.123752	0.142793	-2.61125	-3.24439	-0.364484	1.78083	0.527688	-2.94083	-1.01611	-4.12709	2.83093	3.20146	-0.215051	-3.97195	0.327904	-2.03956	
-0.219776	2.85989	3.09901	-7.67484	-4.28776	-3.66735	-1.86123	15.416	4.5885	1.81596	9.99235	-3.29845	1.29427	6.97195	-6.29426	-3.66835	0.821619	10.0754	-9.38473	-5.12158	
1.98824	0.0988271	1.4139	-2.76826	-1.44851	-2.83188	-0.352721	5.30657	2.01047	1.39292	4.01003	-1.78304	2.44768	4.32604	-3.44521	-1.8432	0.625847	3.15714	-3.87003	-2.29207	
-0.293549	-2.60423	-3.70882	11.0803	6.28935	1.76082	1.65488	-11.9182	-5.25733	-1.17196	-8.29911	4.995	-0.686938	-4.46847	7.16692	4.69879	-1.0476	-10.2843	10.6409	8.6465	
-0.590518	1.77149	3.52914	2.18155	-4.43193	0.632051	-2.64261	7.65014	-6.87279	-4.45416	1.35224	6.24839	-5.75212	7.998	-6.84206	-7.0859	-3.80274	2.51731	-1.82647	8.19238	
-0.596828	-2.3399	-1.0511	-1.36921	0.169376	-2.06221	1.53616	-6.24183	2.49908	2.15463	-0.785801	-4.38438	4.0738	-5.89121	2.8655	4.99955	1.79623	-2.14603	1.28461	-5.23797	
0.982429	1.70368	-0.392472	-0.220806	0.27777	0.418196	-1.24825	2.55825	-2.29717	-1.68363	-0.0321681	0.35693	-3.85723	3.11286	-1.18726	-0.393874	0.0326376	0.347523	0.391611	2.77048	
-1.41944	-2.03915	-3.74556	-1.37992	2.22706	-1.03016	1.25422	-6.22587	2.36667	3.59455	0.418498	-0.671449	1.35411	-5.16616	2.87325	5.7225	-0.788901	-4.01881	2.24687	0.0258405	
2.13606	-5.49575	-4.29654	-3.96166	1.4665	-4.04322	3.74884	-12.9097	8.02502	6.41444	-0.192652	-8.2756	8.84989	-10.9393	6.59425	9.41759	6.77012	-4.15563	2.81456	-13.4562	
-0.961365	0.524107	-1.84721	0.264612	1.03229	-0.377247	-1.25212	0.652438	-0.66394	0.766252	-0.0561467	-0.606507	-0.362576	0.602395	-1.32817	1.75243	-0.135957	0.0189459	-1.71414	-1.69111	
-1.45234	0.830385	1.19139	0.923177	-1.39666	0.982887	1.03963	0.471091	-0.292124	-0.844554	0.79032	1.26628	-0.0382379	1.00576	-1.22761	-0.980496	-0.209615	0.762238	-0.268319	2.08739	
0.514019	0.248235	-0.214322	-3.99378	0.895756	-2.5799	1.69101	-6.24255	1.7802	3.32299	-0.57868	-3.29421	3.08661	-3.90634	5.1409	3.93138	3.63217	-0.917005	1.09804	-7.25768	
0.262608	-5.25629	-6.16151	-6.40473	4.75825	-4.04483	5.25411	-14.8604	7.50557	6.7888	-1.50323	-10.0346	9.6812	-13.4707	8.84349	10.4877	6.1905	-1.64932	3.7398	-14.6836	
7.78003	-4.13262	-7.06777	-7.21321	-5.56081	-8.14133	5.90309	-5.66535	-7.35368	-0.993099	1.38731	-1.91867	7.09631	4.41084	-4.07593	-0.247899	2.95963	-0.31164	-2.23448	-0.985222	
0.510551	-1.0512	-1.69717	-1.80839	1.92809	-1.5271	1.5536	-4.39069	2.88179	0.99277	-0.652288	-1.55602	1.38072	-3.89577	2.625	3.37579	0.883018	-0.049401	-1.73214	-3.28403	
-1.47377	3.54051	6.08678	6.02859	-3.98834	4.52462	-4.31526	10.9339	-7.57289	-6.73471	2.50133	7.38469	-9.0449	13.686	-7.74437	-9.62408	-5.70884	1.90004	-3.02175	13.0381	
-0.521462	2.87676	2.22858	4.11949	-3.12773	1.58825	-3.795	8.03741	-5.19322	-3.86593	0.0864234	5.05302	-5.6785	7.01612	-4.16728	-6.13583	-3.16885	1.08802	-3.44287	6.29785	
1.31903	-0.215237	0.933629	0.684338	-0.0810095	2.08	-0.211332	3.43185	-3.30108	-1.11743	1.63815	1.61848	-1.03874	3.30688	-0.290872	-1.90628	-0.794607	0.61689	-1.667	3.46719	
1.32252	-0.991206	-0.478278	-1.04506	0.11632	-0.773414	-0.670124	-0.703796	0.479678	1.30598	1.37158	-2.19833	2.27219	-1.19448	0.0945236	1.82909	1.33709	-0.649915	0.249228	-1.50961	
-0.485773	-2.16373	-4.8248	-1.61027	3.52988	-4.13724	1.86512	-7.34756	5.75152	3.06484	-0.714646	-4.85178	4.1213	-7.30963	4.69145	4.74674	3.00623	-3.12019	1.56278	-6.5561	
0.770258	0.687659	3.39396	1.59187	-2.04466	0.112622	-1.34008	5.01087	-3.21562	-3.86268	1.75835	3.39515	-3.77876	4.14366	-2.20659	-3.56676	-2.70063	1.76347	-2.125	5.32469	
0.0177487	1.74627	1.74443	1.61589	-2.53082	1.93901	-2.25242	4.8673	-3.02808	-3.70151	0.531891	2.22452	-1.5974	4.04958	-4.35317	-2.77901	-1.22748	2.15368	0.422871	4.23188	
0.662072	0.767468	-1.77032	1.04597	-0.729537	0.556601	-1.5512	3.07186	-2.83574	-2.46454	0.713061	1.5502	-2.69787	1.07087	-1.7028	-1.6711	0.285024	1.09502	1.22059	-0.349009	
-0.889972	-2.12599	-2.31349	-3.62107	2.92681	-0.195726	0.576397	-6.61683	5.09081	3.55754	-1.02202	-4.33728	5.80378	-7.27515	4.21753	6.42926	4.67744	-2.44897	0.902459	-4.91518	
0.293018	1.26356	1.56356	-0.0542657	1.61661	0.145667	-0.276004	1.3771	0.177473	-0.46784	0.00242176	1.66969	-0.70547	-0.330043	-0.832879	-1.70978	-1.74898	1.00279	-1.85965	1.44829	
-0.870314	0.749453	1.03217	0.52686	-1.28356	-0.0673642	-1.84342	4.78478	-2.84717	-2.98082	-0.714523	1.65601	1.19453	3.06238	-0.531006	-2.58211	-0.635512	2.69843	-2.12971	4.61573	
0.0044387	2.56988	5.15159	7.13528	-3.76845	3.18877	-4.39974	12.2312	-8.54146	-4.67538	1.42239	6.86332	-8.12709	11.9757	-6.87745	-9.17429	-4.49224	3.30827	-0.980488	11.8508	
-0.858285	-1.49721	-3.41464	-3.42275	0.954567	0.895425	1.23284	-5.21681	4.01951	2.86637	-0.752829	-5.24938	4.42182	-6.40581	3.13367	5.77265	3.36246	-2.31968	1.44895	-7.56821	
0.526395	0.502668	0.620264	1.66653	-0.593585	-0.200205	-0.345414	-1.03886	2.63581	-0.180198	0.594398	-1.5218	0.24565	-1.17337	-1.0681	0.321526	-2.16313	-0.139297	0.704918	-1.7863	
-0.303979	-1.76685	-2.66752	-2.27631	3.44358	-2.04918	2.2706	-5.90379	2.18336	4.77951	-0.769551	-4.84201	3.85725	-5.95023	4.61652	5.13919	2.83758	-1.33142	3.22032	-5.99045	
-1.84911	-0.319595	-0.130028	1.69535	0.0170149	0.546401	-0.919866	-0.138618	0.219082	-0.111501	-1.38143	0.0593737	-0.612913	-0.762767	0.352454	-1.44327	-0.813779	0.0280362	-0.06752	-1.06514	
0.842975	2.58024	0.76133	0.319576	-1.59572	0.887615	-1.92039	4.12188	-4.60238	-0.176491	-0.525171	1.72097	-2.9834	3.10223	-1.85687	-2.34951	-1.29455	1.49145	-1.25174	2.86493	
0.0187482	-1.83238	-3.84197	-1.49019	1.65367	-2.45893	1.64344	-6.26583	5.9821	3.60686	-1.04765	-4.77211	5.88826	-5.94593	3.88428	6.13707	3.02378	-2.01734	-0.492738	-7.66114	
-6.15258	4.35501	7.71362	6.52434	3.15016	9.28118	-4.78296	10.8814	1.39779	-0.722929	0.33461	5.19396	-10.105	2.53133	-1.6513	-4.27335	-7.00806	1.25158	-0.723112	6.32131	
0.687109	4.16414	4.88152	4.98524	-3.08948	0.953957	-2.00034	8.81134	-5.02862	-4.12436	3.09428	4.35591	-6.21744	7.03942	-5.18332	-6.52152	-4.98211	3.42611	-2.20499	7.36888	
-1.14324	1.46883	-1.52229	1.91182	-1.81292	-0.0552794	-1.1658	3.45326	-3.48289	-3.39689	-0.208592	3.99801	-2.48832	2.34897	-2.74405	-1.96357	-2.19212	0.620933	0.340159	3.95019	
-0.0699388	-3.69647	-4.36808	-4.55221	4.68468	-3.03821	3.25839	-10.6414	4.86177	7.54677	-1.96181	-4.41013	5.84277	-7.92791	7.48007	8.1016	4.43025	-2.43395	1.72792	-9.86722	
0.624946	0.359712	-0.826525	-1.05757	-1.02742	-0.131627	0.368823	-1.19667	1.63987	-1.11905	-0.833345	-1.61752	-0.73046	-1.04036	0.628763	0.267292	1.16848	0.690282	0.364901	-2.03775	
-0.299808	0.0870679	1.50124	-0.0841321	2.11036	-1.39676	1.75576	-1.71939	0.555996	-0.0176372	-2.09475	-1.05276	0.676301	-1.01134	1.33072	0.386716	1.62157	0.0570999	-1.35216	-1.10629	
1.42728	4.39844	3.5069	2.40431	-2.18599	1.80814	-2.54696	6.03784	-4.77899	-3.30891	-0.567615	4.35759	-4.98069	5.06198	-3.97126	-4.1784	-1.08168	1.40377	-0.692281	7.41312	
-1.5466	-1.4955	-0.883733	-0.667692	2.3609	-1.72889	1.39289	-2.63756	3.13699	0.688684	-1.19213	-3.48159	3.96343	-4.80407	1.22517	2.91662	2.48147	-0.932309	-0.122048	-5.68313	
-0.554583	1.24923	0.391079	-0.550873	-2.264	0.0446898	0.0551457	2.57105	-1.14837	-1.34549	0.255023	2.50002	-2.67753	5.856	-3.04838	-2.78928	-0.818893	0.668626	-0.801744	3.44361	
1.1473	-3.2604	4.66076	-2.70272	1.59509	-2.5635	3.11628	3.67373	-1.42206	-6.29504	1.1718	-7.08493	3.67316	2.05748	-2.5723	-5.31752	5.43416	7.28569	-2.63822	-8.62436	
0.92821	4.44128	6.90543	4.42177	-4.23248	6.67428	-5.8832	11.8693	-7.9372	-5.31378	3.04209	4.71212	-8.95041	12.1283	-8.05596	-8.65349	-5.88718	5.16815	-3.74173	13.2037	
0.939013	-2.61171	-4.24705	-3.7471	1.57322	-3.14642	2.27265	-7.0934	2.26001	1.80213	-1.20691	-4.73143	4.8511	-4.21108	1.90049	5.46952	4.57433	-0.947843	0.497547	-6.20885	
0.682429	-2.47107	-3.3844	-2.47502	4.30893	-1.52372	2.68887	-9.02776	4.38512	3.07796	-0.805228	-4.04463	5.02708	-7.32837	3.33874	6.53646	2.949	-1.63703	1.9137	-6.74734	
-10.6781	2.23677	4.19317	2.79934	12.7096	7.31582	-1.19568	-7.03404	19.8694	11.871	-2.49932	-7.65958	-0.659907	-21.5961	15.5898	12.1336	2.14566	-6.04025	3.6254	-15.5398	
-0.529435	2.6417	4.42253	2.50267	-3.12907	1.99282	-4.474	7.38125	-5.94368	-3.14737	-2.60197	4.68004	-5.41191	7.4164	-5.59612	-6.82723	-4.88033	2.90207	-1.378	7.04396	
2.77863	1.60936	3.5367	3.31024	-2.09314	1.83642	-2.61005	7.15914	-5.40452	-4.06106	0.975824	3.04216	-5.08003	7.15156	-3.34103	-5.30219	-1.96254	2.98248	-2.21751	6.10119	
-0.795103	2.77879	4.55383	4.80841	-3.55989	2.30976	-2.76767	10.9306	-5.83177	-5.31073	3.45963	7.07514	-6.93252	10.2883	-3.84834	-6.05055	-4.23331	4.67539	-2.36816	8.61257	
4.79127	4.11621	6.75331	1.46115	-10.1776	-0.285239	-4.88732	16.2458	-17.513	-11.871	3.55652	9.92411	-10.8718	21.8798	-14.0659	-14.3671	-6.35607	8.74064	-2.46394	19.8732	
-0.0816335	-1.16839	-4.2686	-2.23402	1.19263	-1.17167	2.28438	-6.97455	6.63773	2.0769	-0.489297	-4.31706	5.5657	-6.45143	3.75841	5.32003	4.46987	-3.05522	2.2788	-7.83028	
-1.22894	2.83404	2.52604	1.27022	-3.23662	2.53177	-3.12866	8.58565	-4.75546	-3.43736	0.612541	4.95104	-6.31573	8.16032	-3.68563	-4.35052	-4.85511	2.99588	-1.9092	8.70484	
-0.981645	-0.800679	-2.56064	-0.975568	1.59353	-0.274194	1.36298	-2.48565	0.960614	2.16881	0.729707	-2.01404	2.91274	-1.68065	2.91699	2.03991	2.07539	-1.21634	-1.15873	-4.31421	
-1.6239	6.24592	-3.57744	5.2092	-5.15573	5.20758	-7.25717	5.20127	-3.13219	0.869777	2.30911	15.5337	-13.5649	7.50103	-1.21728	0.148832	-9.42613	-6.19613	4.21498	22.7936	
0.0738109	1.20556	-1.21186	0.792588	0.033802	1.83342	0.647159	1.47619	-0.230023	-1.41739	-1.39644	0.709458	-0.518337	3.27383	-0.854439	-1.02981	-0.654233	0.531129	0.456647	1.34134	
-1.1745	-1.35621	-1.90417	-3.29351	3.86599	-2.03293	1.132	-5.87161	2.12943	3.00278	0.396218	-2.01384	3.68943	-3.49747	4.0772	5.05106	1.47715	-0.984221	1.11965	-5.95311	
0.123396	-0.649548	-1.20721	0.0197368	-0.592874	-0.251155	-0.562376	-1.69503	-0.722862	0.768978	-1.16929	-0.208914	-1.90061	-1.92185	-0.660092	0.386629	-0.749986	1.27912	0.337801	-0.0934902	
-0.584999	-1.97274	-4.03767	-2.26959	1.46487	-1.09561	2.549	-5.11574	1.22554	2.58773	0.215619	-3.01406	1.83302	-3.35739	2.78427	3.66528	1.84444	-1.39346	1.44849	-5.18269	
-1.51578	-0.0974643	-0.0177695	-0.0295168	0.911503	-2.33993	0.594386	1.41314	0.353918	-3.19357	-0.250898	1.03996	-2.05336	0.978845	-1.76876	-0.54411	0.20117	0.962547	-0.20585	3.50846	
1.42267	4.41808	3.92181	3.99228	-3.93714	0.0322025	-1.3682	8.54816	-3.74621	-2.94079	2.42175	5.75946	-5.99952	7.78341	-4.23089	-6.51426	-4.66608	2.43969	-1.54902	9.82138	
-0.100394	-3.14236	-2.1044	-2.49315	0.893887	-2.44914	2.10407	-5.60824	5.18262	5.26853	-1.71482	-4.03449	5.99687	-7.67501	4.74222	5.69077	3.43126	-2.62812	3.88781	-7.69713	
-0.314064	-1.96941	-3.08554	-4.28678	4.1483	-2.87601	4.20152	-7.61342	4.93054	4.23282	-1.17071	-5.425	4.71649	-7.83588	4.94933	5.20265	4.15984	-1.85197	0.200907	-7.91936	
2.13925	4.41368	6.00469	4.5851	-2.46271	1.47506	-3.81257	10.8561	-6.00756	-5.88018	2.73219	6.00773	-7.93376	10.0715	-6.4252	-7.85488	-5.9118	3.77158	-2.35432	9.44903	
-0.475357	0.415805	-0.0261826	0.485035	-1.34479	0.489353	0.00875034	2.16563	-0.644272	-1.40527	0.63524	3.5042	-1.07727	2.46894	-2.4063	-2.91044	-1.34284	2.10025	-1.3465	0.824755	
-0.140222	-2.28486	-5.4552	-3.07485	2.27513	-2.40784	4.86863	-11.7527	6.03782	4.59125	-1.75983	-6.01448	5.05686	-9.75821	4.65545	7.81751	3.37846	-4.0803	3.61507	-9.31427	
-0.493742	0.0102014	3.99286	1.27765	0.443522	-0.52628	-1.76748	4.05978	-2.27637	-0.186514	-0.600238	1.97237	-2.32982	3.59623	-1.36916	-1.20746	-2.6711	-0.0556396	-0.379362	2.92888	
-0.493582	-1.59852	-2.09512	-2.97079	1.45129	-0.533027	2.70909	-4.17685	2.02273	2.57095	-1.2503	-3.40267	1.27544	-3.03204	2.01726	2.66245	2.10661	0.14233	0.774761	-5.57708	
1.18822	0.41953	4.78889	3.4411	-3.97041	4.12798	-2.18169	8.25589	-3.68857	-5.13374	1.74512	4.10937	-5.09345	7.19552	-5.27656	-6.12418	-1.87924	2.27969	-0.616268	7.69663	
0.317799	-2.27171	-2.43622	-1.34851	0.873177	-1.12702	3.34035	-5.97011	1.62827	2.05441	1.53001	-2.01884	3.21049	-2.23207	0.913199	0.334515	-0.799866	-2.43141	0.966268	-3.53297	
0.0226798	-2.07605	-0.685318	-0.822279	0.172701	0.548201	0.0419007	-1.75569	-0.464913	0.278239	-0.540055	-2.59217	2.67949	-2.89551	1.88865	1.14405	0.356299	-0.48147	1.63204	-1.46396	
0.73547	-1.15871	0.60695	-0.293384	1.21005	0.568226	-0.155807	-0.840534	-1.03682	-1.24574	-2.60163	-2.66043	0.259389	1.15667	-0.333143	-0.975076	1.53976	0.630181	-1.50207	-2.47409	
1.27512	2.74597	3.96589	4.82708	-5.0776	0.421112	-1.06632	7.10062	-5.33013	-3.68782	2.02026	3.7772	-3.55158	5.21831	-3.08241	-3.67658	-2.49958	1.23644	-1.8755	6.92822	
-1.64375	-6.32435	-10.2561	-5.94888	8.03214	-2.83278	5.43243	-16.5008	10.1932	8.54653	-1.4937	-9.52299	13.2664	-16.9258	11.9227	11.4102	8.79059	-4.48049	4.00292	-18.3359	
-1.38239	-4.5715	-4.41358	-3.05729	2.15406	-2.4954	1.36051	-8.1704	4.61989	2.41032	-0.903899	-5.13419	3.97711	-5.05304	3.69789	5.41194	3.05864	-3.18046	1.78554	-8.9135	
-0.166204	-6.36425	-7.50509	-6.14888	5.24928	-3.57846	6.28368	-16.9393	12.112	7.38242	-4.16595	-10.0788	14.3544	-16.8038	9.29945	13.2188	8.63461	-3.5559	3.29422	-18.3462	
1.78805	2.96287	4.79911	2.02125	-3.869	3.19598	-1.30283	8.16052	-5.24005	-5.04435	-0.523264	5.69833	-3.96944	6.39392	-4.13763	-6.48841	-3.35312	1.76301	1.01831	8.12577	
0.661602	0.301891	2.17664	-1.5285	-0.19173	-1.14473	0.768928	-0.966805	1.32547	0.735714	-0.589714	-2.27438	1.62112	-1.58868	0.642698	0.634906	1.83939	-0.467787	1.28215	-0.355029	
-1.03646	-3.24042	-5.16956	-3.62727	3.10324	-4.23095	4.27672	-8.86268	6.77196	5.42768	0.535247	-6.12378	7.46351	-11.9121	5.58716	8.62018	3.44223	-3.63197	3.11482	-11.1945	
-1.02948	-0.906548	-3.13688	-2.50623	1.28956	-2.15538	0.85107	-6.22711	4.92136	3.43663	-2.02386	-6.05298	5.11926	-7.23279	3.99013	5.95381	3.03915	-1.83248	1.70891	-7.0807	
-0.687648	-3.93681	-9.08613	-7.14647	7.9318	-4.53945	7.17196	-19.4618	11.8757	9.40725	-3.34765	-13.4968	14.7691	-19.0215	13.0255	14.2046	8.11828	-6.68493	4.61145	-20.3009	
-0.142493	3.48106	4.03736	1.74537	-2.5798	1.1008	-2.13907	4.05143	-3.60831	-3.82426	1.65468	5.28659	-3.03914	5.81935	-4.58925	-5.71287	-3.05937	2.63608	-0.682116	7.15629	
1.01996	-3.00698	-2.90847	-2.78923	4.22194	-2.98425	0.320275	-5.32374	2.81918	3.23465	0.888994	-5.4246	4.17595	-4.15278	2.83125	3.1607	3.91597	-1.59386	2.34572	-5.24272	
-3.32668	1.5579	11.4695	2.1672	0.378015	2.89757	-0.820719	9.66266	0.0848392	-7.48223	0.599824	-6.3462	0.6363	3.65785	-5.74046	-7.71104	1.96328	9.96695	-2.93543	-5.93717	
3.35137	-2.54675	-2.09694	-3.23581	-3.2212	-5.38195	2.97838	-2.20504	-5.73616	-3.17556	0.769061	-1.57665	4.09963	3.60533	-3.06054	-2.03039	2.62405	2.15406	-2.28294	0.79871	
-1.26499	-0.73884	-0.548456	-1.00362	-0.717946	-1.78577	0.543342	-2.65751	0.184519	1.42876	-0.189906	-1.21697	0.930774	-3.2544	1.30581	2.0343	-1.18021	-0.174915	1.95216	-2.39106	
0.688188	-1.90596	-1.44715	-1.16341	0.585198	-0.0293704	-0.476828	-1.12654	0.572307	1.33274	-0.935614	-1.07627	0.656777	-2.31461	3.23149	1.48747	0.875988	0.34577	-0.644365	-1.42309	
-0.324266	4.23562	4.51309	1.36971	-4.09878	0.821984	-1.39289	7.85443	-5.55429	-4.0077	-0.016852	4.5593	-7.12655	8.3556	-4.45096	-7.53278	-4.0253	2.72862	-4.06524	8.06715	
0.357142	1.22565	-0.394882	-1.88955	-0.455215	1.33694	-0.393015	-1.74703	2.89535	1.10198	0.769448	-1.58059	0.799403	-0.904508	1.6315	1.0977	-0.352694	-1.03416	-1.07707	-0.811993	
-0.590588	-2.68982	-2.67336	-3.98708	3.5542	-5.25369	2.56405	-10.1768	7.44935	7.78168	-0.830856	-3.86261	8.24497	-9.26967	4.2778	6.68446	5.32309	-2.81808	0.964567	-9.60867	
2.04372	-2.07842	-2.25133	-2.94256	-4.26764	-3.23928	-1.3995	2.68117	-6.60724	-4.31804	1.81751	3.01079	0.722947	8.41109	-5.53404	-4.13643	0.853911	4.08098	-1.28706	4.749	
0.816564	5.24681	4.23802	3.97439	-4.47168	3.72622	-2.38931	10.55	-5.16215	-6.57165	1.13626	6.06896	-7.5926	10.0851	-6.89637	-8.33294	-5.01994	1.8938	-1.14311	9.82941	
-0.0802719	0.367472	-0.720327	-0.181064	-0.585435	-1.37079	-0.0396891	-3.90639	1.66423	0.583261	0.471136	-1.89314	1.12664	-4.1113	1.62865	0.0705048	2.12688	-0.42243	-1.0594	-5.49911	
1.41796	1.63771	2.91979	1.84035	-1.97022	0.616328	-2.97322	4.82259	-1.34066	-2.07495	0.0692878	2.94645	-3.67714	4.9175	-2.16363	-2.09319	-2.78417	1.27769	-1.62091	4.45428	
0.0753957	3.27341	4.72155	2.6577	-4.70632	1.7271	-3.40371	8.42393	-6.93836	-3.11386	1.94903	6.30655	-6.65013	7.20329	-5.4014	-6.71359	-3.9633	3.89192	-1.78251	9.75736	
1.21426	0.0635886	1.11839	-0.986392	1.03763	-0.974971	0.380013	0.60495	-0.463887	-1.50837	-0.356495	0.0692428	-0.900446	0.314888	0.927723	0.258703	1.51434	0.629871	-0.859159	-0.0721537	
-0.388848	-0.16101	-0.279299	1.92519	0.821595	-0.185428	-1.99676	-1.41619	0.463879	0.0286162	-0.324943	0.148159	-0.874403	-1.467	1.0516	2.50458	0.000417234	-0.468882	2.13116	0.697764	
0.118787	-4.30494	-4.50197	-3.71332	3.06456	-2.95967	2.52886	-10.3644	4.00684	4.72844	-2.52578	-5.43313	6.45999	-7.33972	5.62439	6.90626	5.3638	-4.72229	4.595	-10.8935	
0.209456	-1.22677	-0.397787	-1.93043	-0.908943	0.665736	-0.327417	-1.95092	-0.555269	-0.680542	-0.603136	0.137675	1.66358	-0.618833	0.643754	0.296036	1.94746	-0.608145	0.290139	-0.0374052	
-0.144807	0.428147	0.954813	-2.35473	-0.981953	0.628719	-2.60584	1.94524	-2.18864	-1.32948	-0.31629	1.7712	1.14285	2.64435	-0.13212	0.90596	-1.69678	-1.74901	-0.229819	0.255819	
1.40675	1.37359	1.66771	2.83657	-0.665681	0.804341	-1.36996	4.29527	-0.653068	-1.90641	-0.584317	1.21813	-3.31275	2.80031	-3.00098	-2.42206	-1.0425	1.59456	-1.447	3.69463	
-1.22928	-0.106036	-2.79858	-0.0122236	1.33317	-2.64185	2.46083	-6.93349	3.10481	3.63189	-0.948668	-3.88065	2.55693	-5.9008	3.57486	3.62912	1.48824	0.315243	4.78671	-6.03933	
-1.70281	0.673551	-1.80569	0.240458	0.359077	-0.0391451	0.446791	0.82233	-0.406431	1.49394	-0.656907	-2.07368	0.776223	-1.3438	-0.194837	-0.217675	1.56699	-0.580164	-0.210793	1.16045	
-0.418395	-3.8427	-5.76275	-4.51982	5.11482	-2.37011	4.36119	-11.7627	7.58044	5.85966	-1.21181	-7.01982	9.2071	-12.2156	5.37698	8.99367	4.10706	-3.29811	2.12361	-13.4592	
-0.897383	15.4481	6.29397	8.39494	-1.46404	-11.8475	5.06271	-5.14943	4.01087	-13.0458	1.59639	2.07082	2.98534	5.57232	1.28098	-1.9052	4.44544	10.9905	-5.81548	-5.95647	
0.444282	2.81215	0.414818	2.00407	0.224201	-1.45239	1.15285	-1.80149	1.30761	-1.1873	-0.0577525	-0.714013	-0.101493	1.01426	-0.254597	-2.80072	1.69271	2.21263	0.433792	0.521516	
0.233253	4.8896	-0.106294	4.91277	0.0709592	-2.6675	0.444884	-0.839668	1.48244	-2.08957	0.576103	0.904463	1.49408	2.12434	1.71055	-0.88354	-1.05723	3.83386	-2.46244	-2.1064	
0.312587	-9.55933	-3.06175	-4.57672	1.3318	6.48635	-2.23614	5.05445	-0.96213	8.01457	-0.286201	0.460551	-2.58129	-2.62118	-1.52474	1.72218	-0.673016	-5.41507	3.39581	3.4014	
1.61553	-2.04726	-2.36313	-3.29589	0.49547	0.775526	-1.50743	1.64581	-0.382025	1.37213	0.33181	-1.55224	-1.38817	-1.63992	-0.39634	1.27752	-2.60734	-2.84749	2.19776	2.83167	
2.85775	-7.77872	-0.596603	-5.37712	1.67369	3.0906	-0.565266	2.44816	-4.1083	5.20042	-2.57464	-0.718954	-3.00726	-3.39272	0.452632	0.244847	-1.84495	-5.62943	3.52562	4.61095	
-0.625043	0.105122	-0.931094	-0.567407	0.262628	-1.69954	0.406018	-1.7275	-1.29618	1.47922	1.26839	-0.344975	-2.0926	-0.801617	0.531027	-2.08681	-0.551395	0.44848	1.1693	-0.950094	
0.0897612	14.9037	5.9811	10.7684	-2.61596	-7.93899	4.50082	-7.11067	4.11357	-11.6658	1.16656	2.90535	3.26142	8.20724	2.66717	-3.65569	3.61676	9.03383	-7.11382	-7.05159	
0.69532	-1.24755	-1.33943	-2.33147	0.0852422	1.79375	-0.0999883	1.61136	-1.35472	1.51193	-0.408301	-0.691317	-1.15689	0.0470959	-0.719636	-0.251744	-0.0866292	-0.644179	1.74524	2.98547	
-1.98567	5.6421	1.89131	4.78748	-1.81526	-3.57362	1.67198	-1.94786	2.7615	-5.40229	0.646484	-0.223912	1.26015	4.16514	0.949594	-0.761334	1.0779	4.53882	-3.31483	-3.76253	
-2.92159	21.0331	5.32832	14.7729	-5.07473	-13.0137	3.23171	-10.3863	5.45993	-14.1709	1.78559	5.22445	2.31192	7.34927	3.91227	-1.95957	2.61034	10.1957	-7.7037	-3.07075	
0.094401	0.660726	-1.10324	0.493622	0.69627	-1.73699	-0.699015	0.273004	2.21356	-0.802713	-1.5741	0.479702	-0.219969	-0.235992	0.164264	1.64437	0.94813	-0.315827	-1.30205	-2.29107	
-1.69961	4.96472	1.51714	2.70991	-0.393012	-1.41791	0.132983	-1.69306	1.969	-4.48979	0.0942592	1.50505	0.467297	2.33488	0.792546	1.69858	2.47462	1.75608	-1.03867	-1.44192	
-1.64407	1.94708	1.52429	1.85383	0.127845	-0.370355	0.217962	-0.972245	1.22034	-2.43542	-1.50064	-0.440778	1.49805	0.910454	1.53691	0.419363	2.18555	0.785973	-1.62611	-0.477904	
-0.96609	16.6598	4.85387	9.98549	-3.16559	-9.96987	2.44446	-5.24364	3.17492	-13.9691	-0.221792	2.08667	3.78517	5.76436	1.5688	-1.83288	3.7385	11.9333	-6.53933	-6.08631	
0.135107	9.12638	2.69735	4.17665	-0.941012	-3.19803	0.0979154	-3.32032	1.02203	-4.68707	1.57512	1.64538	2.05763	1.23224	0.507811	0.145072	3.521	4.22502	-2.85124	-2.66202	
-0.0726281	2.55862	-1.98365	-0.526328	-1.51375	-2.09056	0.4106	-1.2895	1.29889	-0.629521	-1.10471	1.24752	1.72942	-0.428713	1.73781	-0.148781	0.271726	2.88196	0.634956	-2.20078	
0.307725	-6.81654	-2.05313	-3.38266	1.33668	5.97525	-2.47022	2.2216	-2.07219	3.74735	1.00253	-1.42472	0.192955	-2.52178	-0.40915	2.19811	-1.76032	-5.78926	3.52375	2.69341	
-2.92552	13.6254	-1.02193	9.93395	-3.46974	-7.10169	0.419466	-6.98933	5.26253	-3.92536	0.296231	6.60746	-1.26604	3.35779	4.86658	2.97093	-0.723694	3.44301	-3.16627	0.115635	
0.114341	-4.2305	-2.09792	-4.39174	1.65707	3.76895	-0.973409	2.86532	-1.13408	4.07227	-2.13685	-1.20205	-1.26597	-1.31491	-0.145348	1.15429	0.147143	-2.17364	2.95163	1.61111	
0.816185	0.806093	1.27743	2.50971	-0.281242	-0.330961	1.58056	-1.328	0.786427	-0.921464	-0.44003	-0.166305	-1.25926	0.980199	-0.529589	0.696115	0.918422	-0.148634	-0.172772	-0.44592	
-3.78352	32.3795	9.40356	20.8871	-5.26867	-21.9136	7.09221	-11.5492	5.29102	-25.3133	3.35551	1.38997	7.85407	11.5876	4.63658	-6.5363	8.54654	22.4909	-13.8641	-14.1363	
0.539399	8.75044	5.02597	4.99591	-1.58384	-6.08316	1.43996	-3.29292	2.26391	-7.03784	1.9537	0.252993	0.632196	1.75144	1.48575	-1.84532	1.59321	3.65416	-4.75837	-3.14667	
0.883972	-5.06657	-0.497391	-3.22297	-0.219512	1.57941	-0.902989	1.76126	-1.46202	2.98987	0.0861228	-1.42317	0.619784	-3.34302	0.0503388	1.99264	0.490542	-3.72876	3.16715	-0.270656	
1.36206	-9.74116	-3.71407	-5.06358	1.47511	3.77649	-0.0506284	4.70998	-0.213456	6.02494	-1.4539	-1.00299	-3.09168	-4.34698	0.200672	0.932209	-1.36383	-5.18546	3.31832	3.14825	
1.22486	-0.566069	-1.03243	-0.972986	0.00850964	0.283758	-1.24923	-0.517793	2.01172	0.205327	-1.58465	0.805156	0.804952	0.737034	0.0549907	-2.06445	-1.02119	0.446473	-0.427465	-1.08139	
-2.64831	25.5379	7.90926	17.5805	-3.2581	-15.2638	6.17236	-8.71828	5.60691	-18.2629	1.77331	2.25128	5.25782	8.12021	4.52194	-4.63838	6.19437	15.9113	-11.5551	-7.98144	
2.13211	-17.199	-5.32679	-11.981	3.55144	10.5155	-4.40502	6.9042	-4.02546	14.8391	-1.99318	-1.01217	-5.85001	-7.18417	-2.25695	5.35736	-6.7732	-11.3438	7.48533	5.53649	
-0.783323	6.27392	1.98787	4.89348	-0.538119	-3.27614	0.568395	-2.47234	3.50831	-6.19479	1.04582	0.243605	0.924761	-0.123182	-0.597951	-2.66363	0.921239	4.77009	-2.75921	-1.43155	
1.32113	-9.66042	-1.27886	-6.20902	1.16363	6.94036	-1.59832	3.30735	-1.45134	7.9742	-1.53559	-0.505829	-4.15339	-3.31645	-1.83471	0.963657	-2.81144	-6.76772	4.73498	4.10994	
0.0892878	11.6237	2.02585	7.08502	-0.036576	-7.04069	2.42793	-5.39633	2.34315	-6.77144	0.693302	1.96748	2.14969	5.41594	3.58126	-3.29131	3.17187	7.86866	-3.6708	-5.73332	
-0.920552	1.38374	1.28233	2.15579	0.902678	-0.613983	-0.408984	-0.505246	-0.334556	0.0142715	0.127635	1.71532	-0.253914	0.723372	0.313995	-0.52787	0.212027	2.16077	-0.314803	0.246793	
0.964029	1.34956	0.0223563	1.58376	0.728309	-0.842619	-0.980985	-0.67365	0.328799	-2.16574	0.241361	-0.859636	2.18076	1.30796	1.34048	0.330174	0.592001	1.88309	-1.09011	-0.0144286	
-0.696171	3.3389	-0.362174	3.67762	-0.936111	-2.11277	0.566026	-2.22965	1.33583	-2.41078	0.609637	0.331636	0.809771	1.67736	-1.24784	0.722799	0.889	-0.231581	-0.157457	-1.24664	
1.77384	-3.41588	0.148091	-0.486841	1.79747	2.24391	-2.92217	3.00202	-0.530792	-0.238215	0.467822	-0.134331	-0.533347	0.11924	0.883156	0.121655	-0.361432	-1.88715	0.462689	0.891534	
0.772194	-9.66352	-2.96212	-5.49043	-0.0327488	4.76859	-1.72328	4.10276	-3.20222	7.19275	-1.86603	-1.77522	-2.31335	-5.71021	-1.47213	0.79372	-2.65573	-6.76828	3.97126	4.19647	
1.48209	-7.47071	-3.06656	-4.77935	-0.774311	7.42977	-2.03092	4.94324	-0.969717	7.39467	-1.82898	-1.39382	-0.935258	-4.59744	-1.51962	-0.866581	-3.23905	-6.41949	2.77222	2.92342	
3.90641	-30.9097	-10.7049	-19.1207	3.05041	19.7895	-5.69281	10.1957	-6.66836	23.3053	-2.03042	-2.21241	-6.45754	-11.2945	-3.47857	5.26634	-7.92459	-20.5971	12.9608	12.1571	
0.239955	-9.87599	-3.40535	-7.40642	2.11964	5.63188	-0.636376	2.49197	-3.33049	7.5518	-1.11089	0.355084	-1.50718	-3.46338	-1.97216	2.77225	-2.30136	-5.61301	6.12384	2.75592	
0.199693	4.30733	0.401621	1.15989	0.105599	-2.62186	0.834912	-2.03709	-0.399395	-3.77114	0.450804	0.0489018	0.248408	1.1848	0.0667218	-0.0424285	1.4609	2.77841	-0.0138282	-0.233607	
-1.46177	5.13052	2.41723	5.4067	-1.3825	-7.24582	0.675945	-2.37052	0.206721	-5.31257	1.05031	2.36555	1.20986	3.29939	1.67039	-1.41238	2.45962	3.28956	-3.09577	-2.40711	
-0.0899977	1.69833	-0.964979	0.402965	-0.338934	1.4227	0.895039	-0.34463	0.315443	0.158964	-0.696308	-0.732304	1.0353	-0.714104	0.937702	0.418606	-0.799005	-0.898689	0.16934	-0.0474571	
-0.467889	1.03963	0.530226	-0.746072	-0.476571	0.0349727	-0.816208	-1.72749	1.03481	-1.91114	0.913298	0.717256	1.10632	1.18922	-1.37124	-1.01769	1.80547	0.701346	-2.24025	0.274731	
-0.0488278	0.636095	0.825241	2.93016	-0.407057	-1.46369	1.15547	-0.524443	-0.10285	-1.78283	0.315987	-1.42133	0.749613	0.775242	0.932157	-0.8898	2.14835	2.83749	-1.31495	0.804185	
-0.0571269	10.5457	3.70522	7.51243	-2.00503	-6.85024	1.647	-4.22109	2.80628	-9.84264	1.21887	1.10589	2.1037	3.2367	2.38471	-1.45789	1.83081	7.3796	-4.1402	-4.76536	
1.2193	-6.39454	-3.35622	-4.01983	-0.435536	5.30969	-1.42251	3.16577	-3.38394	4.71179	-0.23536	-0.0958987	-1.31442	-2.0542	0.634488	0.267758	-1.89762	-4.25214	2.42614	2.33311	
-1.89088	13.6445	5.60906	7.85742	-1.88613	-9.44068	3.18057	-5.10436	2.00948	-9.93999	0.729187	0.273967	2.47549	4.92791	1.97922	-1.5247	3.52922	9.10762	-5.58442	-7.84269	
1.12619	0.95068	-0.79936	0.0433069	-0.700048	1.37154	0.996306	0.00801635	0.218412	-0.528669	0.496897	-0.787257	0.529991	0.41216	0.31001	-0.452742	1.08647	-0.510355	0.701071	-0.525286	
1.32948	-1.77349	-1.90938	-2.1421	1.94567	1.56643	-1.8078	4.32421	-0.770249	2.62122	-0.966028	0.177954	0.265896	0.015959	0.304412	-0.635046	-2.86116	-2.26615	1.01392	3.16938	
-1.86381	18.4602	7.30534	14.0881	-2.08069	-11.5531	3.1149	-8.80239	4.73936	-15.9614	2.93888	1.09656	4.24279	7.54603	2.61647	-3.4946	5.53572	14.8841	-8.97162	-8.90994	
2.81149	-7.49867	-2.32741	-2.4982	-0.23257	1.76305	-1.3232	2.20152	-0.542618	3.33166	-2.44025	-2.19295	0.600274	-2.73771	-1.74386	0.593088	-0.589457	-3.48648	1.62078	2.15583	
0.774265	-9.31949	-2.21549	-6.73758	1.60931	6.71957	-2.07546	4.23676	-1.28974	7.50289	-2.16131	-1.43023	-1.75072	-4.20676	-1.51961	0.46034	-3.03646	-6.3474	2.40155	2.57859	
1.77834	-20.2727	-6.24908	-14.7536	2.74658	11.9196	-6.05848	8.78484	-4.82986	16.7265	-2.53333	-2.08336	-2.58626	-8.50371	-3.33612	2.35017	-4.94172	-13.5267	8.48484	8.20251	
-0.992675	-7.47155	-1.72411	-4.21593	2.76319	4.6176	-4.39976	3.1351	-0.341621	6.24992	0.442817	-0.558623	-0.641017	-0.928943	-0.469245	-1.31497	-2.42665	-5.2904	2.65337	1.8947	
1.42131	-2.03238	-0.155613	-0.845936	-0.0127078	-2.50677	0.0762667	-2.37083	-1.06661	-0.526919	1.62037	-0.636725	-0.20634	-1.92201	0.708827	-0.0178098	-1.33366	0.961827	-0.701135	0.266872	
-0.694098	1.83722	0.18487	3.03352	-0.218268	-1.43215	2.28684	0.383129	0.754037	-1.65588	-0.823333	-1.47332	0.697829	0.898578	0.458026	-0.381593	1.94585	1.53016	-2.8856	-1.07356	
-0.904964	-13.0407	-3.11915	-7.32355	0.0911036	8.78885	-2.61785	3.30812	-1.89545	8.00776	-0.0136983	-0.836158	-3.22762	-3.8389	-0.686106	2.14289	-3.17469	-7.84562	6.26266	4.90449	
1.46355	-9.2911	-3.80945	-6.24157	2.68333	4.65456	-3.23368	0.899325	-0.785894	5.91871	-1.09291	1.01145	-2.42894	-2.19713	-1.61355	1.3716	-1.77501	-5.47802	4.30753	2.51618	
-1.94533	5.92606	2.42183	5.8466	-0.0887636	-3.08984	1.94674	-3.09898	2.40254	-7.44493	2.18692	-0.114386	0.962837	2.58465	2.16038	-1.90266	2.91334	5.85108	-2.95168	-4.03841	
-0.141908	-4.56431	-1.4083	-1.93585	1.62906	2.27963	-2.07818	1.3853	-1.01648	4.04841	1.54643	-1.02751	-0.361646	-0.173397	-0.585083	1.09399	-1.07553	-4.92545	5.13909	2.33666	
1.67747	-5.60519	-0.674611	-3.53589	-0.203564	3.35699	-0.734959	2.51528	-1.22152	5.55228	-2.20353	-0.726545	-1.57579	-1.42262	-1.68657	1.48624	-2.13047	-5.00105	1.56078	3.02337	
0.446457	-6.14692	-1.91868	-3.01937	-0.458056	3.08554	-0.793596	1.67994	-0.703222	3.20791	-1.86248	-1.49302	-4.75261	-2.8963	-1.96993	2.3799	-0.874308	-6.51994	1.58734	2.01688	
-1.10935	5.59307	-2.87876	4.00911	-3.34094	-2.74723	0.0646343	-4.30754	2.33676	-1.21585	1.13668	5.87142	-0.378309	-0.513851	3.78375	1.63772	-1.00375	-0.472438	0.69072	2.96042	
0.607063	4.17093	-1.52576	4.26601	0.12315	-1.06245	-0.630637	-6.0023	1.40243	-0.789021	0.270548	4.86493	-2.96043	0.590681	4.58527	1.85693	-1.66957	-4.19451	1.41769	3.51416	
0.667198	-4.90329	0.929364	-0.547583	-0.908324	1.65229	-1.519	0.907337	-0.148085	2.49607	-2.20921	0.638573	-1.92959	-1.52162	-0.437162	1.6265	-1.76781	-3.72531	0.919982	0.809346	
-0.389139	0.261429	1.86752	-0.869098	0.170274	0.934041	0.0761565	-0.874051	-0.662724	0.944591	0.236939	0.1609	0.72845	0.951567	-0.533595	-0.941877	-0.93629	1.08742	0.756008	-1.89294	
1.37879	-12.4689	-4.09865	-10.4202	3.21277	8.06236	-1.96752	4.60705	-2.72239	9.72834	-0.754436	-0.0323434	-1.48958	-4.59236	-1.927	2.55859	-3.29011	-7.63414	6.3562	5.83666	
2.37807	-10.9125	-3.42762	-6.09121	0.703417	4.43301	-1.99336	3.35755	-2.62288	6.84676	-1.87023	-1.57511	-0.673279	-3.29125	-0.159201	-0.3481	-1.73398	-6.28845	6.83915	2.80219	
-0.902514	3.93187	0.978995	3.42975	-1.72087	-2.63855	1.52902	-1.83214	-0.0396224	-5.10848	1.51382	-0.427255	1.26952	0.820547	0.222714	-2.25196	0.85202	2.87294	-0.812205	-2.97032	
-1.48304	6.59082	3.24102	2.8638	-1.1139	-3.20877	-1.34475	-2.90095	0.598344	-3.5601	0.481821	1.22417	1.46357	3.64159	-0.706793	-2.37746	2.82891	4.27858	-2.40568	-1.79243	
-1.08245	-2.57794	-0.226003	-1.99856	0.0948119	3.04185	0.349037	2.75177	-1.30485	2.60056	1.01858	-1.27977	-0.766167	-0.246711	-0.587237	1.46671	-2.38195	-4.10649	2.22915	1.71489	
-0.813566	3.39978	2.70957	1.65895	-0.972441	-1.88291	0.134586	-1.86577	1.35333	-3.34822	2.50842	1.07409	0.300054	0.11056	0.370158	0.26876	1.02063	4.00635	-2.13564	-1.86624	
-0.220906	8.88173	2.65308	5.05135	-1.84652	-4.23252	1.56915	-3.46145	1.28806	-5.60585	0.302449	1.73016	1.18454	2.39704	-0.487177	-1.2819	2.78276	5.22182	-3.5787	-1.79803	
1.72856	-7.64993	-3.45725	-5.0039	1.41672	5.56455	-1.06023	4.34237	-0.625703	7.56553	-2.09383	-2.15392	-1.63779	-3.89926	-0.557956	0.939064	-0.621888	-7.5536	2.43192	2.47553	
0.38824	10.2846	1.54503	6.24034	-1.1797	-5.06779	2.52005	-4.66179	0.294444	-6.40654	1.03071	1.01074	0.965549	4.28599	2.22298	-1.90322	2.61235	3.85492	-4.12463	-4.09544	
2.16736	0.980213	6.39824	-1.72577	0.379034	-1.77539	2.83417	4.55179	-1.54161	-6.74689	0.75692	-4.74672	5.91774	2.52756	-3.7222	-4.50379	5.75633	7.38705	-4.23439	-5.85879	
0.872331	-9.33905	-3.22261	-7.33233	0.60899	6.14862	-1.89361	4.39062	-2.87517	6.3052	-1.40711	-2.09049	-1.73521	-2.90203	-0.045281	2.74735	-1.97211	-8.02271	4.35566	3.43929	
1.60206	-13.5665	-3.68067	-8.76861	3.91768	9.13495	-4.11649	4.12298	-1.94104	9.36983	-1.25493	-1.00337	-2.69312	-5.50467	-3.11069	2.30256	-4.48337	-6.9428	4.64799	4.06128	
2.10233	-21.1371	-9.52423	-14.0283	2.21588	13.8593	-3.72693	8.32097	-3.81958	15.3203	-2.10259	-2.06367	-5.18921	-9.70973	-3.74822	2.88446	-6.80708	-13.9646	12.1192	6.84299	
2.19612	-15.1767	-6.09788	-9.33306	2.27093	9.65706	-2.78435	6.74048	-3.4999	11.8254	-2.66841	-1.48407	-2.00534	-6.19886	0.199568	1.85412	-3.47301	-11.6433	5.44553	8.50227	
-1.69727	11.0427	2.34315	6.18609	-3.12063	-5.89012	1.38723	-3.67158	2.50371	-7.50468	1.27657	0.178336	0.688504	2.75797	0.850684	-1.84719	0.953465	6.95277	-6.44866	-4.80672	
-1.40445	9.60251	0.800822	4.89215	-0.00911978	-5.14559	1.6448	-4.36753	2.50942	-5.93353	1.81025	0.770993	2.49525	2.49171	0.949777	0.37806	3.73753	4.13072	-3.48934	-3.74134	
-0.803843	7.36498	3.05499	3.16638	1.29726	-3.72418	0.456409	-2.20328	1.81991	-5.89136	-0.228024	1.2541	2.65751	2.1917	0.763435	0.797914	2.63147	5.52411	-2.89211	-4.39589	
3.18398	3.16993	7.50185	-1.60466	-0.4023	-3.97226	5.48258	5.24422	-0.881606	-8.32173	-0.801548	-7.75426	4.98843	3.61242	-3.1756	-5.0121	6.02822	8.10398	-5.44179	-9.8734	
1.04775	-3.4851	-1.35232	-2.79997	-0.170349	0.627961	0.471676	1.68574	0.345449	3.47185	-0.839839	-0.0760034	-1.43259	-2.87547	2.37309	1.82712	-1.0622	-1.18572	2.01041	0.67547	
0.993272	-7.54055	-3.13421	-6.69216	2.71656	5.05343	-1.8545	5.16872	-0.0458055	6.81741	-0.224713	1.34604	-2.33095	-3.69742	-0.931983	3.80188	-1.3227	-7.30905	3.89248	4.12418	
-1.31957	11.6417	2.35548	9.25213	-1.59553	-6.03453	3.72632	-5.30386	-0.0710018	-7.35709	0.382592	-0.345363	2.05459	4.975	0.0373922	-1.92414	1.89527	7.47907	-3.39502	-3.51964	
-0.526047	-0.558138	-1.43806	-0.813312	0.729837	0.936197	0.88692	1.00819	-1.30597	1.26919	-2.62148	1.46958	-1.16384	-0.397935	-2.47919	-0.718053	-2.49599	-1.55182	0.355582	0.00730292	
0.706539	4.79338	2.91825	2.9352	-1.95511	-1.96555	-0.0951592	-1.13945	2.20851	-3.21723	1.50684	0.176268	-0.0856234	1.07	1.45843	-2.21959	1.74949	3.42255	-1.46046	-3.22601	
-0.446014	-4.32041	-2.26599	-1.97507	0.68669	0.213386	-3.60637	1.68841	-0.778314	4.63337	0.211923	0.168394	0.107682	-2.66976	-0.412651	1.08785	-1.76209	-4.31991	2.03395	1.28302	
5.22274	-25.5796	4.01083	-18.53	6.30457	11.8989	3.09355	17.6332	-9.11633	7.67523	-2.60663	-14.8037	3.96733	-5.69314	-10.0746	-5.35418	0.434732	-0.178186	3.13614	-7.87848	
3.35837	-17.3563	-5.75927	-10.8008	4.13206	9.55358	-5.24337	7.61279	-3.53423	14.8828	-2.12576	-2.47195	-4.73469	-6.05795	-0.869201	2.9235	-4.17593	-10.7392	8.19826	7.10768	
4.47747	-16.6848	-1.48287	-12.4118	3.32987	8.62277	-1.67096	11.3758	-4.91097	8.96698	-2.18394	-7.38524	-0.716255	-4.40844	-4.44291	-1.22472	-0.785479	-3.25892	5.32947	-0.939516	
-1.477	4.95631	4.12112	4.05972	0.33215	-3.83003	-1.38819	-2.83582	2.26151	-4.12047	2.36102	0.839792	0.608155	1.59126	2.16954	0.195648	1.82943	4.48258	0.287811	-2.28446	
-0.765954	-1.56568	-1.00293	-1.11082	0.055001	2.12217	-0.679983	-1.39514	-1.56254	0.381602	-0.321246	0.12305	-0.472015	-0.0505661	0.312873	0.225286	-1.30615	-0.100285	1.88728	0.279957	
0.658832	-3.56273	-2.41665	-2.28635	0.376581	3.73857	-0.809561	2.47303	-0.877689	3.09462	0.759991	-0.481422	-1.97194	-3.37476	-1.20929	-0.112082	-2.14613	-2.93312	1.88277	-0.0493065	
1.33028	-5.1981	-0.907929	-2.20821	0.202053	4.99143	-0.968306	2.56188	-1.05701	5.42728	-1.08773	0.301714	-0.255967	-2.21542	-0.70869	0.454101	-2.36616	-6.23691	2.54471	0.657395	
0.608592	-1.35713	-0.48409	-1.35985	-0.935691	4.25168	-1.59174	-0.220121	-1.0317	1.40582	-0.262918	0.298817	-1.17854	-2.62219	0.36872	1.96883	-0.0691505	-2.78542	2.65413	1.25819	
-4.15933	12.4367	-3.65486	9.20182	-3.51096	-4.86467	-1.41006	-11.6417	6.42197	-2.44642	0.260322	12.3853	-4.77028	0.404175	6.40231	4.99542	-3.98027	-2.26634	0.158347	8.86176	
2.05432	1.63339	3.24191	0.438383	0.82558	-0.0821443	-0.926724	0.694475	0.244356	-1.77668	-1.42763	1.28631	-0.873897	1.19237	0.898739	0.738234	1.41177	1.20989	-0.553871	-1.80912	
