-0.825437	0.636978	-1.70411	-1.1015	-0.263331	-0.156968	-0.188106	-1.92377	0.667061	-1.01144	0.14782	1.6364	-1.52552	-0.314088	1.21456	-0.197921	0.854909	-2.00627	0.0118457	-1.33824	
0.748142	0.432068	-0.915663	0.951008	-1.47959	1.27548	-1.46209	0.339216	0.815267	-0.564444	0.595099	0.505124	0.694845	0.74401	-0.265608	-0.728269	0.386203	-0.731865	-0.19668	-0.784941	
-0.824559	0.06729	5.11008	-5.70887	-5.35018	-0.839449	-1.8675	-7.46529	-13.3121	-8.71774	-9.96567	1.07572	2.75941	-9.50789	-0.232127	5.02768	12.2531	-3.69858	9.38407	-7.28523	
-1.07916	-1.46728	-1.2927	1.03236	0.124735	0.943103	0.0420342	0.844272	-1.03417	-0.0120933	-0.912072	-0.667501	-0.257674	0.855854	-0.109452	-0.452994	0.0281127	0.354803	-0.634224	-1.14931	
-0.776023	-1.07893	-2.74472	1.76528	0.191138	0.127538	2.11268	1.93398	1.54254	0.443106	0.890781	1.0275	0.242244	0.862625	-0.444004	-0.493887	-0.916272	0.167868	0.329582	0.372876	
-1.39796	1.95157	-0.634972	-0.335206	-0.6305	-1.63534	-0.877306	0.917625	-0.725839	0.0246011	1.95125	-1.33553	-2.06195	-2.37154	0.732373	-1.5437	0.613124	1.3983	-0.131467	-0.0739225	
1.01487	0.298131	1.07286	-1.24835	0.265365	1.1642	1.81313	-1.18135	-0.618388	0.716589	-1.01912	-1.21369	-1.90002	-0.404558	-1.72929	-0.631378	1.28179	-1.58526	0.969893	0.550164	
-0.163084	1.0588	-0.821402	2.11462	-0.704481	-0.162189	-0.626339	0.362757	-0.0805821	0.692114	0.919594	-1.00685	0.148117	0.560471	-1.22558	-0.597577	1.02968	-0.634873	0.570679	0.255093	
1.86664	1.00366	0.301822	-1.0612	0.0477285	-0.602563	0.691062	0.523701	1.24965	0.720391	-0.730427	-1.43591	0.172928	0.267562	-0.416117	0.800369	-0.60748	1.85547	0.241181	-0.296046	
0.57372	-0.304433	0.0452561	0.373801	-1.58712	1.17478	0.0412431	-0.334246	0.489615	-0.0110059	-0.320165	0.191025	0.0690089	-0.837854	0.922912	-0.984618	1.03372	-0.000854656	-1.37714	1.62031	
0.754374	0.896593	-2.53052	1.72805	2.70691	1.30825	-3.03084	0.595558	4.05169	1.2523	5.81301	1.09619	-1.44988	3.52959	-1.9991	-2.02856	-5.3841	-2.06699	-5.03925	1.90763	
0.636988	-0.700225	-1.08603	-1.04808	-0.250843	-0.379562	1.65778	-2.59825	-1.0567	0.419421	0.00912471	-1.47457	-0.508765	0.380775	-0.793645	0.251005	-0.43279	0.953079	0.21016	-1.52757	
-0.944514	1.45017	-1.21234	0.521898	-1.68287	-0.775532	1.62703	-0.163065	-1.07465	0.609517	1.30253	0.405349	0.0972265	0.728702	1.36156	0.464733	0.334476	-0.162967	0.91421	0.287262	
-0.0283537	-0.652305	0.8948	-0.629602	-1.70571	0.509604	0.466638	-0.135562	-0.903294	0.753052	-0.323741	-0.521126	0.203203	0.898631	-0.925236	-0.888673	-0.991564	-0.514555	-1.39943	0.405745	
-2.59144	1.27033	-0.0693692	-0.0477165	0.550669	-1.49414	0.63354	1.21895	1.20275	0.217693	0.051852	-0.797209	0.158736	0.221704	0.482773	-0.499352	0.636089	-0.260939	0.553464	2.3576	
0.0501795	-0.588482	0.464776	0.278962	0.659156	0.673055	0.713196	-0.179933	0.173814	-0.131854	-1.10634	-0.299269	-1.56585	0.801048	0.261755	2.06122	0.833645	-0.585099	-0.416485	0.115344	
0.185791	-0.373248	-1.1526	-0.126068	1.80399	-2.19118	-1.74055	0.353582	0.707856	0.345023	0.767906	0.76538	-0.618686	0.749751	-0.749903	0.463787	-0.453064	-0.414876	0.82328	-1.04009	
-0.21505	1.34494	-0.552563	1.34387	-0.00395714	0.710402	-0.0212514	-0.0436484	-0.224239	-0.869897	0.0770425	1.56707	1.10828	1.88226	-0.293747	0.11562	-1.58224	-0.297952	0.791877	1.0781	
-0.901905	-0.377008	0.220013	0.461849	-1.58961	-0.717155	2.57723	-0.894181	-1.8464	-1.11207	0.132054	0.416207	-0.59963	0.797529	-0.306232	0.462328	0.236455	0.659303	-2.89602	0.0544216	
1.18189	0.0307379	0.185101	-0.743399	0.48935	0.468108	-1.4302	-0.986657	-0.658621	-1.19358	0.390786	-0.406165	-1.35877	0.905404	0.511618	0.23748	0.453034	0.862538	-1.73807	-1.32084	
-0.187575	-0.497449	0.759801	0.209202	0.665727	2.18045	0.71781	-0.531209	-1.05771	-0.31213	-0.780697	0.0376552	-1.30947	-0.32011	0.580325	-0.49302	0.301427	0.954281	-1.76308	0.16349	
1.25156	-0.259185	-3.09839	0.258557	0.565285	-0.441874	0.196241	0.256508	-0.355234	-1.39829	-0.944784	-0.841058	0.613134	-0.58854	-0.937472	0.0529404	-0.786342	-0.907115	-0.0543738	0.320905	
-1.4459	0.637513	0.951497	1.1953	-0.751173	-0.147359	-0.69846	-0.957319	-1.16015	0.597677	1.66701	-1.75873	0.703084	1.79958	-0.144962	1.77804	-0.612833	0.635396	1.45174	0.994694	
-0.128036	-0.935901	3.14255	-0.857092	-0.555251	0.852762	0.38218	-0.985973	-2.2963	-3.66629	-2.32365	-0.684824	-0.885886	-1.80603	0.0417333	1.2843	3.29411	1.48099	2.68501	-3.04576	
0.513915	0.715993	1.03072	0.330165	-0.452741	1.14182	0.523217	-1.67783	-1.09154	-0.86051	-0.219464	1.76135	-0.804283	-0.458686	-1.69882	0.655203	0.0420763	-2.09556	0.114462	0.455553	
0.0137332	-1.92083	2.15169	0.88714	-1.09037	-2.25824	0.449883	0.258628	-0.608018	-2.04669	0.647301	0.498009	1.04446	0.154642	-0.32525	1.05548	0.819795	-0.216165	1.56023	-0.925676	
-0.0925151	-0.356309	-0.841568	-1.65147	0.187993	-0.579704	-1.2811	-0.0085509	1.30813	2.11945	-0.88654	-0.875635	0.0183479	-0.655193	0.295988	-0.257422	1.50351	0.864989	0.0388927	0.20534	
-0.615568	0.780931	0.0566624	-0.577878	1.50551	-1.08325	-0.471837	-0.54957	-1.41775	-0.996496	-1.92355	0.278707	0.535307	-0.589212	-0.934886	-1.78396	-1.94335	1.10585	1.02691	0.0185617	
1.54388	0.655362	-2.22391	-0.0822769	-1.45605	-0.558864	0.188061	1.44394	0.76927	0.388426	-0.159997	0.240675	-0.398358	-0.0255328	0.540529	0.869679	-1.32089	0.938882	1.15752	-0.49318	
1.81799	2.30674	-0.512926	3.72277	5.2476	1.2514	-1.82017	0.677254	7.41882	5.34726	6.50841	-0.621765	0.166663	4.71905	-0.649035	-2.82364	-7.15814	0.35334	-7.59804	5.15626	
-0.691928	-0.216062	-1.26102	0.796903	-0.705213	0.0533208	-1.56641	0.557813	-1.22749	0.160122	2.08442	1.83447	1.24178	-1.74427	1.00007	1.25909	-1.31224	-0.507335	-0.413062	1.26572	
-1.99539	-1.58616	-1.63125	0.603816	0.722063	-0.224482	-0.406955	0.288299	-1.3476	-1.17025	-1.90933	-1.86129	0.548408	0.0482256	0.734599	0.00466556	-0.800055	1.31453	-0.296829	1.12252	
0.798615	-4.51398	-5.5245	2.97331	-5.31051	-1.25081	7.84575	12.4618	0.902947	0.0414738	6.19434	-5.42292	-2.44457	0.624533	-0.661975	-3.41566	0.568219	4.5949	0.521212	2.08042	
-0.0330791	1.06267	0.399218	-2.10523	1.27287	0.356754	0.75711	0.220336	-0.353935	0.603678	-0.691564	-3.15937	0.646066	0.45203	-0.409971	0.0759391	-0.732985	0.684324	0.673503	0.629926	
0.0246003	1.00222	-0.86009	-1.35625	-0.0910034	-0.670768	0.00515539	0.654641	0.702646	0.31019	0.966438	-0.469828	-0.153498	-0.179524	-0.576538	-0.00712505	-0.944061	0.805249	-0.662962	-0.746154	
-0.211868	-0.151461	-0.57196	-0.909078	-1.04999	-0.720217	1.18013	1.82258	-0.599873	0.417621	1.22651	-0.33963	-0.0825234	-0.698008	1.71834	-1.19494	0.17536	-1.56687	-3.25207	0.0957946	
-0.236817	-0.853518	0.251788	-0.410572	0.0132263	-1.01475	0.397114	-0.905925	0.311383	-1.10551	1.21283	-0.104589	0.552982	1.1992	0.803812	2.10537	-0.202284	-1.16971	0.193226	0.543865	
-0.218511	3.80256	2.66331	-1.9899	3.03301	0.0117206	-5.36171	-7.23642	-0.956056	1.41591	-1.64832	3.37985	2.92967	-0.248773	0.637611	2.00487	-0.204111	-3.15962	-1.23743	-0.407439	
-1.02763	-0.238477	-0.16351	-0.240155	-0.342152	1.08957	-0.117068	1.8465	-0.098357	-0.541189	1.39733	-1.88232	-1.46542	1.02482	-0.323354	-1.26082	-0.353752	-0.403861	1.51552	-0.311585	
0.689791	1.47244	-0.384305	1.32281	-0.53745	0.247821	0.12196	1.4534	1.4519	-1.22469	1.99257	-0.834349	-0.00949972	1.23015	-0.40856	-0.690468	-0.7256	-0.332131	-0.244499	-0.792718	
0.703749	-3.61926	-1.7725	0.298077	-3.0434	-0.729108	5.55432	5.58909	0.816489	0.271914	2.83614	-1.83308	-3.11583	0.908513	-0.90094	-1.55945	0.282548	1.89804	0.98036	-0.116222	
-3.2035	-0.770269	0.444216	0.7051	0.743326	0.444012	1.29665	-0.149445	-0.0194891	1.77737	-0.0841274	-0.571794	-0.684126	1.25707	-0.53941	-1.37313	-0.23275	0.849097	0.403485	0.41262	
-1.20711	0.559919	1.29785	0.280342	0.867664	-0.599659	0.208232	-0.0448143	-0.649546	0.578382	-0.753707	-0.680575	0.813771	-0.228663	-0.146514	-0.854941	-0.542365	-1.08546	-1.61264	0.0191664	
-0.323965	-1.46052	-0.86316	1.28413	0.0205779	-0.0949808	0.660444	0.737017	0.252407	0.860507	-2.71725	-0.0990971	-0.0909692	0.902098	0.684985	-0.529909	-0.259393	-1.75221	-0.474127	-1.5732	
-0.503696	1.24754	0.860073	-1.58337	0.0129021	-0.382535	-0.43176	1.74886	-1.53439	-0.110803	-0.0873139	1.93941	0.384461	1.0084	-1.61656	0.460267	0.406097	-2.06682	0.236858	-0.0618556	
-1.38621	-0.446884	-0.597113	-0.527703	-1.40077	-1.02634	-0.099535	-1.05133	-2.24572	0.389328	0.369908	-0.899297	-1.07136	0.675272	-0.799249	-1.19895	1.5791	-1.50685	-1.55734	0.473572	
-0.310944	3.77297	3.89277	-2.16234	4.83014	1.07273	-8.14786	-9.82097	0.242801	1.60798	-1.92406	1.93362	2.41844	-2.37242	-1.02354	4.34949	-3.33283	-3.89106	-2.80316	-0.254846	
-1.60935	-1.01868	-0.352528	-1.1503	0.570869	-0.787078	0.671323	0.960372	-0.071978	0.526395	-0.370069	-1.5762	-1.28731	0.436422	0.372423	-0.975901	-0.697522	2.07142	1.98207	0.941306	
0.0447743	-0.540558	-1.88542	0.0184464	0.839166	-0.216837	-0.54892	-0.165481	-1.49615	0.766945	1.92236	0.371406	-0.149074	-2.07357	-0.558101	1.39248	0.14078	-0.281226	-1.68629	-0.960222	
-1.13613	-0.0210426	0.493935	-1.57817	-0.191959	-1.20483	-1.27549	-0.621356	0.417329	-0.848107	-0.163844	0.732053	-1.15948	0.946486	2.44329	-1.10007	0.16608	-0.145813	2.08519	-0.185665	
-0.69924	-1.10096	0.473629	-0.549584	-0.378621	1.41202	-0.0615016	0.136233	1.31832	-1.11852	-1.31359	-0.453824	0.520129	0.298522	-0.438312	-0.859858	0.70865	0.0344335	-1.2393	0.599596	
-0.0350918	-0.868204	-0.4233	2.4998	-1.78642	-0.896071	-0.0368904	-0.0260213	1.20129	-0.698565	-1.44788	-1.5427	0.984648	0.225619	-0.231209	0.575698	1.63423	-0.654544	0.281039	-0.454816	
1.62607	0.701932	0.267377	1.77415	-0.65608	0.925662	0.926735	-0.781794	1.48616	-0.17803	0.481125	-0.625072	-0.38853	2.24632	1.2227	1.00581	1.47514	-0.643406	-0.809572	-1.05722	
1.61067	0.787774	0.0270692	0.487974	-0.0471098	-0.502341	-0.931905	-0.189895	-1.20189	-3.5637	-0.964237	0.305194	-0.150755	-1.217	0.54146	-0.655475	-0.392177	-0.191666	1.34433	0.246981	
1.05698	0.143764	0.604999	-0.113745	-0.561901	1.50632	-0.874823	0.192585	0.825071	-0.115035	-0.681317	-0.034124	-0.0976688	-0.101695	-0.441727	-0.14466	0.290661	0.252703	-1.05465	-1.81518	
-2.28376	2.18976	2.87283	-1.75043	2.8338	0.726678	-4.23516	-6.60998	-2.01954	0.744539	-2.07928	1.02846	2.75744	-1.65613	-1.0524	1.95854	-1.48112	-1.15864	1.2176	0.299407	
-0.579936	-0.807589	2.05386	-0.696507	-0.364062	-2.02418	-0.317605	-0.854912	1.76667	1.54696	0.186005	0.829918	1.52944	0.548128	0.820826	0.640282	0.24163	0.945037	-1.0361	-0.173021	
-0.487886	0.182847	-1.02707	-0.155384	0.347755	0.574132	0.123696	0.9266	-1.31014	0.0700823	-0.284577	1.00647	-1.744	-0.0043708	0.161081	-0.0611385	0.112096	0.0910498	0.302692	-1.45538	
0.221124	-1.1689	-0.281596	-0.0225417	-0.473871	-0.180835	1.24407	-1.29283	-1.03173	0.161452	2.48315	-0.224689	-1.11249	1.71064	-0.396911	0.229644	0.145578	1.58366	-1.78819	-2.51927	
-1.6418	-0.523452	0.400925	-0.435416	-1.61893	0.187516	-1.53542	-1.00761	-0.90799	-0.126675	-0.358673	0.622996	1.13674	-0.579472	-0.964032	1.68228	1.02719	0.0342854	1.21583	-1.1168	
-1.82382	0.901138	-0.173118	-0.624359	-1.32579	0.759169	-0.611623	-0.458071	-0.0136885	-0.0417609	0.198818	0.080684	-0.888025	2.05206	0.0151181	0.539089	-1.74673	-0.435553	1.16458	1.6056	
1.23308	0.356797	1.76602	-0.228337	-1.42685	0.936708	-1.79247	0.134572	2.42013	-0.185504	-0.599476	-0.106186	-0.230537	1.00449	-1.86838	-1.12076	-2.18581	0.195306	0.347275	1.77595	
-0.572714	0.708272	0.748014	-1.12922	-1.31553	-0.779054	-1.91947	3.37485	0.535131	0.980719	0.282996	-0.0671139	-1.76808	0.967463	-0.0258616	-0.012371	-0.708086	0.255037	-1.46484	-1.23081	
2.22753	-1.75344	0.391915	-0.0488873	0.335568	0.86366	1.01251	0.363596	-0.792715	-1.13557	0.094777	0.452373	1.92144	1.33349	-0.801945	-0.0600349	-1.20357	-1.50392	-0.722359	0.820759	
-0.92171	-0.518437	-0.44426	-0.758874	1.15984	0.274459	0.498729	-1.06664	0.670542	0.753745	0.84597	0.0161858	-0.389163	0.297784	0.0450131	-0.200074	0.0267065	-0.15616	2.07043	0.0962738	
0.0419688	-0.380531	-0.160617	-0.014362	-0.766036	0.11564	-0.252772	-0.904386	-0.316726	0.967444	-0.572493	-1.15811	0.210735	2.0855	0.677543	2.03227	0.44746	-2.71369	-1.12624	0.263387	
-0.564219	0.93713	0.00373381	-0.118349	0.0429814	0.576014	-0.137505	-0.309466	-1.08954	-1.75105	1.13118	-0.399539	0.222677	-2.11998	-0.274363	-2.97016	-0.296186	0.347765	0.516006	0.0406033	
-1.02106	-0.0339288	-2.17598	1.10065	0.44718	0.470623	-0.480455	0.834648	1.94352	2.17359	2.23396	0.952986	0.0577032	1.87063	1.62302	-0.491959	-3.14048	-0.153996	-2.91277	1.46449	
-0.419082	-0.99208	-0.953037	-1.61651	0.0719856	-2.51394	1.19964	-1.54244	0.612216	-1.24678	1.52934	0.403336	-1.19175	-0.243401	-0.913714	-1.21053	0.186997	-0.0373675	-0.553798	-2.59122	
-0.137195	-1.57707	-1.1402	-0.676267	-0.794117	1.0473	-0.329527	0.792879	-0.0751961	1.33922	0.634195	0.0226433	-0.336301	-0.501351	-0.0803187	-0.315714	0.344339	0.367631	-0.536523	-0.0317476	
-0.154352	-0.462867	-0.796047	1.21525	0.945732	-0.843313	-0.686684	-0.103328	1.00299	-0.883309	0.0953816	-0.45464	0.818088	-0.469482	-0.119146	0.37725	1.11119	0.13454	0.263665	0.546473	
-1.6312	-4.17304	-3.10725	2.0571	-1.6529	-0.700846	5.62284	6.45594	-0.110545	-0.3743	4.24498	-1.13552	-0.509478	2.85931	0.713309	-2.26426	3.0516	3.08661	-0.250492	-0.19175	
0.601554	1.42567	-1.268	0.32369	-0.677945	-0.916309	-1.56771	1.27497	-1.9027	1.72736	-0.788925	-1.45052	0.548056	-1.64358	-1.21738	-0.541121	-0.818344	0.163148	1.02491	1.35259	
0.077873	-1.48951	-0.0413281	0.556863	0.278772	0.0759565	0.635727	1.63033	-0.616266	-0.159157	0.483245	-0.740173	0.386275	-1.33899	-0.397571	0.646351	0.172986	-0.0970052	-0.102684	1.14412	
0.792763	0.632646	-0.813453	-0.156668	-0.508357	-0.935019	1.16038	-1.21517	-1.41731	-1.04949	2.05934	-0.228241	-0.27689	-0.385349	-1.49439	0.0909914	0.471798	0.637147	-0.566051	0.0376544	
-0.098713	0.724128	0.899029	1.48449	-1.01304	-0.905438	-0.516363	0.86765	-1.37432	1.76403	-0.687093	-1.58922	-0.592439	-2.67642	-0.281225	0.908519	0.751188	-0.0403622	0.810538	-1.15674	
0.536419	0.150588	0.772631	-2.79051	1.21227	-0.296046	-1.94788	-0.0355522	0.480184	-1.11823	-0.38508	-0.330949	0.130009	0.20262	-1.22363	0.113816	0.109792	-0.0394695	-0.202863	1.92907	
-0.327288	0.998098	-0.157833	-0.374579	-2.23036	1.16666	1.32719	-1.44897	-0.793237	0.706323	-0.421126	0.805776	1.31948	0.261779	-0.314997	-1.96116	2.17967	-0.935394	-0.360579	-2.54947	
0.869876	0.404323	-1.48343	-0.309624	0.283899	0.548989	-0.472592	1.99641	0.470883	0.898929	0.925867	0.328123	0.895038	0.567713	0.958351	1.44147	0.950028	1.26325	-1.22515	-0.43505	
0.205961	0.704339	0.774271	0.976167	2.30502	0.483695	-1.06366	0.855773	0.148765	0.148021	-1.73478	-1.20364	-1.35721	-1.35751	-0.614658	0.121895	1.36344	0.607384	-0.634619	-0.161457	
-0.453876	-1.65894	0.138569	0.568078	-1.10059	0.206063	1.07269	0.91296	0.680753	0.476451	0.384857	-0.759765	0.380847	-0.885021	-1.6732	-0.84351	-0.429312	-1.69036	0.4493	-0.181123	
-1.27375	-0.459432	0.693624	-1.58386	-1.39687	1.62602	-0.402267	-0.20463	-0.527013	-0.810156	-1.39043	-0.319883	2.4369	0.165051	-0.852336	-1.28084	0.132358	-1.37467	-0.195166	1.60402	
-0.171826	1.44499	-0.637709	0.148762	3.53332	-1.21891	-2.01367	1.22516	2.99317	1.56503	2.84244	1.35844	-0.808586	1.14927	-0.259291	-1.71466	-4.58796	-0.404328	-3.36083	3.57113	
-0.833121	-0.059355	-0.579571	1.23737	-0.543663	0.32229	0.0349604	-1.24788	0.687328	0.221898	-1.49742	-1.01036	-1.65608	-0.766664	-0.176788	0.0872667	0.567656	-0.166445	-1.73517	0.502428	
2.07595	0.229828	-0.948173	-0.937342	-0.451695	0.944934	0.418524	0.772677	-0.565871	-1.13376	1.12209	-0.231638	2.23984	2.02715	0.0737353	1.82088	-0.56555	-1.52665	-1.70229	-0.349417	
0.86818	0.0942452	-0.179499	-0.405669	0.883906	-0.872778	-0.592031	-2.09324	0.179533	1.14336	-0.520247	0.146205	-0.20068	1.04353	0.797258	0.697151	1.5043	0.0912965	-0.975393	-2.12665	
0.233377	-2.2587	0.258812	1.72277	1.47222	-0.158625	0.465894	0.219235	2.18198	-0.088568	-0.354661	-1.19818	1.41184	1.02901	-0.142165	0.336363	-0.751917	-0.884233	0.090791	1.62443	
2.82986	8.47583	1.75602	3.40902	10.9472	0.952332	-11.7017	-9.83635	11.8531	12.0294	5.94557	3.91565	1.92489	3.46317	-0.466322	0.306238	-12.3215	-3.58059	-12.9791	8.16268	
-1.23811	-0.627705	0.412927	2.49436	0.766906	-0.585447	0.478914	0.471054	-0.884876	0.0583953	0.958769	1.03165	-1.46156	-1.46484	1.02733	0.419128	-0.50776	-1.00876	-0.238095	1.7788	
0.340247	3.56583	3.00896	-0.14273	3.12005	0.354899	-6.45517	-9.33425	-0.511687	1.18435	-4.7299	2.61641	1.93799	-2.79138	-2.18862	4.965	-2.24225	-3.57291	-2.71394	-2.76793	
0.896443	1.45723	-1.6858	-0.527441	1.00603	0.925323	-0.0151869	1.78761	0.306011	-1.01926	0.886606	1.13605	0.643127	1.5293	-0.606771	0.67135	-0.0334694	0.497491	0.507938	1.19589	
-0.0449376	-0.358942	-0.437146	1.27389	0.754065	1.64176	0.372068	0.316536	0.268354	1.72965	0.337167	0.0437711	0.592678	-1.23939	-0.807933	-1.32643	-1.42786	0.764858	-1.83403	0.0128947	
0.238545	-0.812378	2.72832	-2.05493	0.617264	-0.5437	-0.791985	0.00710206	-1.98546	0.389411	-0.168331	-0.613715	0.933574	0.189547	0.415556	1.27714	0.791412	-0.666943	0.616769	-0.388784	
-0.00437067	-1.12799	-0.830251	1.19481	0.0407081	0.135585	-0.466213	0.30479	0.559073	1.54887	-0.473683	1.62256	0.498591	1.15366	0.781966	-0.796087	1.46245	-0.375525	-0.869681	-2.32703	
0.801386	0.188129	-1.59695	0.824623	-0.247911	-1.84852	-1.42519	0.70177	-0.987909	-1.0609	-0.924151	0.159099	1.25164	0.315636	0.492186	0.0451346	-1.75142	0.421094	-0.739498	-1.6498	
-0.616602	-0.51167	0.841389	-1.30432	0.730906	0.092971	-0.216062	-1.82415	-1.22629	-0.986303	0.583257	0.73323	0.00606804	0.446325	1.85077	0.922173	-1.08681	1.59997	-0.82422	2.82457	
-0.351903	-1.34765	2.11267	-1.24508	-1.42096	-0.130749	1.19429	0.017629	-3.44332	-3.06329	-1.22601	0.126381	0.822448	-1.45737	-1.33757	1.88123	3.66723	0.0834703	4.26156	-1.53075	
1.25682	3.81713	-3.02386	2.28115	5.09372	-0.21423	-3.39689	1.9386	6.94476	6.76501	6.448	0.200519	0.852572	4.16394	-1.30847	-4.65863	-10.0528	0.158985	-7.68126	5.85562	
-0.0636346	-0.234446	0.396567	0.162844	-0.593673	-0.875892	0.307642	0.786086	-0.251644	0.885343	-0.254984	1.01125	1.95054	0.518756	-0.436942	0.976635	-0.254135	-0.461614	-0.973769	1.43893	
1.65365	-0.189055	-2.54161	-1.42405	0.993907	-0.445365	-0.269634	-0.0788417	-1.17479	1.05674	1.33772	-0.973212	-0.0924802	0.188998	-1.30068	-0.644964	-1.1703	1.15845	0.361614	1.10129	
0.156599	-0.543209	-0.598976	-1.01139	1.93568	-0.0450773	0.811399	0.272452	-0.688061	0.0317436	-1.07624	-0.37788	-0.800452	0.491073	-0.551586	-0.69669	0.555272	-0.222135	0.955516	0.284034	
-7.20898	0.342942	0.175699	-7.69177	-0.292139	-0.681014	2.38801	-0.605494	6.55935	-4.88932	1.8781	-8.54459	-1.87426	-1.00409	-0.657607	-4.09059	1.18782	2.06201	-1.87564	3.5089	
1.24428	2.22276	0.173667	-1.21865	0.804912	-1.41115	0.889918	0.170191	-0.568545	0.0464755	-1.37607	-1.20971	-0.23561	1.59435	0.528741	0.584687	0.80212	0.469566	0.924831	-0.739973	
-2.65541	-5.22459	5.30512	-9.39666	-12.8263	0.270776	6.35527	-0.203934	-18.0525	-14.7117	-14.6172	-1.82364	0.567269	-9.42358	0.401445	4.35937	19.269	-1.33725	14.9996	-11.6833	
-0.341004	-1.38013	1.52831	1.97575	0.541049	-0.786644	0.293206	0.14514	1.50086	2.2797	-0.363331	0.522071	1.5467	0.0359487	1.06351	-0.451894	-0.0327141	0.49183	-0.333892	0.306558	
1.18406	-1.71471	1.74573	-2.3937	-4.60952	1.52551	2.54673	-1.44127	-7.41293	-6.30272	-6.09885	-1.18599	-1.7589	-1.75806	1.46178	3.15442	6.7025	0.952735	7.79941	-5.91733	
0.623362	0.525961	-0.561396	-1.04123	-0.49915	-0.441574	-0.383162	1.48015	1.8706	0.657402	0.566433	-0.882073	-1.29978	-0.875841	-2.37692	-0.642839	-0.582554	1.63216	-0.343032	0.59092	
-0.140672	0.635828	0.254838	-0.474088	-0.540138	-0.126395	1.05345	-0.918705	1.8999	-0.400116	-1.54721	-0.305621	0.0312905	0.446418	-1.11655	0.506323	-0.0684123	0.573183	-1.12632	0.784802	
-19.4947	-3.90336	4.54399	-24.5427	-7.25029	-6.8254	6.90978	-4.89867	1.20485	-29.6307	-6.96882	-21.4098	-0.508205	-12.7578	-2.61338	-7.33592	18.4312	6.55398	10.5401	0.673178	
6.2534	-1.58685	1.40732	6.91065	-3.19494	1.98333	2.12427	-0.664125	-13.0929	3.45498	-5.38764	8.96106	1.91096	-1.83686	2.08571	8.25785	3.10863	-2.55053	9.07819	-9.39871	
-0.579476	-0.356984	0.727427	-0.982704	-1.46206	0.961026	0.493341	0.526993	0.0645762	-0.310621	-0.122934	0.787932	1.72176	-1.48498	2.09169	-0.742307	0.23168	-0.15241	0.600772	-0.613088	
1.12219	0.447896	-0.234863	-0.0641732	-0.208229	-0.129253	0.858478	2.02747	0.28158	-2.36873	-0.259671	1.61632	0.531141	0.356666	0.919364	-0.784861	0.845792	-0.378947	-0.16002	-0.433875	
0.484346	1.41107	0.0921306	1.1196	1.62957	-0.224208	-1.18559	-0.128859	-0.125458	1.41641	-1.4074	0.940153	-1.35214	1.04693	-0.531425	0.667857	-0.173847	1.57253	-0.72612	1.388	
-7.62547	-0.339588	-0.931803	-8.7261	2.14419	-3.78731	2.95551	0.535673	4.60965	-5.70486	0.32105	-7.63539	-0.594495	-0.19495	-2.79942	-4.45153	2.33095	0.998513	-1.13312	2.69045	
1.17744	-0.0817408	-0.370145	-0.296173	-1.60009	0.940189	-0.685782	1.27835	-0.214579	0.786888	-0.949389	0.338206	-1.03859	0.0917139	0.515758	0.988334	-0.872489	0.716429	1.66775	-1.09323	
-1.1489	-0.0211779	-1.74889	0.116737	2.905	-0.582489	-0.306818	0.15393	0.98801	-0.889873	-0.658152	-0.536945	1.38115	-0.475519	-0.17429	-1.39839	-0.372631	1.30081	-2.08289	-1.09125	
-0.544593	0.180386	0.0931785	0.0313374	-0.423527	-0.999017	0.552213	0.325693	0.870484	-1.47847	0.402278	0.701531	-0.895831	-1.46519	0.46368	-1.66222	-0.785562	1.56239	0.356489	-1.20794	
-2.96281	-0.605203	0.476346	-3.44701	0.11438	-1.40095	0.157589	-1.10131	2.91854	-0.567803	0.10969	-3.10495	-2.39402	0.451762	-2.39316	-0.964443	1.94311	2.22267	-0.804319	1.13452	
-0.756015	0.680796	1.88339	-0.624487	-1.56579	-1.19266	0.0983991	0.0559378	0.716309	0.207061	1.64227	0.546483	1.11966	0.289523	-0.64311	-0.821911	-0.343376	0.00323553	1.16121	-0.900669	
-2.07515	-4.40975	3.28068	-5.00024	-7.74242	-0.682914	4.27505	-2.40072	-12.6595	-10.3591	-10.9164	-3.03592	-0.0434579	-5.94699	0.981033	3.99672	11.4266	-0.315781	10.2163	-8.67145	
0.999485	-0.204472	-0.0945684	-1.27676	0.222433	-0.780294	0.931651	-0.398928	-1.28022	0.358757	0.759165	2.73508	0.219366	0.994817	0.131182	-0.855945	-0.199357	1.15277	0.183775	-0.0204354	
0.256439	0.648003	-0.301213	1.08026	-0.961354	-1.02762	1.03436	1.04119	-0.892088	1.81238	-0.148412	-0.0202807	0.0973826	0.900659	-0.550713	0.61602	-1.23069	0.0933749	-0.212859	1.01251	
-2.03589	0.075553	-0.239225	-1.39405	-0.74721	-1.27518	0.409434	1.31627	-0.806136	1.9922	0.558664	-0.151257	-0.0129499	-0.181795	-0.662972	1.32839	-2.1605	0.85665	0.598059	-0.390698	
-0.452168	-3.34799	1.45388	-2.88669	-4.98452	-0.0955074	1.70363	-2.10112	-7.94942	-6.10256	-4.21111	0.909982	0.182206	-2.09209	3.37415	4.77326	4.303	0.655339	7.22677	-4.86872	
-6.31344	-0.206463	0.6709	-4.48388	2.87532	0.170717	0.475213	-4.86497	2.39257	-12.1887	3.24723	-4.24471	1.77261	0.854947	4.38308	-2.5709	5.06264	-5.33575	-3.58756	5.68723	
-0.251475	-0.838026	-1.78647	0.388653	0.220162	0.278112	-1.52857	0.291845	-0.337146	-0.713031	-0.159173	-0.929787	0.375235	-0.53798	-0.302827	-0.0807849	-0.841785	-0.26673	1.90435	0.543302	
-0.158327	-0.340088	0.511856	-0.881204	-0.79293	0.100099	0.085906	0.335999	1.07028	-0.309393	1.48583	2.10343	1.12029	0.266987	1.00905	-0.683694	0.982347	-1.31114	0.025667	1.35551	
-0.361497	-1.67049	0.237111	-1.79887	0.667326	-1.67978	-1.5371	0.899137	1.38916	-0.0393516	-0.496248	-2.09089	-0.386627	0.905827	-0.936925	0.615793	-0.871136	-1.29724	1.64609	-1.80394	
-0.00460796	0.708984	-0.00870449	-1.47123	-0.0254509	0.276655	-1.02313	-0.632072	2.0015	0.700332	-1.70534	-0.0541278	0.457117	-0.28731	-0.153289	-0.255893	-0.818395	0.484783	-0.896913	-0.839127	
-1.18157	1.22811	0.727584	-0.480393	-1.5116	-0.193367	1.01717	3.26026	1.88428	0.468661	-0.873269	-1.89611	-2.69646	-1.09382	-1.9744	-0.696716	-0.678242	4.96996	-0.207575	1.24634	
0.285573	-1.19056	-0.458448	0.0610175	-0.397034	1.19458	-1.6662	0.314731	0.777616	1.87145	-1.4251	-1.58523	-1.02807	-0.37486	0.646844	0.658138	1.91576	-0.298101	1.71608	-0.251807	
-0.40813	0.189512	0.452774	2.37004	-0.404888	-2.64625	1.72522	0.0501705	-1.06862	1.03555	0.932772	-0.584497	0.661809	-0.315848	0.198601	-0.595368	-0.267125	0.313543	-2.29013	-1.14788	
2.0718	4.24697	-3.86367	4.70429	7.97629	-0.168622	-4.139	2.59292	11.1972	9.38633	9.95257	-0.191721	-0.224643	6.06188	-0.161055	-3.99176	-11.3772	0.919013	-11.2061	6.76343	
-0.211845	-1.66455	0.0130739	1.49103	-0.164273	0.0987433	-2.01997	1.38724	0.318002	-1.87184	-0.871094	0.279607	-1.01938	-0.443003	0.81042	-0.522443	0.669995	0.228311	0.451575	0.313196	
0.79525	-0.709248	-0.806723	0.889945	1.14253	-1.96404	-0.577346	-0.116286	0.672459	1.02629	-0.243518	-0.845938	0.14742	0.286717	0.871672	0.289104	-0.268138	0.965537	1.5323	0.245679	
0.0871476	-1.44357	1.7998	-0.368155	0.0598379	-0.695629	-0.227204	0.837847	0.138067	-1.68525	1.3208	0.071215	0.183038	-0.586543	0.939543	-1.10651	-1.67597	0.753527	-1.63343	-1.08768	
0.579766	1.45433	-0.0439452	-0.829266	-1.09544	1.99187	1.75978	-0.0805082	-0.356627	0.242477	0.0734833	-1.02323	-0.0946572	-0.292007	-1.09374	1.02074	-1.62033	1.60812	1.01755	0.131675	
-0.119318	0.353168	-0.708501	1.43971	0.282489	1.18747	0.595997	-0.113004	-1.6521	-0.630038	-0.342149	1.22527	0.00222537	-0.670195	-0.68065	1.10017	-0.618286	-0.487329	0.670755	0.0728666	
2.30577	0.394506	-1.82547	-2.10508	-0.925946	-0.580993	-0.0600039	-0.577251	-1.62582	-0.22627	0.57981	-0.633909	-0.94803	0.888137	-0.0809291	-0.427455	-0.181754	-0.123305	-0.13132	0.117021	
0.0977875	-1.12331	-2.13916	0.388283	-1.52044	0.920084	0.884714	-0.973779	-0.29711	0.495624	-1.19748	0.25852	0.171718	0.940716	-0.260415	0.47806	0.565162	-0.150226	-0.686649	-1.28434	
-1.45289	-2.24755	1.92181	-2.2958	-5.00534	-0.39762	3.50784	-1.78451	-8.08277	-7.9849	-7.51901	0.128139	0.96949	-4.22468	-0.413041	2.63983	9.11938	1.27229	7.76463	-5.9619	
-1.15195	-0.254892	-2.37419	0.481569	1.43942	0.28135	-3.02891	-0.0440149	-0.582045	-0.632922	0.531691	0.892244	-1.15837	-0.344125	-0.316611	-0.123998	0.675834	-0.0220823	0.519925	-0.188384	
-0.0604563	-1.37955	-1.88527	-0.618907	1.5224	-0.338521	-1.08366	1.4965	0.680036	-4.27452	0.632541	-1.96965	0.288582	-1.07639	-0.300292	1.44113	0.658911	-0.643139	1.31737	1.59934	
-13.8626	-3.15979	-11.321	-15.2833	10.027	-4.08288	-14.5521	-0.503451	18.6405	-34.5927	8.67131	-13.5166	3.2176	-8.94598	-13.9781	-1.48318	-5.30382	9.68686	2.59366	6.26188	
0.301423	-2.05525	-0.321809	-0.0972178	0.0833344	-0.492258	0.318281	-0.595851	1.17117	0.777472	-0.818097	-0.278247	0.993691	1.59918	-2.0222	1.31381	1.88826	1.29228	2.19435	-2.03306	
0.132017	1.62318	-0.65577	0.196723	1.98648	-1.94287	1.0458	0.607382	-0.406565	-1.30263	0.0757613	-0.717317	-1.01463	-0.466119	0.665335	-0.948234	-0.307801	0.241936	0.336788	1.38676	
-0.419057	-0.435667	0.792594	-0.93664	0.161667	-0.698213	1.62453	-0.248763	-0.185418	-1.42762	-0.118791	-1.12807	1.34856	0.378652	-0.275213	-0.467415	1.24008	-1.2152	0.891878	-2.43109	
-1.07036	0.750706	0.0120193	0.220038	-1.51709	0.138053	-1.16079	-0.62127	-0.995109	0.814441	-0.174753	0.212012	-0.497866	2.41918	-1.2249	0.497424	1.19753	-0.900073	-0.531236	0.00545477	
-0.645271	-1.43104	0.0313186	-1.09059	-0.110162	-1.79241	0.896349	-0.700767	0.282661	1.32392	-1.50209	1.13328	1.48138	-1.21644	0.163323	0.514364	0.678946	0.142423	-0.625186	1.02421	
3.10792	-0.900145	0.0285915	4.01808	1.24658	2.64111	-0.774945	3.16096	-1.01092	2.26496	0.795098	1.89147	-1.15276	-0.20344	1.85643	3.39873	0.202856	0.497945	0.527335	-1.27207	
-8.40346	0.698167	1.10985	-9.78898	1.41309	-3.04717	-0.382868	-0.192146	7.06515	-7.00108	0.81563	-10.0322	0.533259	-2.70096	-0.653362	-5.75293	2.9091	2.62037	-2.33661	2.80759	
-0.0600604	-0.178293	-0.341127	-1.0211	-1.71216	-0.0826066	-1.67494	0.645135	0.262308	0.864628	0.162233	1.0456	-1.60714	0.316151	0.519651	-0.639613	-1.82114	-0.669828	0.759161	0.0916101	
1.22134	1.7489	-0.140734	1.79364	0.0142077	0.130589	0.475937	-1.01299	-0.676227	1.50716	-1.57999	0.262427	0.282294	1.50398	0.29398	1.26447	1.12942	-0.193835	1.18496	-1.47457	
0.476704	-0.602495	-1.4669	0.712112	0.0441834	-1.09229	-0.631732	1.53157	-2.87869	1.16979	0.420341	0.418801	0.663605	0.680057	0.718115	0.780979	-1.48446	1.30578	0.13885	0.169441	
-0.981354	-0.178665	-0.818084	0.392433	-0.844626	-0.616188	-1.08715	0.105935	-0.342914	0.706664	-0.237053	-1.67827	0.214923	1.25012	0.368621	-0.427598	-0.0464658	-1.17983	0.946971	0.139836	
-1.81409	-0.845178	-1.22596	0.389685	1.11621	-1.75664	0.194784	-1.06628	-0.116729	-1.16889	-1.04542	0.557059	-0.343192	-1.0444	0.392254	0.00671865	1.25288	-0.160541	0.566562	-1.82962	
1.89005	-2.15395	-7.74035	0.395233	5.81481	-0.837308	-5.97039	1.74318	0.795329	-11.4079	1.69792	-0.519335	2.20719	-2.50313	-4.47552	3.30622	-4.50526	3.7116	2.26268	-2.11051	
-0.543391	-0.906669	0.755742	-0.0431449	2.11818	1.3787	-0.52485	0.581051	-1.52506	-1.37466	-1.08505	0.720019	-2.61297	0.496106	0.504227	0.994902	-0.13901	0.363027	-1.59736	-1.63339	
-0.0833553	0.993512	0.509214	-0.0446873	-0.649985	-0.341401	-1.1287	-0.459033	1.2479	1.15349	0.415613	-0.703722	0.563548	0.31542	-0.0935761	-1.23902	-0.777746	0.477497	-0.166222	1.51228	
1.84221	0.843069	1.57601	-0.898659	-1.34185	0.377603	1.3993	-0.161754	-0.79689	3.03609	-0.943259	0.618911	1.09513	1.60558	-0.228918	-0.81075	0.0609662	-0.909757	0.562236	1.13638	
0.931487	1.12359	-1.25192	1.12112	0.941818	-0.517395	-0.601228	0.227148	-0.272419	-0.30854	0.326722	0.271759	0.470947	1.01641	-0.358739	-0.520139	0.519135	0.684597	-0.0491963	0.744505	
2.39055	0.676786	1.64163	-2.06063	-1.60053	-0.0226641	1.8429	-0.967778	-4.12841	-4.37232	-3.73316	0.872564	-1.12854	-3.09321	2.12245	1.14466	3.64725	-2.95199	4.92938	-2.25799	
1.05816	0.547761	0.144454	3.46186	0.290786	1.55555	0.0789624	-2.05188	-2.52089	0.983496	0.279597	0.863834	1.02107	-0.798771	-1.50529	-0.351491	0.511638	-1.08009	0.180657	0.758226	
0.96818	1.3494	0.982218	-0.353727	-0.958841	0.885619	-0.165671	0.938405	0.327687	-0.0441976	-2.03005	-0.189977	0.97861	0.0653307	-0.624329	0.876782	-0.413845	2.10993	1.31768	0.269498	
-0.339849	0.00161449	0.885198	2.05573	1.26501	0.570421	0.156933	-1.87021	-3.28149	-5.11199	2.2821	2.81067	2.78738	2.8001	5.80939	1.80327	3.58678	-5.3397	-0.367516	-0.253624	
-1.78806	0.418502	0.333665	-0.421967	-0.823406	0.898886	-1.58899	0.740754	0.926371	1.50492	1.36034	-1.31728	-0.00359001	-0.774177	-3.16741	1.20432	0.803055	0.701049	1.6165	1.01822	
0.470665	0.117851	-0.90919	0.269606	0.686441	0.148036	0.13124	-0.0422104	-0.341587	0.662185	-0.202369	-1.25371	0.501028	1.66467	0.736978	0.0912679	0.408244	0.529525	-0.984301	0.614402	
-1.6893	0.554369	1.16605	0.100851	1.98697	0.986221	-0.369363	-1.6434	-0.907437	-0.207134	-1.45503	-0.0478175	-0.57438	-0.848397	-1.19425	0.440169	0.36327	2.54027	0.543963	1.61161	
-1.88913	1.45224	-0.888858	-3.45911	-1.19935	-2.12472	-0.2965	2.85274	5.03812	5.74242	-0.559892	-2.36508	-5.85646	-1.94337	-2.7124	-1.30669	-5.07893	6.73605	-0.104729	-0.802879	
-1.63439	0.132275	2.27896	-1.43002	-2.91036	0.305637	1.92064	0.674712	-1.67489	3.35941	-0.192696	-0.910248	1.8642	-0.966667	0.398388	-1.67029	-0.413015	-0.0915572	-0.0421231	-0.33538	
0.049543	0.406709	0.889526	-1.0831	-1.43247	1.03412	0.942516	-0.548269	-0.172014	0.553614	0.392648	0.567384	-0.31318	0.542144	0.487944	0.00356494	0.680136	0.578511	-0.151822	1.52163	
-1.00625	-1.00196	0.00198245	0.3601	-2.01782	1.96323	-0.947927	0.100665	1.60819	-0.893239	0.928335	0.019491	1.31921	-1.05339	-0.0906264	0.799748	1.53623	-2.00275	-0.831995	-1.15275	
0.0593903	-0.435425	1.41796	0.553011	0.974981	0.719749	-0.478529	1.33522	0.53224	-0.634473	1.23052	0.436836	-0.638442	-0.379968	-0.923776	-1.34325	-0.0686122	2.68357	-0.595918	0.226969	
-0.643197	-0.307733	0.643521	0.594945	-1.46552	-0.269658	0.463709	1.82369	-1.68343	-0.558487	0.0936065	0.56269	-0.0794081	-0.00512855	0.388977	0.501334	0.100332	0.405271	-1.81471	-2.9312	
-2.28774	2.46449	0.499745	-4.21353	-2.28156	-2.01466	-0.331869	3.63492	4.83134	6.33688	0.861491	-3.85313	-5.02035	-2.48018	-5.15996	-1.71185	-5.04625	8.07266	1.14342	-1.59441	
0.380199	-1.61954	0.381161	1.76335	1.07722	0.0833169	0.413255	-0.658437	1.00925	1.20706	0.968158	0.774942	0.37203	-0.523546	0.000899501	-0.213522	-0.696999	-0.450052	-0.753955	2.30018	
1.1446	3.9803	-2.15144	3.78806	4.99913	0.347244	-3.99375	-0.760039	7.38438	5.81517	7.17684	4.5599	-0.875095	3.42319	0.171533	-2.69337	-7.51614	-0.133999	-5.69347	3.56286	
0.434983	0.702706	-0.0970171	0.120878	-0.239591	-0.0258567	-0.498766	-0.70345	2.45969	0.481101	-1.73772	-0.84003	0.0349808	-0.455108	-2.39417	0.290507	0.562024	0.797166	-0.38041	0.361359	
0.366655	-0.451039	-0.149748	-2.36615	-0.160003	0.836268	-1.35111	-0.172961	1.12524	2.296	1.48024	-0.0255052	0.363903	-1.92513	1.29727	-0.191838	0.580546	1.23465	-0.594361	-0.694076	
-0.933874	2.35352	2.63923	-1.07263	0.280868	0.273197	1.31533	-0.600509	-0.471561	-0.642359	0.914054	0.0411826	1.18567	-0.101611	0.84743	-0.0559771	-0.331043	0.343723	-0.845233	-0.31765	
-0.0338013	0.896759	-0.188972	-0.0282101	-0.0334346	-1.32848	0.108811	2.5569	2.20968	4.79064	1.43876	-1.39635	-4.4168	-0.0819961	-2.48278	-0.735462	-3.24321	2.93597	0.821291	0.937706	
1.81103	-1.21799	0.347158	0.584667	1.50391	0.909087	0.517796	0.276927	-1.20157	-0.624229	-0.583906	0.24569	-0.197157	-0.284057	0.797976	1.1091	2.49071	0.815089	-0.974182	-0.762916	
-0.478886	0.851831	0.982463	0.61958	-1.06764	-0.209493	-0.554807	0.392983	3.07355	-0.941237	-0.354572	0.255803	-0.658877	-2.63525	-1.73821	0.225066	-0.0831215	-0.891751	0.898664	-0.153878	
-1.22123	1.23072	0.588047	-0.828123	2.90293	0.125309	-0.23148	-0.0632438	0.456323	-0.598906	0.6021	1.55137	-0.479893	-0.648912	-0.144495	1.07049	-0.759505	1.23682	0.197021	-1.5898	
5.30372	0.295779	-1.37046	1.95547	-2.90709	2.07847	-0.542994	4.84888	-0.274814	14.3515	-1.50932	4.87334	-3.92552	-1.42626	-3.80209	1.71838	-8.22782	7.86096	3.03416	-4.23426	
-0.672241	-1.65171	-6.11634	0.960598	2.90264	-0.407482	-6.63294	-0.337467	2.54281	-12.4596	3.49884	-1.58524	1.95606	-3.11534	-7.36778	1.94465	-5.18894	1.20135	0.0370353	-1.92365	
0.0179275	-0.322016	-0.0620264	0.153696	-1.90406	-0.476498	-1.6438	0.6691	-0.48117	-0.104309	1.22234	-0.066898	0.564982	0.368989	0.758159	0.843476	0.488082	1.24327	0.15182	0.742013	
-1.66103	-0.971856	-0.403137	1.28759	1.52941	-0.676346	0.0937065	0.569729	2.26363	-0.209976	0.907209	-1.8647	-0.310928	0.575118	-0.350317	0.872866	-1.1178	0.178122	0.115497	0.37832	
0.531392	0.440445	2.31448	0.582398	0.159742	1.48223	2.01325	-0.794014	-0.775237	0.373993	1.57003	1.84494	0.208987	1.20596	0.212264	1.24573	-1.3756	-0.476789	0.815466	-0.765669	
0.111637	0.123426	-1.04696	0.49659	1.0866	-0.734155	1.97352	-1.33157	0.998993	0.811451	-0.290837	0.729774	-0.147275	0.0760987	0.848164	-0.421079	0.36768	-0.269892	-0.778664	-0.182141	
-1.25078	0.749049	0.164216	0.035541	-0.0383122	2.21875	-0.647162	-0.210502	1.09613	0.397112	0.644794	0.758814	-0.990047	-1.32414	-0.929893	0.262123	-0.522319	0.22472	1.43141	1.02172	
-0.914751	-0.0225368	-1.13564	1.40709	-0.425085	0.257318	-0.214796	-0.321805	-2.32234	-0.388429	1.04448	0.517123	1.6607	-0.655098	0.398204	1.8281	0.843639	0.734917	-0.191191	-0.134306	
-0.176148	1.19684	-0.466793	-0.691516	-0.916265	0.10561	1.33193	-0.611827	0.0203037	0.270056	-0.166697	-0.42664	-0.684413	0.809184	0.700564	0.231206	1.30096	0.742486	-0.960591	0.944092	
-0.92269	-0.20901	2.07005	-1.34176	1.64235	0.999658	0.766698	0.0876683	0.0452856	2.2174	-0.621449	-0.0869359	-0.694059	0.0801225	-1.53148	-0.796829	0.271636	0.834742	-0.456852	-0.411874	
0.204648	-0.451598	-2.5526	0.898444	2.24046	-0.736864	0.160942	1.10857	1.83567	0.421035	-0.430237	-0.629614	0.547742	-1.60534	0.619785	-0.293739	-0.50122	-0.992156	-1.18756	-0.594136	
0.801003	0.0207938	0.451284	1.11482	-0.424906	0.673021	0.585324	1.30811	1.66428	0.0685288	-1.85074	2.6771	-0.267169	0.27452	-1.25928	-1.29041	-0.192032	1.47203	0.773663	0.543288	
-0.139432	0.0705118	0.33542	-0.676736	-2.33814	-0.193977	1.31335	-0.483454	0.344348	0.427754	0.703808	-0.860395	-2.07909	0.434221	1.14894	0.366628	-1.09488	1.00032	1.19929	0.939631	
-0.380813	0.0868087	1.21877	0.00800284	-2.14836	-1.00575	0.484424	3.34675	2.69297	4.41929	1.8016	-0.475152	-2.48033	-0.13708	-3.11014	-0.633151	-2.17897	3.12021	-0.450939	-2.28811	
-0.8185	1.07155	0.929787	0.957757	0.952201	-1.32175	2.93704	0.584751	-0.735824	-0.564908	0.0899343	1.46307	-0.626337	-1.64633	0.602085	0.796095	0.294119	-0.780823	-0.345204	0.14877	
2.29235	-0.0995784	-0.222303	0.684411	-0.338073	-0.659014	-0.045138	-0.0597056	-1.90527	-2.12961	1.4645	0.31905	-0.477904	-1.65939	0.126804	1.94739	-1.01462	0.53886	-0.0373427	1.5737	
-1.17224	-0.436477	1.357	-1.88906	-0.269793	0.750725	0.286473	-0.177489	-0.851027	-0.361053	0.363665	1.73233	1.34172	0.367422	-0.71049	0.604908	1.16735	-0.345234	0.175656	-1.17069	
-0.958696	-0.134086	-2.15519	-2.41952	-3.04796	-0.974427	0.272257	3.31971	4.01553	5.01088	0.719236	-1.66023	-2.92525	-1.82982	-3.92212	-2.78174	-4.1277	5.53197	0.815477	-0.447993	
1.08362	-0.128196	-0.369629	-0.443526	-0.867912	-0.852112	1.93712	-0.0446141	-0.695214	-0.0991939	0.802978	0.343942	0.736217	-0.220495	1.81758	-0.0241352	-0.241194	-2.09092	0.843717	-2.46871	
0.871775	0.30242	0.109971	-0.0614088	0.155035	0.881155	-0.256343	1.87339	-0.296944	-0.27188	0.0771049	-1.68975	1.26767	1.37566	1.93827	1.61681	-0.926301	0.0719324	0.239632	0.271113	
0.728475	-0.894221	-0.320921	0.444915	-0.96948	0.182179	0.623627	1.22949	0.599075	-0.10189	-0.5913	-0.779589	-1.70744	-1.2992	1.3209	1.18516	-0.140924	-0.191411	-0.819402	-0.528636	
-0.653477	-0.383707	-0.2237	2.18064	0.415166	0.0651759	-1.24444	-0.255124	0.986185	-1.25204	1.01357	-0.636932	0.551862	1.52675	-0.51313	-0.592287	0.476463	-1.94266	1.89058	-0.727001	
3.21272	-1.33259	-5.57198	2.4522	0.500255	2.25565	-3.07619	1.19206	2.53074	-3.02998	3.06915	9.22325	6.19469	1.13686	-1.0694	6.7874	-3.64997	0.330661	-3.70395	3.13118	
0.441241	-0.0302011	0.779901	-1.00659	0.443741	-0.302346	2.43672	-0.325853	0.271538	-0.194161	1.7303	-1.20647	0.655016	1.63112	0.799937	0.997566	0.677059	-0.383251	1.39786	-0.973815	
0.0196956	-0.162202	1.63264	-1.66243	-0.435483	0.424581	0.138752	0.595809	0.100232	-0.679297	-1.33165	0.4027	-1.61321	-1.46813	-0.9668	1.35784	0.260429	-0.172362	0.237414	1.08365	
0.112755	0.718301	-1.00399	-0.0903967	1.1631	-0.028333	-1.09555	-1.78764	-0.56844	-0.187664	0.0401914	-1.4253	-0.173952	0.119983	-0.778121	0.582884	-0.0768862	0.709333	2.09666	0.321881	
-1.22742	-0.147561	-0.329289	-0.311237	-0.525289	0.418202	0.528639	0.449499	0.949393	-0.79987	1.53025	0.84754	1.52027	1.04243	-0.775335	2.15162	1.26593	0.243004	0.117018	-0.929269	
0.871938	-0.306079	0.713558	-0.601658	-1.5905	-1.35508	-1.44686	0.372663	-0.00629421	0.803052	-1.05695	1.73925	0.527128	0.876598	-1.5794	0.646968	0.345959	-0.758888	-0.638115	1.49524	
1.77374	-1.34697	-3.27284	-1.31231	-2.64708	2.54064	-2.72974	1.65195	-0.391838	-3.84072	4.42525	7.36197	4.36331	3.72324	-1.57786	6.31673	-4.987	2.43602	-6.72881	2.55358	
-0.834945	0.161391	0.353636	-0.079169	-0.0154999	0.779914	-0.817001	-0.133608	-0.527083	-0.669961	-1.2808	-0.821741	-0.87473	-0.321921	0.704491	-1.61978	-1.76327	0.2178	-0.952865	-1.91646	
-2.23493	2.43279	1.06612	-5.03512	-0.702306	-4.04648	1.87546	6.36139	7.95115	11.6078	-1.01224	-7.60459	-12.5443	-3.83282	-8.23063	-3.82697	-5.32105	11.2914	6.40362	-2.98418	
0.84809	-1.8206	1.17668	-1.03651	1.86815	-1.51504	-0.964711	1.37096	-0.719617	0.86949	0.116616	-1.4723	1.05148	0.632619	-0.165312	0.123612	-0.672558	-1.49169	-1.08695	1.51771	
-0.611417	1.15705	1.14513	-1.0214	0.443974	-0.698805	-0.305758	-1.99686	0.167742	1.3618	-1.1371	-0.584091	0.267142	0.0631996	-0.704328	-1.08115	-0.725451	1.6488	0.192282	-1.63183	
0.103729	-0.269467	-2.89079	0.856176	-0.500436	0.408423	-1.8557	0.409041	-1.83802	-0.537993	-1.82184	1.62813	0.109039	0.212914	1.05665	-1.89101	-0.481175	-1.31442	1.59225	-1.20979	
1.59455	1.48125	0.242894	0.836133	0.0965365	-1.20622	0.152247	1.45071	-0.27074	1.13515	-0.520769	0.487964	0.371691	2.2894	1.52953	1.54851	1.91722	-1.21411	-2.56422	0.276929	
0.683768	2.85689	7.98224	-1.9413	-4.48961	0.198467	8.70166	-0.21572	-4.63046	14.2796	-2.77006	1.30347	-3.32193	1.37147	5.94429	-3.57876	5.82686	-2.9372	-4.39648	1.68709	
-0.32585	0.176381	-0.120737	0.634953	0.401004	-2.16154	-0.0775419	0.0778262	0.174902	0.503721	0.628391	0.27158	-0.556604	-1.4918	0.274541	-1.72204	0.234831	-0.767647	-0.856723	-0.457898	
0.851017	-1.92386	-0.172296	0.657654	2.86325	-0.104372	-1.71554	-0.362785	2.25514	-3.52785	-0.157082	-0.202069	2.54637	-0.297326	-2.26821	1.7428	-0.522851	0.100218	-1.01581	0.823765	
-1.65806	-0.531027	0.0489444	0.415578	1.05881	-0.605576	0.00351668	0.165851	0.172808	-0.0606041	0.663576	-0.717107	-1.10766	0.404871	0.183678	1.69102	0.463645	-1.24896	1.66522	0.492904	
1.6786	0.362279	-1.57727	0.818542	0.497153	0.534308	-0.229982	-0.658209	-0.574004	-0.231328	-1.45939	-0.150601	1.18456	1.14028	1.09398	0.344756	1.71107	0.0344649	0.287277	-0.374527	
-0.240927	0.110533	0.0501727	-2.02185	0.181428	0.730339	0.953644	-0.415595	0.305105	1.59736	-0.668648	-1.53265	0.497816	0.22905	-0.195418	0.237397	-0.853808	-1.14279	0.830758	-0.300856	
-0.708438	0.0946187	-0.97023	2.21705	0.384924	-0.0943019	0.817626	0.974598	-0.801864	0.185505	0.873606	-0.389818	0.641304	1.70873	-0.126261	-0.140261	-0.530947	0.723996	0.766374	0.140576	
-0.948876	1.02458	0.520458	0.133136	-0.193594	-0.325724	3.24062	-1.04066	-1.29874	2.45068	0.613865	-0.832739	-1.73147	-0.329554	2.45036	-2.32362	1.31083	0.57469	-1.01693	1.04878	
-0.208586	-0.1084	2.30403	-0.327476	-0.662654	-1.57558	-0.450823	2.56561	-1.10241	-0.713979	-0.192205	0.497216	-0.217933	-0.753674	0.0708304	1.04333	-0.223993	-0.907388	-0.770449	-0.921843	
0.103076	0.492599	0.127393	-0.658111	0.0740017	0.910078	1.52103	-1.28391	1.36897	0.764582	-1.50995	2.25625	-0.205439	0.139347	0.36967	-0.785927	0.44987	0.353735	0.59427	0.107005	
0.197132	-0.995975	-0.0150504	0.361529	-2.17712	-0.547194	0.604419	-0.289025	1.67813	-0.242617	0.101579	-0.411786	0.647863	1.60727	-1.30015	2.00962	0.631469	0.588311	0.195171	0.442517	
1.4425	0.0573184	0.959436	-2.08124	-2.31451	1.69801	1.06555	1.75797	0.803068	0.21653	-0.0354626	0.174828	0.800074	0.584292	-0.157753	-1.96003	0.484672	1.27137	1.14774	-0.954462	
-0.652489	0.850436	1.29896	-0.8718	-0.0717691	0.0661149	1.42498	-0.553981	1.40539	-0.373141	-0.443256	0.863104	-0.294251	0.779359	-0.197915	1.52255	1.79826	-0.668589	0.445619	0.24861	
-1.08196	1.47254	4.22879	-1.5395	2.43643	-0.76514	0.805195	-1.47876	-1.54079	2.876	-1.45146	-4.13287	-4.36358	-2.32769	-0.709225	-3.86497	2.74918	-1.56339	3.33519	-2.64631	
1.07834	1.18985	0.405921	-0.657482	-1.68844	2.09545	-0.431546	-0.468218	0.0161101	0.360651	0.0660441	-2.13821	-0.145986	-1.83009	-1.88455	0.731105	-0.89482	0.5386	0.69168	1.93264	
0.259646	-1.42714	-1.64573	-0.824585	-0.629558	0.104668	0.341724	0.3382	-0.933087	-0.22987	-0.649961	1.12625	-0.10362	-0.39194	0.218164	0.690168	-1.82678	0.0755961	0.552917	0.194896	
-0.66127	0.691588	0.561756	0.32377	-0.612945	-2.86071	1.30134	-1.33521	-0.822324	-1.01662	-0.231855	-1.29904	0.685589	0.0023732	0.631489	-2.328	1.12332	-1.22082	1.36137	-2.3056	
0.0346738	-0.0251633	-2.01053	-0.513119	-0.437961	0.320513	-0.450391	-1.37492	-0.144394	0.883075	0.374704	0.076832	-1.58512	1.08678	-0.882091	-1.19495	-1.21627	-1.61355	0.441033	0.261769	
-0.692675	0.225098	1.14306	0.931712	-0.257278	0.831297	0.968738	0.232084	1.50046	-0.825856	-0.871558	2.15365	1.15455	-0.172482	-0.00130101	0.320445	1.5676	-0.995522	0.40419	1.24705	
-0.30207	-0.541662	0.225046	0.809037	0.124868	-2.13337	-0.206652	-0.815744	0.718796	-0.978975	-0.893725	-0.954892	-0.968219	1.91477	-1.12838	0.678874	-0.227656	0.15722	-0.288583	-0.983081	
1.20888	0.5269	-0.220985	1.08071	0.0153849	-0.50606	0.0416962	-1.43926	-3.24689	-2.1999	0.497249	2.67708	3.11022	0.172134	2.63332	1.1919	3.16184	-4.11736	0.262871	-0.689338	
-0.209043	1.83419	0.135352	1.96805	0.902879	-1.32643	-0.189319	0.351613	-1.55776	-0.374104	1.91977	0.0685914	0.719277	0.520133	0.472572	0.334576	0.532995	-0.901019	0.988459	0.0698523	
0.273844	-0.293457	0.166245	1.41193	-1.59665	0.101038	-0.120809	-1.77832	-0.660218	-0.11922	2.18571	2.30004	0.398208	0.851614	1.39109	-1.14813	0.155329	0.926966	-0.84901	1.4256	
1.06489	-1.35785	0.397218	0.19158	0.454033	-1.38491	-0.43908	-0.513173	0.504358	0.250711	-1.01949	0.258902	-0.947326	-1.82563	-1.74398	-0.32138	0.0812615	1.02868	0.471691	0.448267	
-1.24341	2.60601	5.12507	0.704074	4.01181	-1.88338	2.09561	0.168504	-0.155925	2.48992	-1.98345	-7.22019	-7.69758	-2.31266	2.20579	-5.51124	3.08199	-3.20753	2.7815	-3.634	
0.410998	1.70046	-1.32212	1.03748	0.773166	-0.176006	0.272557	-1.86174	1.14669	-1.59763	0.109699	-1.08378	-1.2473	-1.49739	-0.194103	-0.358386	-0.844849	-1.00288	0.428368	-0.556794	
0.182468	0.723787	-0.30401	-1.2924	-0.458359	0.286475	0.221914	0.711144	-0.554227	-0.396706	1.00696	0.0591443	1.38975	-0.0573425	-0.102459	-0.839557	-0.549714	1.78084	1.11167	0.541879	
0.444943	-0.837651	-0.372236	-0.0113454	-1.14577	1.81082	0.468833	-1.30724	-4.02922	-2.74281	-0.198923	0.447286	2.57288	1.76742	2.25113	1.03586	1.45509	-3.18861	-1.33782	1.54513	
2.40032	-0.49859	-0.620546	5.37199	1.73746	1.78924	0.376921	-4.52415	-8.00479	-11.1086	0.154585	3.81688	8.57647	2.18496	6.06614	3.40271	7.4025	-11.8679	-1.42716	-1.38769	
-0.872798	0.637727	-1.05964	0.21112	-0.368878	0.02484	0.746363	0.0446069	-1.83221	0.0211084	0.464663	-0.0975334	-1.0121	0.217688	-1.49466	0.83984	-0.65507	1.40165	-2.35703	0.897224	
-0.111328	-1.0514	-4.07611	-0.808413	-2.38373	0.81899	-1.5753	-0.0757817	0.364763	-3.42906	3.05679	7.45993	5.3515	-0.373546	2.00217	4.57175	-1.96487	-0.964757	-2.65769	1.60901	
1.56484	0.452232	-0.524012	-0.0899124	0.471152	0.700752	-1.34659	-0.40934	-0.895788	0.01861	-1.47349	1.3882	0.796064	2.12901	0.688361	-0.460214	0.243577	-0.256181	1.8469	-1.53416	
-0.546119	0.458087	-0.19911	-0.183984	1.76425	0.00685484	1.15108	-0.999587	-1.26529	0.603685	0.5808	0.557691	-0.204298	1.27771	0.739262	-0.0748154	-1.49459	-0.808863	-0.196326	-3.40381	
-0.594583	1.17491	0.981239	1.48437	-0.0514549	0.954597	2.26125	-0.549429	-1.63549	0.227502	-1.76441	-0.402699	0.939703	0.821435	-2.94134	-0.477319	-2.21785	-1.47005	0.424804	-1.32705	
-1.32582	2.07164	6.40159	0.0382548	3.82514	-2.2418	3.87622	-1.38093	-0.90918	3.1271	-3.40654	-6.46534	-9.51683	-3.00033	1.21985	-6.66252	3.14208	-2.4076	3.535	-2.14293	
2.13843	-2.55063	-2.29011	-0.963743	-3.24439	1.92688	-1.06764	1.0408	-0.0157748	-3.12795	2.6021	5.42047	4.83907	1.81947	-0.967193	4.30686	-0.485632	2.06	-5.55533	1.49196	
0.860817	-0.432476	-0.351751	-0.388675	-0.932206	-0.0287064	-1.51585	-0.484379	-1.52426	-0.274378	-1.12697	-0.463905	1.26195	0.150349	0.144512	0.984962	1.38421	0.0210954	1.39211	0.594313	
-0.108052	0.451305	-1.72408	-1.95102	0.253363	0.907747	0.779748	-0.232624	0.40765	0.173609	-0.734894	1.58198	-0.805556	0.323067	-0.810987	-0.0867445	-0.138924	0.0706822	0.142962	-0.0350067	
-0.666215	-2.12163	-0.924715	-1.78856	0.0109233	-0.89148	-1.84699	0.695459	3.24933	1.72098	0.621626	-2.07744	-3.47014	-0.770787	-3.35628	-0.1124	-3.59633	4.13768	-0.625004	0.494862	
3.06837	-4.91274	-11.0267	1.60681	-4.90373	5.08581	-6.23414	1.30342	1.87797	-5.27438	6.77041	19.6105	17.1112	4.69949	-5.20074	13.6535	-10.4857	4.98524	-11.4562	5.20081	
0.777493	0.121148	-0.179368	2.78006	1.27521	2.47813	0.619515	-1.9283	-2.37883	-3.97133	-0.136678	2.94943	4.94776	0.903734	3.27921	0.355515	1.84455	-5.41332	-0.494398	-0.24118	
-0.932091	-0.766358	-0.596413	-0.967468	0.0332999	-1.7005	1.36636	0.722997	0.530797	-0.0915593	-0.665712	0.718771	0.126923	-1.86158	-0.690359	0.419022	0.291426	0.961281	0.33005	-0.726516	
0.904085	0.452204	0.209989	-0.892722	0.266462	1.79919	0.738111	0.63484	1.26349	1.43553	0.461952	-1.55775	-0.636113	0.584465	0.228678	0.52647	2.57234	0.459561	-0.29505	0.504646	
1.23528	0.81437	-0.857806	0.0366126	0.332584	-0.240049	1.56972	0.841545	0.0104532	-0.918379	-0.473249	-1.21035	-0.478885	0.0353618	0.519449	-1.89779	-0.493013	-1.479	-0.273192	0.621736	
-0.378439	0.647298	-1.2742	-0.572516	0.0111192	-1.24418	-0.307502	-0.535876	-1.66124	0.253641	0.72417	-2.5176	0.440536	-1.6519	0.524158	0.507723	0.33711	0.468445	0.972189	0.575273	
-0.0699266	1.79823	0.139871	1.16962	0.0841593	1.68011	0.202766	-0.253655	-0.529996	-1.3418	-0.0915658	-0.421942	-0.772298	-0.0767799	-0.248885	0.54705	-1.36953	-1.03226	-0.174552	0.663973	
0.393688	0.195108	1.10002	-0.0863437	-1.59279	-0.532146	0.732873	-0.0194166	-0.168132	1.33618	-1.07695	-0.808284	-0.435684	-0.557975	-0.44364	0.438467	-0.920952	-1.90173	-0.288047	0.113759	
-1.14822	-0.133871	-2.00858	-1.34888	-0.61287	-1.15119	0.879188	1.90628	-0.703625	-0.796715	-1.00124	0.480948	2.67145	-0.954785	0.263407	0.0469871	0.628051	-0.243054	-1.049	-1.28786	
-1.8333	-1.53778	-1.94783	1.55226	-0.870472	1.40557	-1.07115	-0.486177	-0.309151	0.00603275	-0.713509	0.140843	0.696837	1.82775	-0.102971	0.121978	-0.834408	1.75012	-0.231036	-0.159862	
-0.141973	-0.298359	0.264071	0.605005	0.209864	0.616089	-0.268165	-0.0307019	-0.577226	-0.143275	1.99125	-1.11628	-1.51517	1.47726	0.402257	-0.975264	-0.336121	0.0758094	1.39159	-1.1661	
-0.233251	-0.523275	1.29321	-0.209743	0.589528	0.456209	0.0830523	-2.08824	-0.645355	0.40234	-0.266232	-0.613842	2.15791	-0.841445	-0.558484	0.721201	0.579256	2.24566	-0.562738	1.4423	
-0.330549	-0.443094	0.873179	-0.295757	1.08421	0.71367	-0.268944	0.0572862	1.70818	-0.591098	-0.159255	-1.07832	0.395346	0.0724342	0.681469	-0.995202	-0.564768	0.379098	0.829192	-0.0861926	
2.38839	2.47143	0.0685991	-0.868376	-1.92143	-0.714682	1.93045	-1.26381	-0.514413	-1.44141	1.41672	1.09289	0.091637	-0.356271	-0.487007	1.72027	0.149501	1.44283	-0.223246	-0.45907	
-1.77165	1.89054	5.16559	1.86505	-3.76015	-0.757302	7.34017	-0.389008	-2.71099	14.6457	-2.59994	0.180649	-3.08668	-0.219045	8.23936	-3.93324	6.2511	-1.00641	-2.05871	1.03506	
-0.897368	-0.572827	-0.953872	1.6252	1.02374	1.04203	-0.692069	-1.05823	-2.27051	-1.7509	-1.15034	1.25872	2.98658	1.55848	2.26208	2.30102	2.41548	-4.5208	0.509074	0.379513	
1.16898	-0.876981	-1.07116	-0.695597	0.32654	0.272246	-0.284055	0.374738	-0.132743	0.412123	2.67228	-0.152654	-0.0838604	-1.41734	0.155691	0.0836695	-0.0240754	0.0603164	-1.15822	0.176108	
0.0964919	0.246619	-0.31111	-0.57662	0.416352	-0.386407	0.729956	-0.493134	-0.850529	-1.44907	-0.0655799	-1.09737	-0.270493	0.612805	0.483016	-0.207168	-0.550353	1.38198	-0.00608012	1.65671	
0.332399	0.257137	-1.47566	1.26881	2.28539	-0.634773	-1.52635	0.319542	-0.437216	0.100592	0.268871	-1.32325	-0.961426	-0.123888	-0.56828	1.28652	-0.88264	0.616299	1.02926	0.567176	
0.516761	0.513392	0.563278	0.512831	-1.5628	-0.326834	-0.680156	2.16278	1.45773	1.65121	-0.262664	0.579451	-1.96612	-0.683772	-2.99907	1.62102	0.796036	1.738	0.445952	-2.62327	
-1.68443	2.42518	0.815041	-3.13768	-0.183212	-1.72837	-0.153429	3.78319	3.20186	4.78073	1.16545	-2.41109	-3.8482	-0.950413	-4.04237	-3.52861	-4.16902	5.951	-0.553614	-0.75928	
0.311671	1.92566	-0.522597	1.24691	-0.217153	-0.638003	1.17014	0.802112	-1.37676	-1.06577	-0.0282727	1.6158	0.463459	-0.27232	0.78052	0.0348337	-1.36313	1.31707	-0.127563	-1.23183	
1.23631	-0.0271767	-0.169496	1.34291	0.775018	0.937182	1.23152	0.48346	0.325539	-0.976951	-0.739645	-0.0506854	0.066963	1.83434	1.21368	-0.350366	-0.518317	-1.02048	-1.22621	1.2065	
-0.0847927	-5.13362	-7.87444	2.0472	-2.32057	1.5351	-0.650422	-0.893133	1.05008	-2.84486	4.88899	12.6539	9.78521	2.95095	-3.33712	9.44413	-8.12182	1.17961	-7.06741	3.11433	
-0.826297	0.330672	-0.109261	0.396579	0.142697	-1.87751	-1.46649	-1.60953	-0.535191	-0.928197	-1.51693	0.998905	-1.3374	0.442816	-1.12286	2.10537	1.30137	0.1331	0.450599	1.08689	
-0.2461	1.4469	-1.22111	-1.0376	0.0259617	0.909843	-1.25703	0.43072	1.87774	-0.167237	-1.60481	-1.21679	-0.49756	0.205636	-1.2513	-1.54043	-1.24251	0.4541	1.035	-0.576401	
-0.424785	-1.09076	-0.191932	0.444605	-0.74955	-1.45745	-2.19696	-0.637013	0.878234	0.317479	-0.693037	0.353669	0.265591	1.13736	-1.59333	-0.456917	-0.748232	1.2466	0.540225	0.434123	
1.72277	2.27636	0.590154	-1.26606	0.21019	1.99681	-1.63667	0.775029	-0.924531	-1.09481	0.71615	-1.05757	1.15161	0.382167	-1.03221	0.032508	-1.33773	0.11545	0.558024	-1.4416	
-0.690603	0.469488	0.341362	1.87873	1.58797	0.667192	-0.377332	0.205507	-0.715635	-0.858549	-1.58469	-0.971369	-0.098453	0.703572	0.935289	-1.29203	-0.447696	-0.292717	0.133316	0.482953	
3.50964	-5.6432	-10.3434	1.71818	-4.11112	4.15039	-4.26814	-1.26482	-0.879962	-9.32124	5.70934	13.7992	13.857	5.04018	1.10845	10.9794	-3.54174	-3.80546	-9.16676	5.8193	
1.64402	-3.12155	-5.15891	-0.454507	5.74714	-0.42996	-7.40501	0.0742307	4.12599	-14.2539	2.6251	-0.163782	1.61436	-3.76665	-7.63208	2.21077	-7.05129	2.32012	3.70536	-1.75239	
1.06925	-0.732311	2.6361	-0.058986	0.772938	1.55783	-0.357635	0.403575	-0.0648526	-0.0600594	0.352835	-0.447576	-1.53525	-0.999484	-1.61072	-0.790162	1.40112	0.765808	0.371059	0.576262	
0.975023	-1.18801	0.666715	1.44114	1.04407	-0.961021	1.08163	-1.6869	-1.24067	0.515639	-1.01794	-0.0901934	-0.260328	0.97378	0.870826	0.699055	0.755497	-0.694954	1.44475	0.863404	
-1.2823	-0.423851	0.668493	2.43352	0.0517297	-0.47685	0.127016	1.49662	-1.97151	-0.818666	1.32117	-1.04201	0.940401	-0.738557	-0.549806	-0.766566	-0.000145856	1.36582	-0.429678	2.03163	
0.256143	-0.602444	-0.724716	-1.50134	0.91399	-1.44104	-1.24098	2.24244	0.543872	0.593926	-0.754082	-0.151909	-0.231718	0.718334	-0.441914	-0.539177	1.39695	-0.0802643	0.317973	1.65002	
0.486938	-0.818937	0.0944621	-1.17869	-0.489521	-0.952061	-0.339648	0.671281	0.994102	-0.189565	1.03742	0.251428	0.919821	-0.195883	-0.458884	1.16888	-0.901879	-0.427063	0.715474	0.285081	
2.31718	1.41498	-0.119516	0.346873	-0.1337	-1.39494	0.884581	1.82499	-1.24321	0.171368	0.362455	-0.98868	1.45586	-0.499556	-0.773559	1.5669	-0.747549	0.852903	-0.827588	0.343553	
0.657235	-0.876561	1.93275	-0.79413	0.0261631	0.292157	-1.14581	-1.52208	0.139225	-1.84338	-0.305408	0.453944	-1.32315	1.39965	0.416275	-0.126975	0.732449	-1.33198	-0.0674048	0.104665	
1.05726	-0.476587	0.125013	-0.182975	-2.46481	-0.218631	0.0232334	-0.191302	-0.559025	-0.754113	1.30415	-0.650681	-0.431362	0.0320331	-0.0404585	-0.172773	-0.210004	-0.0168896	0.00833838	0.0663448	
0.997355	-1.13052	-1.15367	0.81215	-1.3559	0.548366	-0.20624	0.31479	-1.25406	0.0596647	-1.30963	-0.493322	0.632503	0.638468	-1.42224	1.26437	0.559459	-1.03588	0.00485707	1.01253	
-1.89027	-0.00907084	-0.147608	-0.695536	0.247004	0.813418	-0.293558	0.323768	0.348243	-1.31906	1.59389	-0.286347	0.237223	0.751962	-0.363596	-0.98837	0.55693	0.467032	0.550012	0.209083	
-1.69921	0.594878	-2.1786	0.29645	1.86003	-0.307679	0.308292	-0.795042	-0.673579	-2.1185	0.368416	2.80758	-2.11706	-1.26721	0.360456	2.17403	0.0130258	-1.73751	-0.186443	2.05523	
-1.46626	-0.49144	0.49948	-0.646224	0.53961	-0.258803	-0.313457	1.42208	-1.01155	-0.018232	-0.352357	0.0671741	0.854265	0.763136	-0.364585	0.0635327	0.645877	0.350097	1.3946	-0.795389	
-0.432731	-0.574013	0.730557	-1.01383	-0.673222	-0.313969	-0.861759	2.31176	0.433264	0.414456	-0.641949	-1.86729	-0.836836	0.472683	0.688994	-0.287391	-0.142909	1.0668	-0.574388	-0.125179	
0.218781	-0.616402	2.13932	-2.00376	1.88853	0.0490604	1.59037	-0.0597796	0.680917	-1.26235	-0.485861	1.51528	0.0055374	0.00253858	-0.046975	-1.14016	0.136072	1.13236	-0.663921	-0.371429	
-0.92306	1.0214	0.56115	-0.496382	0.57708	-0.60153	1.11208	1.11814	-1.12699	1.61798	0.49087	0.464767	-0.318663	-0.427319	-0.631565	0.211724	-1.26874	0.509159	-1.46842	-0.144083	
-0.227343	0.298465	1.0411	0.592942	0.269201	-1.34819	0.937141	0.440185	-0.342892	0.914846	0.382209	0.729674	-0.292906	-0.572771	0.521296	1.04728	0.0889264	-0.957639	1.68545	1.64821	
-1.20788	0.95863	-0.096764	0.575665	1.24979	-1.35417	0.19926	-0.702398	1.66562	0.38005	0.887367	0.357609	0.064265	-0.275401	0.0505042	-0.408323	0.0900085	-0.375713	-0.233707	-1.21212	
1.53693	-0.0289951	-0.672805	0.186693	-0.597435	0.38042	-0.406402	-0.860362	-3.23248	1.42903	-1.52176	-0.69607	0.73094	-0.461611	0.392625	1.43413	0.413414	-0.479381	0.32711	-0.707166	
-0.413497	1.39892	0.404189	-0.891047	-1.21652	-0.354349	-0.998324	-1.01408	0.251055	0.359156	-0.455943	0.376746	-0.762	-1.29818	-1.32784	-0.0313576	0.668003	1.79648	2.25314	0.218249	
0.26004	-0.825745	1.17482	-1.31249	1.38715	1.58464	-0.438767	-0.0522338	1.6356	-0.255714	-0.835337	-0.820973	-1.60974	1.3094	-0.649052	1.18333	-1.67436	-0.000196193	-0.655017	-0.969544	
1.75399	-1.00639	-0.94657	0.55623	-0.791134	-0.241272	0.408508	-1.46874	-2.5293	1.12568	-0.636824	1.59481	-1.44677	-1.46954	1.18277	-0.779757	0.0246035	-1.26362	0.359363	-0.00189772	
0.967987	-3.31826	-0.736044	-1.13079	-1.03302	0.00944219	-0.0751077	0.661297	0.337329	0.577155	1.37176	0.159223	-1.51986	0.755414	-0.16151	-0.797521	0.854997	0.301353	-0.644317	1.00027	
-2.08331	0.695091	0.267017	-3.09721	-3.12516	-1.78452	0.741873	1.48039	4.58223	5.09901	1.87747	-4.24708	-4.88854	-1.58338	-4.89313	-2.52017	-5.48404	7.13618	0.150298	-1.07209	
0.465627	-1.16641	1.32955	-0.745445	-1.02448	0.189783	0.337896	-0.85938	-0.73188	-1.78523	1.47066	0.331242	-1.47379	-0.0446705	1.03063	0.0610148	1.69264	-0.790995	-0.815158	-0.589038	
0.376843	1.94061	-0.931817	-3.06415	1.13262	2.31693	-1.16931	0.0262709	0.209005	0.541929	-1.21673	0.849019	-0.157058	-1.42123	-1.64899	0.39182	-0.316827	0.178921	0.530145	-0.909804	
-0.424379	-0.266946	-1.78395	-0.354966	1.54267	-0.439562	0.0755089	1.2711	-1.26701	-0.717143	-0.013108	0.353762	0.00332896	0.744749	-0.937307	1.12893	-0.213132	0.77669	1.02583	-1.31206	
-1.13349	-0.943838	0.608898	-1.6154	0.434703	0.699344	-0.84831	0.211607	-0.349231	1.15398	-1.14524	0.207065	-0.70666	-0.162084	-1.02783	0.51464	-0.772822	0.948825	-0.125649	-0.969878	
0.775504	1.37824	-1.51945	-1.26229	-0.256741	-0.305588	-1.45453	0.680235	-1.53263	0.398742	-0.0396468	-1.62491	0.0910324	0.712518	0.981193	-1.38411	-0.753254	-1.47006	-0.067139	-1.03912	
0.663605	0.250792	0.114637	-0.188998	0.175878	-0.425739	-0.45454	0.838534	0.575785	-0.0882769	-0.194092	0.451727	-0.859775	-1.22236	0.628959	0.438801	0.166372	1.49188	0.0948688	0.26068	
2.21669	-0.323197	1.55445	-0.14889	-1.03629	-0.024623	0.451744	-1.12817	-0.886453	-0.782068	-0.864519	1.54914	-0.551449	-0.0258004	-0.746846	-0.397833	-1.25467	0.940416	1.15441	-1.02513	
0.306634	-0.0920211	2.7133	0.205629	-0.243394	-0.238402	-1.38098	-0.0603108	0.301356	0.23944	-1.25219	0.0523934	0.508534	-0.552239	-0.705653	1.40684	1.19822	-0.53996	0.231105	-0.458573	
-0.391073	-0.155922	0.261356	0.866866	-0.995552	0.807943	1.17933	0.143937	-0.147635	0.4223	-2.2944	0.0388345	0.151908	-0.898354	0.0493267	0.320018	1.67605	0.171118	-1.21457	-1.91042	
0.426997	-1.45446	0.0737007	0.671842	-0.282261	-0.666983	1.26063	1.27254	-1.35483	0.303556	-0.720502	1.66751	1.27736	-0.757982	-2.4879	-0.704401	-2.47506	-0.0821867	0.304566	-0.137816	
-0.198329	-0.229783	-0.467188	0.29739	-0.285923	-1.0297	1.49679	0.424147	0.0932263	0.467412	0.72413	0.696027	-0.917687	-0.896846	0.780672	-0.113648	0.604684	-0.268003	0.125014	0.65736	
-1.12424	-2.0474	0.154831	-0.658739	0.148703	0.82431	1.86378	1.34951	1.32259	1.76369	2.77326	-0.647685	-0.49259	0.832992	-0.0732104	-0.599862	0.0284969	0.506135	-0.988881	1.11535	
-2.81824	-0.310257	-0.541998	0.0473733	0.0948955	0.620856	0.0172221	1.01734	0.650718	-0.60648	-1.49006	-2.43315	0.589755	-0.4068	-0.160328	-0.00356225	-0.871507	-0.0252064	-0.583559	0.0741199	
-0.377337	-1.98982	0.206136	-0.431032	-1.04965	1.52676	-0.367506	-0.0385711	-1.80717	-0.733047	-0.568075	1.15479	-0.229051	-0.0192107	0.845703	2.11488	-0.0694451	-1.49385	1.99864	0.757251	
-2.07621	-1.44736	-0.760978	-1.22581	1.66687	0.576045	-0.603396	-0.879429	0.943645	-0.983139	1.9474	0.468784	0.819531	1.06195	0.649814	1.15028	-0.335502	-0.826771	-1.02037	0.734542	
0.388915	-1.69615	-1.55668	-0.525757	-0.192334	-1.1329	1.06323	0.87611	0.233812	0.996102	-1.78408	-0.642316	0.0399443	-2.7591	1.4439	-0.178203	1.539	1.83392	-0.586735	-0.177074	
0.900721	-0.934111	-1.3847	-0.0669977	-0.612669	-4.34555	-1.88209	0.723552	0.458953	-0.292262	1.14315	-0.637884	-0.640985	-0.047654	-0.196723	0.817084	-0.0272823	-1.03224	0.213635	0.633764	
-0.223714	-0.011942	-1.01319	-0.887441	-0.0917763	-0.659214	-0.573961	0.710789	-0.105472	1.79668	-0.535857	0.529114	-0.223673	0.310148	2.51379	-0.549452	0.844831	0.159249	2.68915	0.9999	
1.76951	0.521515	0.568134	-0.43035	0.379989	0.174003	-0.947993	-0.403642	-0.207521	-0.575573	-0.620822	-0.174528	-0.148845	-0.14694	0.674935	-0.610016	-0.667504	0.609177	-0.234733	0.163629	
-1.33112	-0.502539	0.505586	0.0916822	-0.512366	-0.0508664	-0.774391	-0.722017	-0.2902	0.892003	-0.938939	0.563695	0.353123	-2.15714	-0.0908614	-0.524373	0.443023	-0.142977	0.703909	1.38064	
0.7511	-0.50826	-0.660347	0.565367	-0.122618	-0.0829385	-0.535412	1.31049	1.21965	0.137904	0.630209	0.24994	0.654938	-0.0123055	-1.03625	0.732027	0.00228843	1.0169	0.310759	-0.577112	
-1.20445	2.65137	-1.03478	-0.545982	-0.723584	-0.95254	-2.33461	1.51494	1.38794	3.39098	-0.561505	-0.910686	-1.78948	-1.50266	-0.32292	0.615127	-1.83311	3.47655	-0.0390642	-0.528087	
0.548682	-0.321009	1.54284	-0.908474	0.669645	-0.932302	-1.61105	-0.366823	0.21158	-0.28084	-0.92927	1.72075	-1.14365	1.14645	-0.185619	-0.546795	0.69491	1.86218	-1.0052	-1.14884	
0.1997	0.0551355	0.45554	-0.174276	0.0224202	0.158367	0.963157	-1.85207	0.528911	-2.07556	2.13732	0.291967	0.708704	-1.28359	-0.532148	0.696776	-2.74807	-1.04232	-1.00957	0.324055	
0.426351	0.346816	-2.15504	-0.295839	0.0653315	-0.030279	1.74806	-1.40832	0.172502	-1.92678	-0.638701	1.15043	0.382123	0.328954	0.335029	-0.19153	-0.266726	-0.326051	0.756217	0.462425	
-0.325606	-1.04784	0.0173275	-0.0822626	-1.05542	0.772723	-0.383865	0.634903	1.15487	-1.26615	-0.913337	-0.198658	-0.372612	1.83794	-1.56175	-0.170322	-0.133832	-0.100589	0.0868812	-1.30038	
0.357546	-1.67795	-1.87115	0.162762	1.57692	-0.44722	-1.01958	0.210728	1.0706	0.730161	-1.33818	0.492107	-0.753509	-0.659951	0.0753594	0.339908	-0.974562	0.180964	0.180174	-1.21091	
1.05071	0.47834	-1.25992	2.07265	0.304461	-0.617432	-1.33426	-0.430035	1.67197	-1.60119	-0.355601	1.67855	-0.496642	-0.728149	-2.056	1.05111	-0.680612	0.248925	1.40961	-0.589013	
0.530741	0.0843696	1.6371	0.927138	0.319543	1.33237	-0.401826	-1.98583	-0.154699	1.1621	1.54691	-1.83755	-1.53199	0.316072	1.07994	-0.0334557	0.0689803	2.13855	-0.211635	-0.567238	
-1.87596	-1.66984	0.634084	-0.957988	0.535158	1.24501	-0.0418541	0.572827	-0.523757	-0.520552	0.260975	0.661848	-0.0383993	-1.40963	-1.74267	0.551879	1.9572	0.332044	-0.320432	-1.67262	
-0.0975492	0.528695	-0.0696282	0.766399	1.4241	-2.96067	-0.698028	0.127876	-0.156241	-0.447584	-2.77664	-0.175265	-1.2604	-0.452275	-0.403472	1.62657	0.138824	-0.229282	-0.799522	0.042887	
1.04357	-0.5623	-1.07625	-1.89436	1.06783	1.40867	-1.32584	-0.267214	0.691839	-0.691654	1.0978	0.717336	0.0790859	-1.51553	0.324215	0.114121	0.272559	0.157656	1.22038	0.980978	
1.89312	-0.993531	-0.0453861	-0.659863	0.571463	0.503116	-1.12374	-0.642916	-0.602005	-0.976424	-2.56023	0.456019	1.22173	1.15671	1.5117	2.34882	0.175388	-0.126286	-0.97296	1.4153	
0.923774	0.935843	-0.516366	-0.539887	-0.185017	-0.849228	0.0482887	1.46284	1.5234	-0.903679	0.400373	1.03681	-1.33419	0.430707	0.454693	1.66593	-0.43081	-0.000210037	-0.592448	-0.053979	
-0.00243755	0.274971	0.625735	-0.271915	-0.831303	-0.651043	-0.901648	-1.98308	-0.612165	0.537054	-0.427292	0.335464	0.527933	0.150062	1.84947	0.324832	2.19921	1.937	-0.134093	1.39787	
-1.07864	0.345622	-0.132351	-0.30762	1.08866	0.277598	0.737127	0.42683	0.712002	0.642306	1.769	2.06252	-0.584718	0.569174	-0.557662	-0.278991	-0.974464	2.40681	-0.0154428	0.00711966	
-1.19094	-0.979288	-0.594165	-0.12907	-0.639456	0.490777	0.39568	-1.45724	1.70493	0.167716	0.589702	-0.636258	0.363687	-0.623604	-0.58442	-0.926217	0.608637	0.672522	0.0483243	-1.48887	
-0.781807	0.356086	-0.925323	0.603158	0.626112	0.519154	0.493799	-1.85143	1.00295	-1.28697	0.877799	-1.1275	-0.612699	-2.19465	-0.552282	-0.218819	0.00462066	-1.23075	-0.86006	0.271245	
0.787092	-1.01549	0.159171	-0.663849	-0.627712	1.04761	0.00527639	-1.48557	-0.107263	0.0836902	0.277669	1.69404	-1.14711	1.34938	-1.35529	-0.493072	-0.547026	-0.310078	-0.893929	-0.61691	
-1.82916	-0.571915	0.14044	0.710985	0.813409	-1.05332	0.542864	2.28601	-0.872483	0.131396	0.526015	0.888074	-0.532845	-0.0325954	-0.0816695	-0.788438	-0.307048	-0.240967	-0.0659871	-1.56014	
-0.768128	0.253917	1.54802	2.51214	-0.139964	0.560137	0.475258	-0.180086	0.332489	-0.497008	-0.610352	0.628296	-1.93678	0.567074	1.44554	0.518508	-0.765081	-0.0110358	0.862587	0.344836	
-0.84164	0.547948	1.07115	1.38282	0.32078	-0.103067	0.207347	0.24594	1.07154	-0.692029	-1.05548	-0.150899	1.97402	-0.920877	-0.472346	0.403539	-0.716739	-2.15135	1.37683	-0.561286	
-0.016668	0.70563	0.889872	0.92112	-1.73974	-0.276911	0.201854	-0.78395	-0.564325	0.634584	0.659984	2.38579	-0.816582	-0.0487925	0.658512	0.90091	1.31422	0.679919	-0.291247	-0.838475	
-0.387113	-0.146467	-0.0465072	-0.39212	-1.75524	1.26976	-0.00114006	1.43945	0.654443	0.0645904	-0.887746	0.208264	-0.340768	-2.23108	-0.369916	-0.869412	-0.321387	-0.84245	1.02002	-1.07991	
-0.234725	0.527022	-0.323662	-0.852372	0.429177	-1.38201	-1.53931	-0.819746	-4.81329	-2.62197	0.658871	-0.599013	1.74689	0.180957	0.83433	-0.145307	0.43214	-3.46325	-0.761753	0.209888	
-1.31653	-0.47022	0.183083	1.10117	-0.162068	0.173922	2.12754	-0.804414	-1.89838	-0.316246	-0.632169	-1.21116	0.647673	0.713026	-0.52228	0.780585	-0.495878	-1.53258	-0.902345	0.461221	
-0.419624	-0.758984	-0.751173	1.12654	-0.370825	-2.23319	-0.699335	-0.226029	-0.633108	-0.624855	-0.899162	-1.01674	-0.24226	-0.49594	0.123393	-0.350687	-0.620191	0.17616	0.0662544	-2.07543	
-0.363575	1.46165	-0.901179	0.569039	-0.706599	-0.471448	1.13225	1.12126	0.33704	0.517839	0.72545	1.73013	0.662226	1.68137	0.790729	-1.75103	-1.2838	0.645911	-0.505326	0.265776	
1.68808	0.432554	-0.529587	-0.267119	1.57832	-0.67138	0.860908	-0.917556	0.999976	-0.0718301	0.454099	0.00619897	-0.206382	0.492205	0.090825	0.287513	-1.70436	1.67124	-1.04009	1.40423	
0.732484	-0.326211	-0.49505	1.15722	-0.114559	1.86572	1.61502	0.189377	0.128808	-1.34221	-1.28866	1.65001	-0.601404	-0.483868	-1.17268	-1.76768	-0.445411	1.40202	-0.298038	-0.0928812	
0.64004	-0.999635	-1.48551	5.5256	2.76286	0.96112	1.00267	-5.40673	-7.0191	-7.49035	-0.0360738	3.86589	7.60071	3.35435	5.65521	2.86604	8.50516	-10.1718	0.343746	1.0155	
-1.16727	-1.03305	-0.596785	0.486491	-1.02166	1.4468	0.128463	1.07828	-0.278185	-1.3604	0.53703	0.301481	-1.61974	1.43004	-0.4705	-0.886022	0.847025	-0.636052	1.29245	1.35311	
0.431525	1.0357	-0.0014198	-0.223487	-0.919531	-0.404954	0.474579	3.06761	0.274188	1.33362	-0.593779	0.241492	0.0833805	-1.16634	-2.27511	-1.01638	-1.23751	1.20518	-1.42062	1.49655	
-0.233177	1.4738	-0.354558	-1.93641	-2.18872	0.901672	-0.842836	0.176985	1.36465	-0.449872	0.677432	0.977782	0.340625	0.164586	-0.584413	-0.355085	-0.0580197	0.963077	-0.630932	1.01892	
-1.44677	0.0823294	0.15876	-0.703906	1.34172	0.0864022	-0.596172	1.18389	-0.210204	-0.182477	-0.0974239	1.6317	0.626707	0.429285	0.912938	0.0954992	0.978595	0.831773	-0.78593	1.59909	
-0.00152157	0.340341	0.231855	-1.15873	1.98573	-1.8553	-1.27505	0.0122247	-1.26454	0.894228	0.56862	0.437109	-0.604769	1.34223	0.507155	-0.0313328	1.042	-0.205089	0.70517	-0.129511	
-2.39604	-2.33471	-0.378273	-0.539181	-0.916654	-3.10491	-0.129127	1.1741	-1.25665	-1.74049	-1.7129	-0.314479	0.0667541	0.417698	0.777492	0.23785	1.14723	-0.329018	1.66279	0.373363	
0.0421288	0.387732	0.681459	0.431166	0.0126826	-0.293656	-0.0109013	-1.34806	0.840843	-0.332538	-0.217159	-0.358625	-0.353501	-1.07958	1.72157	-0.826483	-0.0115493	-0.695617	0.623939	0.587794	
0.43238	-0.376151	-0.820343	-0.821758	-1.7836	-0.15544	-0.134445	1.97836	-0.977982	1.35844	-1.00212	-1.09739	1.41695	-0.22139	-2.47769	-0.114315	0.878785	-1.16043	1.55618	-0.129589	
-1.79232	1.34286	-0.369973	0.877025	0.793699	1.31708	-2.04536	0.335922	0.564314	-0.14328	0.721929	-0.904829	-0.970113	0.727876	0.140014	0.202463	-0.351172	-1.96826	-0.26171	-0.411907	
-0.440582	-0.955407	0.0332557	1.00634	0.371749	-1.7804	1.49051	-0.30277	0.0281193	-0.57855	0.810776	-0.646775	-0.252996	-0.430757	0.287302	1.41099	-0.206159	-1.00934	0.411387	1.60908	
1.39767	0.314202	0.559499	0.38982	-0.0812823	2.92292	0.397999	0.443387	-1.11647	-0.908569	1.93698	0.271557	-2.54908	0.494777	-0.111879	-1.147	0.0223719	-1.19667	-0.309601	-1.37613	
-1.74539	0.206488	2.12778	-0.950272	1.35884	-1.29841	-0.716555	0.737052	1.46556	0.664068	2.23587	1.1949	0.457706	-1.63794	-1.38112	-1.18931	1.15407	0.646583	0.861221	1.12394	
1.13401	0.963734	-0.211459	-0.565403	-0.335191	0.444946	-0.239497	0.252919	-0.398004	-0.298841	-0.296464	-0.669551	-0.592323	2.1627	0.658763	0.753676	0.702154	-0.142366	0.457554	-1.42667	
-0.273326	1.29036	1.02809	0.318211	-1.39706	0.457826	-0.24999	1.61664	0.233667	-0.0570776	-0.20647	-0.486472	0.985514	1.8918	-0.982852	-0.0525743	-0.919306	-0.343615	1.73017	-0.517679	
0.94027	0.97198	0.491938	-0.593987	-0.919376	0.802628	-0.660339	-0.0644274	0.385653	2.39385	-1.0085	0.231139	-1.36579	-1.11963	3.02798	0.967079	-0.113422	0.63661	-0.397279	-0.75793	
-1.61617	-0.14716	1.42414	-1.51203	-3.61893	-3.45563	-0.0675789	3.59792	3.08531	6.31293	0.79757	-1.29274	-5.03499	-2.0294	-2.10288	-1.08699	-2.72102	4.11445	0.673945	1.19909	
0.77185	-2.17785	0.236302	1.36846	-0.0365412	1.14366	1.86749	-4.02392	-4.51623	-6.19382	-1.3767	3.30546	4.08682	2.15446	4.17724	1.7038	5.22996	-7.74728	-2.20133	-0.300594	
-2.49319	0.865645	1.51358	-2.75256	0.688002	1.44366	-1.08459	-0.346413	-2.59913	-0.349171	1.06526	-0.490368	1.14898	0.422626	0.729481	0.155365	-0.527451	0.978044	-0.350521	0.965652	
-0.397727	-1.25247	1.19883	0.335649	0.243242	1.53942	1.30499	-1.62019	1.15279	-1.64486	-1.29378	-2.05781	0.555212	0.295835	-0.800726	0.625819	0.671287	0.702507	1.03554	2.2583	
0.0808193	-0.3433	-0.0533833	0.424855	0.748463	0.82626	-1.19317	0.72199	-0.699222	-1.08513	0.983946	-2.4789	-0.598009	1.04877	-0.655533	-1.54123	-0.421839	-0.759687	1.27887	-0.394076	
0.467779	-0.336596	1.80553	-1.38906	0.808459	-0.597835	0.708918	0.490398	0.0794639	-2.11228	-2.63534	0.100028	0.70317	-1.03164	0.391098	-0.296587	1.84114	0.449423	-0.418657	1.27359	
0.193155	0.26847	-1.09893	0.512333	0.496629	-0.527864	-0.549182	-2.14335	0.245063	-0.901023	-1.21077	1.13031	1.79887	1.53917	0.890974	1.16663	0.486166	1.39299	-0.649372	0.206848	
-0.212192	0.215145	-0.0456857	1.50039	0.187678	-0.982198	-1.02945	-1.24819	0.364716	0.161944	0.907524	-0.580491	-2.2005	0.857345	-0.778918	-0.900307	1.08731	0.922199	-0.744687	0.257682	
0.24941	-0.73068	-1.1395	1.65364	1.26997	0.831454	-0.611382	-0.110023	-0.730055	-0.344221	0.520672	0.512536	-0.263866	2.03935	0.108028	-0.193503	1.40653	-0.362217	0.175429	1.13376	
-0.266561	0.613634	-0.295485	0.290848	0.734714	-0.941782	-2.91718	1.44565	0.229573	0.528528	-0.796547	-0.769369	-0.123067	1.99609	0.0986305	1.46344	-2.12013	-0.381839	0.204309	-0.0552152	
0.234278	1.29548	-0.574642	-0.594817	-1.11433	0.901732	-0.537649	-0.367176	-1.10569	0.05475	1.15352	0.639289	1.2993	0.762085	0.59341	0.172527	0.0207351	-1.12825	-0.999461	-1.35127	
-0.580618	0.165888	-0.647381	1.44056	0.58088	-0.540792	-0.203856	-0.650573	-1.45318	-0.0916098	-0.766396	-0.188109	-0.570453	1.27101	-0.306248	-1.27177	1.31754	0.595425	0.305063	-0.425829	
-2.6527	0.787417	-0.552536	-3.36096	-1.00752	-0.69561	0.362947	6.09113	8.60535	8.81361	-0.4649	-0.382136	-6.50744	-3.8638	-4.87654	-4.55779	-6.4449	8.65211	1.52382	-0.701787	
-0.186646	1.15961	-0.0424584	-1.32366	1.34899	-1.0777	2.88003	1.12329	-0.364824	-0.676186	0.729185	-1.45869	0.530731	-0.157076	0.355528	0.464708	-0.806924	0.273709	-0.373294	-0.382234	
-0.96937	0.0691711	1.02908	1.74157	-0.70676	1.24674	2.09966	-2.49064	1.21033	1.76526	2.25094	0.0399919	1.48844	-1.51781	0.16736	-0.404772	0.668942	0.0996347	0.280355	1.14067	
1.90047	-0.763167	1.70502	0.533845	0.813762	0.622971	-1.53169	0.671791	0.413322	1.34577	-1.12947	0.0331071	2.72986	-0.498428	-0.754489	-0.670881	-1.32437	-0.566463	1.59654	-0.756543	
-0.615106	0.539565	-0.637626	0.693285	2.02436	1.25571	-1.17279	1.25588	-1.33777	0.8725	-0.563833	-1.02002	-1.14187	-1.11077	1.33115	1.33006	-0.579286	0.598714	0.854611	-0.629006	
0.389136	-2.37523	1.15799	-0.175863	1.07403	-0.0575266	-1.15284	-1.19785	0.780095	-0.808889	1.10381	-0.806809	0.206252	-0.479861	-0.00641119	-0.829154	0.998733	0.598699	-1.29405	-0.501804	
3.27645	-0.502523	0.0231553	0.072591	-1.29918	1.40584	-0.817062	0.542098	-0.784823	0.332342	0.167398	1.25499	0.46445	2.59225	0.0551788	-0.654171	2.62984	-1.61488	-1.59995	-0.717539	
-0.931424	-0.600756	-1.63871	0.197989	0.0395292	-0.224239	0.144167	-1.13617	0.412232	-2.42176	1.04136	-0.431738	-0.230438	0.344036	0.204418	-0.444377	0.134552	0.469459	-0.649065	-0.841312	
2.02952	1.10039	1.4167	3.63713	1.89278	1.91855	-1.01609	-4.17371	-7.67538	-6.41356	-0.770688	3.51546	5.60459	3.03534	2.67185	2.91693	4.96129	-9.86121	-2.67574	-0.719696	
-1.78565	0.462035	1.10894	0.944068	1.50768	-1.16066	-0.588483	-0.189549	0.816091	1.11413	-2.19038	-0.0124487	0.880148	-0.162813	-0.472115	-0.704091	1.4476	1.48411	1.78219	-0.469838	
