0.48797	-3.611	0.820847	0.0687994	-2.61994	-4.97925	-2.17944	1.0526	-0.0714229	0.602431	2.06681	4.3926	3.60751	3.37007	2.2363	4.6075	-0.664259	-1.07314	2.57971	-0.819883	
-0.599301	5.73295	-1.73508	1.68054	-0.221512	5.88979	-1.02472	0.924863	-1.41777	-0.764167	-2.31065	-4.25462	-2.35397	-3.62368	-0.867641	-5.31248	1.93406	1.53136	1.17424	0.285553	
-2.31646	12.4111	-3.01705	0.501198	2.71177	13.4913	-1.34881	-2.36579	-0.250993	-1.22019	-5.49247	-9.76533	-9.03055	-6.06792	-4.96363	-12.1941	4.0697	-2.31433	-5.56016	0.989647	
-1.29296	-8.59595	0.135415	-0.150742	-3.50858	-11.4579	0.377254	2.92053	-0.496756	1.64278	5.38385	5.97227	5.26646	3.71981	1.50457	8.87287	-2.5679	-0.771266	1.71266	1.6355	
1.61337	-5.32407	2.57222	1.47789	-0.999962	-6.08039	1.09334	1.32487	-0.784943	2.50987	2.80339	4.51463	3.71776	4.5688	2.69039	2.53095	-0.357492	2.21616	2.57194	-2.06083	
8.27757	-12.8077	-0.151208	-7.10118	-21.4087	-25.6616	-4.87297	-2.64229	-4.34331	8.68736	4.93451	23.2431	10.357	19.7415	8.28952	22.3469	-4.69934	-0.337947	9.58482	-2.14662	
4.35774	-23.2899	5.34184	0.806199	-3.32979	-30.3048	1.57159	-0.487855	1.40704	1.12526	11.824	18.3923	14.4919	11.3733	9.84841	22.958	-4.76017	2.30712	12.1312	-1.03272	
-0.60636	-1.35903	2.37626	-0.00553749	0.285793	-1.15575	-0.657448	-0.967403	-0.285632	-0.153115	0.58043	0.135273	-0.230775	-1.00302	-1.09281	0.307336	0.642585	-0.767777	1.09897	-0.0294741	
-3.44919	2.61813	-0.250403	0.848497	-0.844638	2.12093	-1.10713	0.989783	-0.959559	0.9465	-2.63651	-2.82273	-0.955448	1.1121	-0.607853	0.175222	0.644144	-1.42012	0.405763	-0.658969	
1.93391	5.1987	-1.61927	0.33668	0.914491	5.35953	-1.7858	-1.07856	-0.855496	-0.0446463	-3.57442	-4.84193	-1.37435	-3.80079	-0.999444	-4.45888	-1.11359	0.548546	-1.98485	0.786359	
0.256184	-4.24204	0.905525	-1.20684	-0.787075	-3.7102	0.20053	-0.263359	-0.364922	0.103118	1.88943	2.7376	3.88041	2.28131	1.55949	3.59885	-1.67108	2.01223	2.82639	-0.365502	
-0.192076	8.46014	-2.60396	-0.469096	3.10337	12.0039	-0.775476	-1.2958	0.972219	-1.40193	-3.68456	-5.73345	-3.62754	-2.90723	-4.48098	-8.52322	3.09718	-1.15724	-3.68322	0.613874	
-1.65884	2.48608	-1.21744	0.745284	1.16295	3.141	-0.0239754	-0.913065	0.566485	0.789503	-3.61692	-2.22318	-1.70252	-1.98923	-0.875007	-5.67223	1.83643	-2.04275	-2.27869	0.985053	
-0.456364	-10.0709	2.40428	2.23697	-3.17608	-13.195	0.247278	2.06694	1.28109	0.383283	3.94769	8.61188	8.2383	5.61567	5.31924	10.5542	-2.35277	1.97508	4.33473	0.712531	
-0.449174	-5.01655	0.832719	0.583739	-0.838724	-8.72696	0.069396	0.369912	-0.166751	-0.166546	3.79137	3.32928	1.87025	4.36287	2.61999	5.04235	1.07304	1.19341	2.46525	0.751342	
0.5897	-1.92803	-1.06851	0.208681	-1.5188	-3.87872	0.32241	-1.72217	1.7654	0.981877	-0.331945	1.70838	-0.0745484	0.759639	0.137837	3.19827	0.120315	1.4421	0.057592	-1.20031	
2.67311	-13.1944	2.74454	0.871915	-2.28798	-17.6849	2.04902	-1.09367	1.01892	2.04424	7.0087	12.5458	7.37025	6.00657	6.58209	13.4398	-2.67833	1.17854	5.75546	-0.0210869	
-1.46759	-3.56256	1.79191	-0.297164	-1.19216	-4.41721	0.879376	-1.09049	0.642566	0.618927	1.24106	2.37468	-0.264079	3.31591	1.84056	2.94	-0.706225	1.61584	1.31549	1.80791	
-1.48349	5.29693	-0.243306	1.3437	1.46339	5.37119	0.794981	-0.993837	1.18044	-1.06607	0.119589	-2.96652	-3.27523	-3.52388	-0.893107	-4.08581	1.07133	2.07462	-2.47336	0.282175	
0.113876	4.24086	-1.10616	-0.572527	2.13842	7.00803	-1.61105	0.156836	-1.05176	-0.588986	-5.0222	-4.25732	-2.58177	-2.93448	-1.96308	-6.32657	1.58687	-3.13681	-2.091	1.78122	
1.22839	-2.28744	0.521645	-1.41362	-1.2448	-4.2414	0.288572	-0.579394	0.149894	-0.564418	2.96669	1.69947	3.20593	0.824427	2.90598	2.37373	0.401017	1.80609	0.649354	0.293419	
-0.0712284	-8.80496	1.91984	-1.9718	-1.15476	-12.5988	-0.855179	1.68415	-0.253529	2.04738	3.68232	9.48492	5.63796	4.77312	5.92041	9.69272	-2.51694	1.40577	5.58333	2.13351	
0.947248	-9.1256	0.582786	-1.70531	-2.45889	-11.2389	0.679766	2.03879	0.069653	0.308801	3.81916	7.86914	5.55432	4.58429	4.576	9.44867	0.517166	1.04846	5.09603	-1.03987	
-1.79663	2.79891	-0.552536	2.03296	7.77149	9.65621	2.81936	0.867118	3.57918	0.739726	-2.88145	-8.89366	-2.63589	-6.18579	-3.3976	-8.09009	1.82403	0.043545	-1.66213	0.904291	
0.121024	4.27255	0.600794	-0.0674431	-0.899414	3.48932	-0.00265166	-1.30163	-1.98182	-1.14282	-2.71623	-3.05849	-2.09495	-2.08543	-1.01254	-2.05095	0.911262	-0.969413	-1.89342	-0.0612831	
0.660375	-1.51324	0.0113314	-0.34463	-0.29327	-0.985496	0.871949	-2.7386	-2.16617	-0.712934	-1.67712	1.59492	1.02661	-0.238321	-1.86892	-0.192918	-3.34488	0.756277	1.77845	-0.509288	
2.03002	-8.84311	3.86137	-0.84292	-1.7727	-15.1755	-0.252476	0.00398105	0.847662	3.73936	4.73378	9.70725	5.09086	6.95298	4.51309	10.0518	-3.39412	2.05251	4.96862	-0.462023	
1.97036	-5.54626	0.55916	-0.724911	-1.88545	-5.84863	0.971679	0.889964	-0.494433	1.62915	0.863985	5.5751	4.10664	2.92866	2.65687	4.58473	0.128793	0.354353	1.87767	-2.38106	
-2.76982	8.25542	-1.69041	0.881395	3.39149	11.2607	-1.92993	-0.712746	-1.19693	-0.0449249	-4.28516	-6.51038	-3.58653	-4.03478	-3.33636	-8.30262	3.9715	0.891829	-4.65083	0.413498	
0.755848	9.53316	-0.631408	0.0805849	1.83731	8.77951	-0.364482	0.590644	0.502495	-0.965591	-2.97454	-6.84195	-5.85014	-4.29018	-3.62945	-6.76003	0.248507	-0.95561	-2.24009	0.968253	
-2.13727	12.7217	-3.21408	-0.136601	1.17395	16.1559	0.402298	-0.213584	1.13347	0.394704	-6.29875	-10.0634	-5.9182	-8.05811	-4.5392	-11.5785	2.5004	-2.33999	-4.04614	0.312354	
2.09614	-5.82763	0.717273	-0.653222	-1.41212	-6.94995	1.98531	-0.118859	2.03429	1.21766	4.23314	7.32127	4.73315	3.59342	1.44391	6.20648	-1.16497	0.936961	1.65722	0.870267	
0.833764	5.89998	-2.11112	-1.95715	1.6843	6.3466	0.987916	-1.09234	2.4571	-0.555243	-2.6646	-4.14119	-2.88554	-1.54478	-2.89836	-3.88599	3.81423	0.318232	-2.68786	0.104393	
-0.0318173	5.04477	-1.5786	0.564268	2.3688	5.51838	-0.0933706	-0.158283	-0.394157	-1.77882	-3.81364	-3.63642	-2.72651	-4.03792	-1.44123	-4.30731	1.40475	-0.462658	-2.65658	-0.922577	
1.14715	-8.83339	2.4084	-1.12374	-1.844	-12.7526	-0.415751	0.237584	2.76612	0.207524	4.60662	7.22101	5.50406	3.83397	4.76624	8.07677	-2.13533	1.99534	4.28794	1.3119	
0.354853	0.575113	0.755806	1.72164	1.1441	0.27618	-2.44608	0.259955	1.7815	0.839225	-1.46844	-0.435945	-1.78389	-0.904795	0.258038	-1.33316	-0.310598	0.539063	-0.622463	-0.558304	
0.405136	-0.628116	-1.02324	0.22634	-1.05494	-2.39094	-0.956485	-0.056212	0.671512	-0.789731	-0.235836	1.55248	1.0188	0.745676	1.43202	1.54726	-0.759178	-1.08769	0.51575	1.39019	
0.997786	-5.96669	0.684564	0.647069	-0.255365	-6.8926	1.52513	-0.36638	-0.730335	-1.67665	2.65529	4.62385	1.11477	1.42656	1.50906	4.79429	-0.431471	-0.300542	3.78933	1.72942	
-1.61284	0.864823	-0.778308	1.25106	0.837507	3.02152	1.01789	-1.77612	-0.937247	-0.0888537	-0.229376	-1.96128	-0.71986	-3.62262	-0.666318	-3.14059	1.17844	-1.09479	-0.916158	-0.853263	
19.2494	17.8795	-10.1986	-17.4235	-45.7812	-1.70222	-15.7143	-9.47138	-17.9864	12.4588	-9.46322	18.2309	-0.947549	27.5008	0.164729	7.8676	-3.52483	-8.23205	-1.58849	-6.82447	
-0.589606	-3.25598	1.12644	0.84822	-0.748048	-3.30389	-0.500318	-0.0582341	0.554133	0.111236	-0.365602	2.61617	0.179076	0.978287	1.28439	1.71471	-1.28574	2.94979	1.1655	-0.103749	
3.06859	-9.91789	1.56714	-2.10102	-2.66899	-11.8466	1.00794	-0.804586	-0.164955	1.28057	3.9695	8.1121	4.7191	2.47522	4.54681	10.6822	-2.97377	0.245631	5.16925	-1.31377	
-0.660121	4.3263	-1.88156	-0.376717	2.18759	7.01821	0.241066	-0.477787	2.0238	-0.200585	-2.50194	-3.12112	-2.91066	-2.43368	-0.648014	-3.3314	2.39004	0.781876	-2.34386	0.534091	
2.05425	-7.95239	0.684712	-1.43385	-0.543702	-9.93918	1.15152	-1.33408	1.89128	0.879506	1.38771	6.83021	4.31731	3.94626	1.92433	7.10221	-2.24444	1.80218	3.59662	0.447613	
2.30629	-4.21709	-0.148138	0.368304	0.0571474	-4.63104	-0.0372144	-0.162278	1.26525	2.62493	2.65227	2.33751	3.24485	1.32165	1.26318	5.12335	-0.568331	0.444509	1.47021	0.577409	
2.22475	-4.43963	0.806733	1.05417	-2.26564	-4.35976	-0.445812	0.93417	1.3374	0.858731	3.36824	3.45528	2.16096	1.45233	2.09059	6.6266	-1.10698	1.22482	1.09241	-0.821551	
0.132857	0.926026	-1.00325	-2.5571	1.35127	0.579002	0.314968	-0.130165	-0.95054	0.14563	-0.868613	-2.15454	-0.31685	0.677839	-1.50586	-0.618094	0.946845	-0.328735	-1.12819	-1.03266	
-0.591929	7.12071	-2.83666	1.22338	1.28256	8.42174	-1.31562	1.52722	-0.657773	-1.02703	-3.65499	-4.54711	-5.08754	-2.98301	-3.43066	-5.7663	0.586988	-1.29275	-4.67271	1.51327	
-0.240195	-9.55741	2.74295	0.716106	2.0326	-12.3472	4.21159	2.52411	0.970879	-0.825412	4.91536	5.77527	4.29075	2.8356	3.07248	10.4833	0.80014	1.58057	2.35853	2.18277	
1.17362	-8.03432	-0.909542	-0.238591	-1.68409	-10.0831	0.500426	0.426925	0.741488	2.74359	4.81912	8.65712	6.04493	4.04925	3.82803	9.50615	-2.33439	0.348323	4.12454	0.91782	
2.06987	-1.50876	0.312106	-0.155492	0.138373	-3.1631	0.832635	-0.184671	0.112577	0.0419558	1.73225	3.718	-0.942209	1.9981	0.268878	1.01769	-0.655265	-0.250973	1.55584	-0.998519	
0.791159	-9.08612	2.25677	0.039451	-0.85385	-10.525	1.19242	-1.35413	0.641049	0.823238	2.42933	8.26251	4.36206	2.44849	3.83353	8.92808	-1.18494	2.04418	4.31954	-0.317541	
0.819468	-7.12294	1.66145	0.646535	-2.02884	-6.99032	-1.19303	-1.14293	0.661574	1.96676	1.5972	4.8786	2.69729	1.49892	3.64399	4.70824	-1.09468	-0.375559	3.2634	-0.00491369	
4.81864	9.88061	-4.48298	-3.42646	-16.1432	4.63143	-5.1706	-3.40751	-4.98547	3.36869	-6.39863	3.55385	-2.26046	6.67555	-0.769544	-1.94347	0.259945	-3.24463	-1.92492	-1.34947	
1.76521	-8.86479	2.38527	0.96469	-2.98102	-15.4677	-0.411348	-2.06545	0.675071	2.11505	5.11665	9.47428	4.32284	6.22427	4.35469	12.3863	-2.59864	1.05942	5.56229	-1.07257	
-2.54203	18.373	-5.06742	-0.0822883	4.36171	24.4825	0.108716	0.395483	-2.96609	-1.85747	-7.96484	-15.8259	-10.9521	-10.8858	-8.35534	-18.3812	5.52446	-3.92344	-10.7508	1.68758	
0.441377	-11.0961	1.97539	0.202402	-3.74808	-14.4079	-0.346187	-0.762101	0.222645	2.13723	4.11994	9.85178	6.47072	5.50779	5.43937	14.0624	-3.11612	2.73363	3.54125	0.532815	
-1.76152	10.9101	-2.6088	-0.982306	2.82051	15.0083	-0.694273	-0.595743	-1.18808	-1.03369	-7.22902	-10.1075	-6.31165	-6.457	-3.91562	-11.9763	2.24462	-2.25013	-3.90089	1.19319	
1.39542	-9.27986	0.291966	-0.405661	-3.82513	-11.1705	1.06737	-0.329208	1.49921	0.745788	4.95359	7.61458	6.06838	3.63906	4.61936	9.58101	-2.90828	2.0698	4.10599	-1.87325	
0.497516	-3.1931	1.06264	-0.00183668	-0.529527	-3.60299	-0.0102762	1.77011	0.543889	1.76192	-0.449639	2.70144	2.03681	0.68505	-0.104341	1.53292	0.751086	-0.344761	2.76719	0.529132	
2.7663	-10.2527	1.348	-1.11043	-5.31463	-11.3792	-0.889972	1.04108	0.132728	1.12338	3.25257	7.17468	5.88823	4.87878	4.26571	9.80548	-0.732214	-0.973349	3.20254	-0.226627	
-1.31098	4.94987	-0.935578	0.48462	1.18906	5.8922	0.461775	0.0622609	-0.272199	-1.12516	-3.45706	-4.96343	-1.98387	-3.10613	-1.94991	-5.03116	1.08649	1.12162	-2.90788	-0.825441	
0.507146	-3.4183	1.14385	0.7792	-0.456196	-3.781	-0.889108	0.98057	0.101102	1.92337	1.37084	4.19467	1.32426	2.17497	1.42467	5.20435	-2.40734	0.106231	1.98433	-0.944906	
2.16173	-3.1984	-0.0711469	-1.03354	-2.12432	-5.14359	-0.985145	0.608211	-0.277872	-0.440602	1.70074	3.01518	2.9478	1.78699	0.537367	4.38281	-0.594378	0.417087	2.8483	-0.925829	
-2.03493	-11.3716	2.19378	3.90398	8.57145	-7.7863	1.91928	1.55594	4.61195	-0.697253	6.80171	1.05631	3.74921	-1.21181	3.79262	7.43366	-0.365548	2.60311	4.58177	0.71906	
3.39697	-15.6952	2.82514	1.37356	-5.04922	-19.5939	-0.467672	-1.12212	0.249299	1.19816	7.02586	12.9514	10.9785	8.54505	7.76279	14.3879	-4.0402	1.02819	5.47474	0.252493	
-1.6062	-7.05924	3.56803	1.2284	3.16002	-6.43171	1.39511	2.85341	0.710027	-0.761027	2.10755	1.06388	4.88926	-0.53025	2.04682	5.84971	-1.08005	1.64097	4.48747	1.82037	
-0.809857	6.20661	-0.429104	0.689362	0.0771684	7.42025	-1.23792	0.500391	-1.21184	-2.33317	-4.33118	-7.94279	-5.15364	-2.7323	-4.97808	-7.98764	3.1156	-2.05085	-4.41305	0.90701	
-0.237462	3.17124	-0.296684	-0.968821	1.21866	4.13947	-0.370875	0.202903	-0.700469	1.07619	-1.33276	-2.66436	-0.620579	-1.69019	-1.74642	-3.55826	1.51897	-2.14913	-2.51347	0.504185	
-1.4029	0.553019	-0.231418	-0.174374	0.853304	0.676827	2.15021	-0.465607	-0.919854	0.0309029	0.795006	-0.74225	1.37255	-0.328519	0.346145	-0.404475	-0.117908	0.352974	-0.332326	-1.62188	
-0.136665	-5.54447	2.44198	-2.09109	-0.584522	-6.25828	0.888067	-1.02783	1.59517	-0.928033	2.83467	4.95493	3.89771	4.26785	2.3281	7.99445	-1.90553	2.35912	2.77359	1.40342	
-1.83158	6.59775	-1.61505	1.41229	2.7629	10.0017	-1.42753	0.10775	0.118267	-0.551258	-4.13832	-6.18154	-3.70304	-4.303	-2.19366	-7.35284	2.7188	-0.851133	-3.8062	-1.27001	
-2.19068	7.6296	-2.51019	0.258627	0.141188	9.30075	-0.204545	-0.336043	0.214813	-2.43016	-2.57495	-3.98281	-4.46876	-4.41935	-2.91807	-8.70696	3.27358	0.0672856	-4.39193	-0.814427	
1.94826	7.70784	-4.04969	-0.257008	2.13416	8.73035	0.345952	-0.0788506	-1.40072	-1.5466	-4.58861	-5.37727	-2.20875	-3.84047	-3.26255	-7.87229	1.48451	-1.33283	-1.8067	0.0747386	
-2.16453	9.89066	-3.59086	2.38539	3.23929	14.0423	-0.65841	-1.44323	0.076213	-1.82357	-6.63876	-7.01304	-6.36966	-4.744	-5.51231	-8.94332	1.66419	0.516108	-4.54603	-1.10619	
0.561301	-7.87271	1.00132	1.59366	-1.78032	-9.9397	1.33168	-1.1243	-0.21548	-0.0713706	4.30572	6.55789	4.46025	4.03095	2.61776	8.00074	-2.36997	1.43752	1.88192	-1.72096	
1.01848	-5.05986	1.00582	-1.21732	1.49017	-7.1482	-0.106434	-0.633228	0.0827469	0.606819	4.36331	5.67029	2.85595	3.06799	2.60107	6.83538	-0.265837	1.50386	2.90805	-0.160961	
0.299593	-5.12251	0.0443035	-0.829907	0.575888	-6.88506	-0.313677	-0.33563	-0.989327	0.951753	3.26132	5.52424	1.98966	3.07882	2.04337	3.75439	-1.77479	1.5872	1.52532	-0.383419	
0.258202	-3.80181	2.7166	-1.00706	0.723691	-5.38663	-0.106613	0.0367515	0.888807	0.558907	1.94963	3.31881	0.314306	1.88479	4.51159	3.3785	-0.313739	-1.04986	1.66639	-0.0359754	
-3.16542	15.0663	-2.57996	-0.478457	2.85545	21.9722	-0.0627605	-2.0501	-0.827707	-3.99364	-7.3464	-15.8733	-9.66494	-8.24133	-7.19026	-15.7754	5.15286	-1.98399	-6.87164	0.0976033	
0.789107	-8.902	2.3521	-0.0719918	-0.0381014	-12.2153	-0.194079	-0.143356	-0.386573	2.05095	4.00023	9.13735	6.52906	5.23292	4.40995	9.24401	-3.33563	1.65366	3.8884	0.117186	
0.087407	7.18928	-0.616062	0.295567	1.15135	10.1523	0.077211	-1.82715	-0.702496	0.105742	-3.41705	-5.33389	-3.08306	-4.41305	-4.97234	-6.7714	2.30298	0.841849	-2.26809	0.186849	
-2.35459	17.9718	-3.38102	0.717794	4.16691	24.001	-1.17071	0.81385	-1.4648	-1.95226	-7.17616	-14.4986	-10.55	-9.56757	-8.34765	-14.9429	5.35052	-2.18715	-8.96484	0.881641	
0.565858	-1.09181	-0.109555	0.711517	-0.375935	-2.5222	1.41089	0.425972	1.699	-1.93547	2.83974	2.92067	1.72482	-0.274396	-1.07498	1.28298	1.6081	0.000999654	0.957303	-1.7213	
-0.709807	-8.00706	1.31336	-0.201183	-1.6723	-11.0438	0.474151	-0.507635	-0.415156	2.98029	5.22436	5.7614	4.05621	3.86036	3.55745	8.94681	-1.77191	-0.862484	2.64558	-0.265988	
2.14782	-14.9576	3.7194	-0.5096	-5.34652	-19.2862	0.711397	2.42153	0.454316	1.31526	6.54989	10.3548	6.16794	8.00814	8.63061	14.4466	-4.77841	2.33997	6.23997	-1.48377	
-1.38648	3.49816	-2.359	-0.641703	0.321948	5.40949	0.644078	0.321186	-1.3695	-0.103039	-0.604867	-3.86949	-1.20606	-0.469194	-2.5847	-5.16896	2.62511	-1.17378	-1.44961	-0.222041	
0.246154	2.58812	-1.73875	-1.10259	-0.946646	3.61557	-0.0665729	1.56527	0.664574	0.159995	-1.53618	-2.53316	-1.31262	-0.125668	-0.19314	-2.1846	1.62667	0.961002	-0.395739	-0.393262	
-12.5279	-5.26934	4.28823	12.4271	25.3337	10.0568	7.98502	4.49953	11.5563	-8.11623	2.93552	-14.049	-3.08289	-18.0648	-2.01466	-8.19092	1.54372	1.31252	-2.76916	4.87142	
-2.81771	5.27848	-1.76446	0.212999	1.11684	8.4703	-0.527628	-1.16239	-0.911502	-1.00436	-2.50055	-5.62587	-3.75352	-3.05053	-2.5599	-7.02199	0.644743	-0.865791	-3.0852	-0.00111832	
2.66694	-7.50935	0.368627	-1.84683	-1.436	-8.81331	1.11164	-1.48017	2.57802	1.16355	2.37388	6.37783	3.03509	3.16314	2.23438	8.73717	-1.10484	-0.993229	4.24165	-0.181708	
0.125353	8.67184	0.320537	-0.697948	2.68991	12.9445	0.120449	-0.253478	-1.51484	-2.93072	-6.07008	-7.07074	-6.0939	-5.37511	-4.58466	-8.4987	3.5325	-1.80302	-3.52556	1.75819	
0.563513	1.99282	-0.229554	-1.46782	0.903555	1.64627	0.463371	-0.771176	0.436945	-1.27702	-2.57201	-1.85979	-0.292895	-0.416317	-0.726747	-0.664952	-0.272435	-0.403394	1.66564	-0.17944	
-1.34555	2.35256	1.90666	-1.08221	0.18411	3.43131	-0.937695	-0.381621	-1.03947	-0.505181	-2.4334	-2.39023	-1.94219	-1.38749	-1.36344	-4.87979	2.33582	0.214501	-1.9906	0.818773	
-0.57785	5.28315	-1.23982	1.26949	1.76782	8.97615	-2.62658	-1.52694	-0.540199	-1.34733	-3.03456	-5.76282	-4.71819	-3.72219	-2.82889	-7.61879	1.64257	0.0729883	-2.2873	-0.855158	
2.14606	-11.0015	1.88449	-0.658427	-1.15215	-12.6778	-0.1458	-0.791948	-0.602725	-0.118208	6.24134	8.2634	6.08237	5.99071	6.54916	8.97746	-2.61131	1.41305	5.04543	-0.284411	
0.373246	-0.754689	-1.65966	0.101407	0.164349	0.277009	0.617044	0.470004	-2.09678	0.38594	0.302337	0.469945	-0.166641	-0.69115	-1.06911	-0.892673	1.60181	-1.35029	-0.439291	1.36133	
-2.52494	17.1551	-5.50533	-1.27659	3.75804	21.9204	-1.96253	-1.8126	0.186826	0.0711636	-9.908	-14.2467	-11.1924	-7.43285	-9.98656	-15.2393	4.70328	-1.4399	-8.59298	0.81727	
-0.0212937	0.330504	-0.349922	-1.23659	0.0895816	0.62306	-0.628757	-1.48859	-0.369286	0.271046	-0.69153	-0.0473267	-0.369717	-2.36228	-0.894505	-0.780552	-0.467559	0.25261	1.646	0.0459285	
0.543587	1.82999	0.986724	-1.59896	0.0954763	1.92545	-1.58118	2.19019	1.0383	-0.241187	-0.567507	-1.44925	-0.540408	-1.01131	-2.23526	-3.08097	1.46456	-0.393523	-0.607445	0.652795	
7.22625	15.8302	-3.6944	-6.24712	-4.41279	8.42	6.80207	-4.19314	0.317217	-1.49429	12.6715	1.8437	10.8873	-2.97379	0.873292	-1.04126	-3.22132	-9.38757	-5.92074	-0.847183	
-9.06804	-18.6268	7.16503	10.319	2.84825	-12.7928	-8.87551	3.82684	0.312333	2.94456	-15.8845	-0.402388	-14.3387	2.72027	0.185636	3.56317	3.86637	15.8801	6.3062	1.87106	
6.31367	11.6889	-2.66847	-5.42097	-3.89204	5.87707	5.70155	-2.13954	0.608261	-3.5039	9.57159	0.110897	10.0804	-0.370473	-0.172982	-3.49149	-2.88903	-8.67885	-2.76636	-0.424342	
5.94768	15.9273	-6.1441	-7.40048	-5.82162	11.0684	6.28415	-3.38865	0.991013	-3.49041	13.8495	0.819827	13.2197	-2.27659	-1.70761	-1.7772	-4.67097	-12.655	-4.74552	0.00354528	
-0.513004	-2.39159	1.29381	0.17009	1.65857	-1.78233	0.325613	-1.56368	-1.51558	0.721906	-2.34306	1.14398	-3.06281	-0.233312	-0.0380472	-0.520962	1.33352	0.115736	2.17844	-1.24115	
1.6258	4.24342	-1.53022	-4.53303	-0.991843	3.08331	3.82045	-0.314603	0.830263	-1.02311	1.81696	-0.25703	3.21818	-0.965646	0.369524	-0.584778	-1.09699	-2.81888	-0.0837995	-0.276901	
8.86339	17.1214	-3.95461	-8.97611	-4.95708	11.6445	9.97783	-6.42899	0.373554	-0.63482	14.3655	-1.73907	12.8447	-1.36824	-0.558144	-1.19282	-3.41803	-14.3486	-7.49719	-0.393703	
3.55853	-0.56376	-3.37842	0.101754	-6.50489	1.44408	-0.314528	2.08805	2.8201	-2.51381	-1.43094	1.5547	-0.201727	0.0611949	-3.31068	0.53354	-0.0345252	-3.25125	-3.21283	1.40346	
7.08222	18.0549	-3.51809	-6.03261	-6.57586	10.4346	8.61755	-2.48517	0.631174	-3.12807	12.3986	-0.0517239	12.657	-2.86317	-0.47044	-1.35779	-2.23397	-12.1616	-7.54119	-0.705803	
1.99567	3.68592	-3.17733	-2.84166	-0.946472	4.03104	2.81953	-1.59916	-0.524304	-1.15672	6.6089	1.18519	5.48128	-1.86607	-0.964447	-0.423559	-2.0643	-6.57622	-1.58182	0.174293	
-2.27802	-4.9274	0.401885	2.65265	2.82854	-3.73006	-2.14543	1.22657	0.618726	0.873608	-3.91263	-1.68382	-5.67604	1.36479	1.44968	-0.497589	-0.896028	4.1491	2.1414	0.268701	
-8.07519	-13.8459	2.64825	8.20596	5.03662	-8.3967	-4.94604	1.1938	-0.34808	3.3081	-10.5003	-1.50683	-11.3703	3.57983	-1.97307	2.17113	2.1475	10.5733	4.44926	2.9523	
9.83082	8.30511	-6.09748	-2.31768	-7.96802	8.57928	2.24857	-1.11518	4.4521	-3.52247	6.79836	0.224574	8.29839	-2.15934	-4.34613	0.836089	0.696328	-8.55365	-7.21696	1.46779	
-3.15595	-7.88073	2.06084	4.2775	0.799727	-6.28635	-4.36295	-0.0223824	-0.546291	0.286115	-7.19971	0.644573	-7.16769	1.65622	0.0672399	1.5223	1.64479	5.64183	4.52384	-0.709227	
1.19604	1.54655	-2.28112	0.142216	0.159419	0.260137	-0.740027	0.654017	-0.460308	-2.60896	1.80286	0.417921	0.983253	0.854537	0.0638019	-0.697052	1.94504	0.19216	-0.455499	-0.686292	
3.51452	5.15891	-2.79615	-4.26458	-0.484548	3.68074	3.42623	-2.07743	0.281089	-0.652544	4.93871	-0.64393	3.82805	0.211518	0.518706	-1.17338	-3.11656	-4.03133	-0.606362	-1.81958	
6.32674	11.2989	-3.77906	-7.19208	-3.82596	7.26851	5.352	-1.51119	0.157843	-0.16746	10.6806	2.53225	8.60399	-3.27339	0.123209	-1.16027	-1.81693	-8.08344	-2.36212	-0.626861	
-5.55803	-10.1847	3.12497	6.15524	4.17512	-8.54599	-5.69452	2.52176	0.392117	2.80143	-9.44674	0.0396933	-9.63685	2.44614	0.11943	0.478527	0.0173643	9.41233	2.50158	1.03591	
11.4449	5.31115	-7.18515	-4.30452	-11.9646	7.60419	4.91802	-0.330319	5.37683	-4.00405	6.74185	3.59536	8.88288	-0.699642	-8.08361	0.433358	-1.84545	-10.5249	-7.8192	3.4168	
1.47677	6.05565	-1.28092	-2.74297	-1.35741	4.58172	3.29537	0.0882407	0.518036	-0.391339	4.35261	-2.09122	5.16546	1.06698	0.883422	-1.39017	-0.149952	-5.45061	-1.78408	-2.8792	
-11.1767	-23.235	5.8458	13.3298	6.52789	-15.4038	-10.9915	5.11159	0.407297	3.28685	-17.3693	1.00409	-17.1848	1.94173	1.04074	3.56393	5.17671	17.6479	7.69287	0.982157	
-2.61916	-0.200307	-0.90314	0.73874	0.135595	1.05981	-0.0855619	-0.501408	-0.15027	1.34011	-1.37906	0.491398	-1.02424	0.2659	-0.648042	-0.824519	-0.378894	-0.34585	-1.12437	0.660701	
14.2125	25.8776	-7.054	-13.0317	-9.13935	16.3975	11.7362	-5.92377	0.804829	-5.37619	20.9086	-0.661644	20.7399	-1.84118	-0.868765	-3.45161	-5.40911	-19.0183	-8.1376	-2.67273	
10.6882	22.778	-5.35048	-10.645	-7.85431	12.8984	10.9146	-3.87277	0.355508	-3.79415	16.953	1.62326	16.6664	-3.38902	-0.0348099	-1.7122	-4.12957	-17.095	-8.30269	-0.687168	
4.62343	9.10409	-2.12741	-5.75032	-4.72066	5.98978	4.55742	-1.38027	0.631935	-0.526418	7.12863	1.42318	7.01023	-1.39483	0.513167	-1.16721	-0.984502	-6.51181	-3.45483	-1.21632	
4.34995	7.38819	-3.31867	-3.30366	-1.60139	5.36674	2.04965	-0.699593	0.389744	-1.11339	4.45721	0.364442	3.87341	-1.41441	0.208072	-0.454198	-0.228382	-5.22985	-1.35584	-0.347568	
0.0256187	0.982486	0.803771	-0.990411	-0.469271	-0.612889	-0.398627	0.928447	1.99394	-0.838168	-0.603153	0.539804	0.650655	-0.494629	1.47122	-0.0286552	-0.0011256	-0.38364	-0.620033	0.78679	
3.27433	6.74222	-0.901683	-2.81024	-2.59832	5.99853	5.14968	-2.07703	-0.868934	-1.00375	6.14312	-0.25761	4.56047	-1.68802	1.68923	-2.28628	-2.59462	-7.17	-2.78078	-0.601441	
5.00342	11.0597	-3.6399	-6.19659	-2.46636	6.21564	4.33538	-2.02106	-1.02367	0.0168645	7.4515	0.358038	7.19849	-1.0529	-0.4149	-2.22251	-1.04375	-10.4279	-5.10691	-1.24827	
1.79314	2.63326	-0.318875	-1.23599	0.376377	1.49838	2.64697	-0.568985	-0.346974	-1.61706	2.77155	0.26392	3.36282	-1.11996	0.968621	0.614829	-1.63706	-2.45025	-1.02814	0.0801023	
0.881961	7.25242	0.217344	-2.2167	2.6838	2.73073	2.61994	-1.29729	0.0256948	1.93855	5.35872	-2.7213	3.38402	-0.781868	3.23298	-1.58989	-1.39687	-4.45857	-0.425161	-3.06728	
0.00922747	2.36302	1.90036	-1.32102	1.04252	0.588545	1.78112	0.0638413	2.28166	1.06451	2.02804	-0.552055	1.38196	0.661297	0.0634256	-1.1939	-1.7966	-2.92902	0.916885	0.371588	
2.51616	1.2129	6.58589	7.20635	-9.81428	1.10962	-21.15	-4.60212	-3.244	-4.04984	3.3663	-20.5711	-5.08042	-4.35298	12.6999	9.72142	4.51165	5.68266	-3.74991	-5.69597	
-0.726786	-2.09326	0.515357	1.99605	2.23986	-2.5951	-2.96772	0.310636	1.58223	-0.271426	-2.09651	0.324936	-4.01715	1.04234	0.927581	1.32608	0.862869	1.15754	0.162696	-0.415406	
-4.01478	-6.75055	-0.0322163	2.75717	3.07181	-3.01552	-4.94373	0.683222	1.29893	0.191568	-6.02068	-0.841008	-6.76167	1.25292	0.0514467	0.0723801	0.440711	7.2861	3.41566	0.942751	
1.11392	6.04307	-0.179137	-1.37938	-1.4879	2.70102	0.0431536	-2.50553	-0.13856	0.874881	2.14311	0.162245	4.36961	0.136777	-0.572564	-0.2991	-0.54616	-3.96045	-3.47571	0.724455	
-5.40061	-10.1358	1.0164	3.87605	4.57308	-4.4635	-4.50714	0.436353	-0.00658575	0.640209	-6.90311	0.135038	-8.66822	1.37145	0.704753	0.744012	0.77403	6.87381	3.94082	0.35524	
1.28424	1.51711	1.37091	0.0554789	-0.504191	-1.10489	1.27764	-0.691151	1.87381	0.751633	0.904105	0.998231	2.6594	-0.864973	0.0414396	-0.229847	0.453631	-2.04604	-0.826078	-0.0613039	
3.26993	6.36365	-1.66431	-4.81371	-2.96115	3.14769	3.27217	-2.45948	-0.543154	-0.835539	5.44824	-0.0682147	4.89999	-2.8348	-1.2437	-0.0212675	-1.74526	-3.33217	-2.40543	-1.1311	
-3.5261	-7.5076	1.30108	5.59885	3.17492	-2.67294	-3.49609	-0.991301	-1.70204	0.922474	-4.95421	0.232458	-6.2947	-0.123899	0.349965	0.777883	0.930836	5.44591	1.75796	-0.100147	
0.979477	1.97523	-0.92092	-0.062613	-1.66853	1.31471	1.79333	0.321883	-0.0959681	0.454974	-0.0635574	-1.53874	0.364614	2.2708	1.07761	-0.515121	0.570306	-2.29119	-1.02898	-0.295823	
0.961655	0.16014	0.239418	0.908001	-1.84863	0.30528	0.765631	-0.768964	1.20416	-0.490057	0.434189	-2.56913	1.31771	0.661696	0.770914	-0.718109	-0.604449	-1.09504	-0.062778	0.149735	
-8.07527	-15.2476	4.17301	7.87937	3.72281	-11.1288	-8.28765	2.45478	0.628849	3.58417	-10.1389	-0.733141	-12.9842	0.974304	1.78021	1.15401	3.26393	10.2405	3.89728	-0.985667	
-2.87408	-6.90932	2.21535	4.10596	2.34378	-5.27794	-2.77279	1.83746	-1.21114	2.3312	-4.79541	-1.36171	-7.04387	1.71103	0.436929	0.813785	3.57225	4.3815	1.39231	-0.780036	
-9.59538	-20.9329	6.78467	10.1079	5.41034	-13.8405	-9.41245	4.3368	-1.02488	4.866	-16.1753	0.149831	-15.778	3.93194	-1.0909	4.44257	3.9982	15.1171	9.0585	1.17162	
-4.58758	-7.72503	2.72225	3.58232	2.9715	-4.55709	-4.26516	1.24594	0.56803	1.09465	-5.66957	-1.46755	-7.24664	1.74305	0.507857	1.34861	1.06767	6.04903	1.59995	-0.0242642	
2.38904	3.31257	-2.41671	-1.85949	-0.931948	2.5855	1.3776	-1.36582	-0.329213	0.765438	4.42151	-0.133219	3.11102	-2.14153	0.209588	-1.33017	-1.26168	-2.80306	-1.84019	-1.79432	
13.8409	25.4102	-5.26245	-10.3704	-8.50251	13.0454	9.87027	-4.23272	1.9271	-3.32399	20.0323	0.834414	19.6254	-2.67982	-1.40517	-2.00626	-2.68155	-18.5233	-7.29157	-2.87471	
2.7597	1.58058	-1.43832	-2.8788	-1.68829	1.88001	0.714479	0.176173	0.000592476	0.215754	2.37899	1.42808	0.705759	1.0186	-1.05422	0.2733	-0.79005	-2.61821	-0.191542	-0.581154	
2.3893	5.71565	-1.85726	-2.15744	-0.431436	2.94538	3.43289	1.09004	-0.673251	0.546934	4.4212	-1.15758	3.93837	-1.60158	-0.943992	-1.19892	0.569243	-4.95966	-3.79008	-1.0692	
-7.19825	-13.4335	5.04148	6.12109	4.95153	-6.27013	-5.60487	2.38651	0.097305	0.856512	-11.4265	0.489761	-9.56453	-0.773829	0.750241	1.91317	3.26081	10.9365	3.14116	0.650641	
5.68807	11.3608	-2.48634	-6.09547	-4.02447	7.90493	5.46059	-1.06625	0.421661	-2.1738	9.89437	0.141949	9.14196	-2.01049	0.240687	-1.01499	-3.13396	-9.8373	-4.52523	-1.60619	
1.96368	5.30837	-6.60958	-7.01484	2.40462	4.2268	13.1954	-0.216303	1.95845	-0.30856	3.38379	10.3787	8.1865	-0.944738	-7.19834	-5.4463	-2.06804	-8.56663	-1.86305	2.226	
-6.19361	-12.4692	2.16559	6.38497	3.60021	-5.44834	-5.80378	3.22104	-1.19594	0.124838	-7.50063	1.19637	-7.69997	1.3683	1.26366	0.129523	1.45694	7.32576	4.88483	-0.931128	
-0.957047	-1.30444	-0.544921	2.61026	0.0573318	-1.38246	0.0576264	-1.19345	-0.215702	0.807674	-2.22134	2.27941	-1.45264	0.762844	-0.217058	0.110019	1.57347	1.70771	-0.286849	0.168764	
-7.07665	-14.3349	3.21706	8.53117	3.25135	-10.4221	-6.77976	2.93132	-0.580132	1.46718	-10.9788	0.602122	-9.23926	2.49328	-0.154649	1.90558	1.86965	7.76145	5.2491	1.37655	
1.8747	2.12623	0.27863	0.0940381	0.937686	1.59375	-0.570586	-0.685278	0.657635	-0.336141	-1.69629	-1.19148	0.988701	0.137472	1.10585	0.0427689	-1.79869	-1.61863	1.30129	0.961069	
4.46824	8.84783	-3.10701	-4.14143	-2.13016	6.11986	5.17991	-2.89949	1.59495	-0.699656	9.0013	0.126228	6.64363	-2.05995	0.583792	-2.26554	-1.16929	-7.90391	-4.14312	-0.990954	
-12.6011	-23.9508	6.15907	12.1193	7.77615	-13.5988	-9.62637	4.30607	-0.945769	5.55556	-16.6183	-1.90501	-16.2154	2.93024	-0.96443	2.94354	4.0076	18.4055	7.01262	2.44739	
-2.40301	-1.56661	2.25321	0.18667	2.17914	-0.524635	-0.477655	-0.256881	-0.727118	-0.430384	0.897916	-0.0903987	-2.81124	0.597396	2.2176	-0.752994	1.49849	1.21415	1.24216	-0.653107	
-3.40872	-4.13891	-0.716806	1.88128	3.93319	-6.48147	5.278	2.28804	1.4817	2.11879	-7.57966	6.91547	-2.19941	0.352877	-2.69333	-3.89242	-2.60498	2.15675	2.06314	2.8098	
0.203085	-1.74433	-0.59874	-1.09106	0.648829	0.881021	-2.20675	1.13796	-1.40828	-1.43591	0.173083	0.0932825	-2.7903	0.186981	-0.997416	0.446656	1.36925	-0.963769	-1.0148	0.237023	
-7.51818	-12.2121	2.85242	6.11325	3.5411	-6.91913	-7.12949	2.55738	-1.0646	2.16758	-9.02823	0.181726	-8.78404	1.59124	0.319024	2.52617	2.00157	8.81955	5.59171	0.104811	
-0.631718	-0.737754	-0.840337	1.05032	1.03703	-1.06364	-2.70188	1.00621	-0.40593	0.243699	-0.245556	-0.161962	-1.74552	2.55252	-0.718632	2.33474	0.0380265	1.82738	1.73219	1.05269	
2.58856	6.56512	-1.2436	-1.46176	-1.09891	2.28863	1.29886	-1.23782	-0.622219	-1.57125	3.78931	-1.06546	4.52372	-0.649602	-0.971941	-0.381857	-0.112071	-3.00941	-1.46622	0.00642724	
5.19731	11.0174	-2.77265	-4.72669	-4.67855	5.48381	4.79639	-3.08426	1.4468	-1.26799	8.30004	0.530138	9.66391	-2.96276	0.982596	1.07236	-1.41157	-7.85663	-3.18321	-0.68578	
-11.589	-20.3938	1.35998	9.23032	5.75311	-10.5957	-7.84928	4.00715	0.345209	3.35347	-14.6908	0.153625	-15.8629	2.20564	1.06077	2.75477	2.65307	15.7335	6.59236	-0.185861	
-3.53548	-6.01888	0.970377	6.4751	3.30132	-4.34647	-4.169	1.94475	-1.25165	0.382321	-7.98011	-0.409795	-4.30023	0.295519	1.18126	0.973373	0.0912535	5.43039	0.774602	0.207723	
0.60808	7.07938	-0.86991	-3.90702	-0.648199	1.71216	2.18119	0.288993	0.129372	-0.616687	4.75238	-0.893517	2.84579	1.2715	1.18224	-0.754127	-1.45525	-0.869448	-0.88352	-0.839526	
0.924881	-0.927918	1.98533	0.462715	1.09687	-0.613775	-0.865677	-1.85549	1.22806	-0.612586	-1.02006	-2.04246	-0.192134	0.125924	-0.844735	0.543207	-0.0750042	1.05309	1.1106	0.0861373	
-3.61701	-10.3246	3.20907	5.82567	3.96574	-4.59578	-3.4758	2.50287	1.00767	1.77724	-5.84812	-0.876105	-8.05441	0.390026	0.157275	1.17293	2.31286	8.89505	3.66769	-0.0646376	
-1.76751	-3.8427	2.3884	1.29605	0.338513	-1.29773	-1.7325	2.35939	0.160104	-0.308282	-2.52385	0.215393	-2.83802	-0.67097	-0.149662	-0.511306	1.34724	2.52177	0.492459	0.490964	
8.7349	17.9534	-3.94355	-9.72572	-7.59474	10.4135	9.65972	-3.37921	-0.272617	-4.23359	16.2043	0.450227	16.0233	-0.978152	0.104923	-2.43283	-5.09233	-13.7469	-7.08573	-0.127151	
0.599794	-0.0526807	-1.3251	0.659879	0.273697	0.242127	-0.375006	0.380054	-1.67055	-0.916657	0.441001	-1.10329	0.489766	-1.85217	0.82402	-0.69665	-1.0378	-2.15702	-0.310127	-0.284791	
-7.95084	-18.3913	5.66208	8.1334	6.92917	-10.3246	-7.5289	2.33844	-1.43991	2.19215	-12.8509	-0.518287	-15.0012	0.17081	-0.946437	2.49624	2.68254	14.3459	6.04965	1.74547	
-8.35924	-13.598	1.39541	4.88613	3.95942	-7.52576	-6.54983	1.88881	-0.0599281	1.39701	-9.25475	-1.09883	-9.55172	1.96057	0.22564	0.427201	3.53522	8.66207	5.18633	1.86057	
-10.761	-22.0614	5.23089	9.12518	6.76791	-12.6576	-9.40843	4.87386	-0.870633	4.36556	-18.6356	0.31239	-18.8264	0.907934	1.66843	2.02488	3.74527	15.715	6.40387	2.09525	
-0.525095	-0.166405	-1.68241	0.244904	-1.83809	1.30403	1.89169	0.14418	0.669963	0.772667	0.428717	1.02859	1.13984	-0.509965	-1.02518	-0.35511	-0.191196	-2.16351	-1.88462	0.659969	
-2.92534	-5.22937	1.03581	2.23022	3.21107	-5.02237	-2.62732	1.49879	-0.400949	0.875717	-6.72649	-1.87874	-4.27517	-0.780092	-1.0462	0.0656668	1.26606	5.01918	3.34303	-0.0107298	
2.70454	4.29653	-0.12713	-1.33382	-1.38248	3.484	0.842545	-1.40206	0.678883	-2.93775	1.25018	0.781378	3.49577	-0.868136	0.624941	-2.17407	-1.07192	-3.26093	-2.53635	-0.513932	
-0.352404	0.0500566	0.0211505	-1.15351	4.50615	-1.51407	4.91467	0.268986	0.670845	2.07169	-3.76519	6.84252	0.356573	1.33141	-1.79336	-1.49983	-0.984422	-0.773211	1.5991	1.96708	
-2.96167	-4.51256	1.33706	2.64823	1.827	-3.56949	-2.73648	0.575054	-0.273754	-0.292492	-4.58454	1.36511	-6.52127	1.26278	0.672803	0.598187	1.12149	3.79758	1.67318	-0.678287	
-8.85877	-20.0494	5.79153	8.63582	4.53567	-12.528	-7.41477	1.91887	-1.08715	3.59326	-16.0392	-1.01696	-15.4139	0.678682	0.619118	1.35854	4.25796	13.254	5.62736	1.65082	
-4.9027	-7.9839	2.01022	4.77134	2.03893	-5.48103	-2.42591	2.00585	-1.05276	0.935646	-6.86946	-1.31718	-6.289	0.0703242	-0.339183	1.63713	2.08427	6.23834	3.95974	0.91636	
-1.07227	0.747972	0.895909	0.578607	-0.0328719	0.884726	-1.62966	0.976662	1.59876	1.28339	-1.45197	0.96056	-0.174827	-1.32865	-0.107395	-0.796609	1.59387	0.953981	0.92166	-0.603283	
2.65219	7.00015	-3.17999	-1.77094	-2.52478	3.39269	2.33551	-0.0861933	1.14519	-0.87271	5.12671	0.062328	4.61014	-0.752891	0.0890548	0.207352	-3.15228	-4.68253	-1.43701	-0.615307	
-0.968542	-1.76932	0.470201	-1.36452	1.52439	-1.66664	-0.524066	1.88574	-0.386719	0.476742	-2.75242	-0.941121	-0.737826	0.301916	-1.62355	-0.420985	0.370597	0.599642	-0.0500581	-0.65085	
2.40014	7.01768	-7.21103	-10.4081	3.69596	5.22949	14.9715	0.478624	1.24512	1.15309	3.7227	11.2449	10.0768	3.29102	-5.51888	-5.21054	-3.65433	-7.42396	-1.09887	2.56274	
-1.2251	-5.88647	0.410922	3.76797	2.83729	-3.39794	-2.4137	0.233188	-0.754614	-0.559886	-6.49865	-0.686084	-5.186	-0.181919	-1.20381	-0.607661	1.41717	4.97692	1.84744	-1.19919	
-13.8768	-31.387	8.60595	15.8402	9.47188	-19.0048	-14.5858	6.28474	-2.74623	3.73241	-25.094	0.938756	-25.5583	2.33912	-0.569723	2.71222	5.79173	24.2893	8.06793	-0.645786	
6.35116	13.1212	-2.21193	-6.88015	-5.15996	9.10091	5.80174	-4.00176	0.745737	-3.59818	9.85556	-0.184619	12.603	-0.725111	0.465818	-0.209118	-2.45537	-12.0937	-4.35963	-1.4597	
1.85865	0.39317	0.554235	-1.00399	0.559548	0.155412	1.52743	1.79517	0.16656	-1.05946	1.78995	0.959023	0.371789	0.424811	1.30596	0.480376	-0.351563	-0.519282	-1.26542	0.00956756	
7.71103	16.2518	-2.4474	-7.57823	-3.45588	9.56557	6.64697	-3.94074	0.857465	-0.52431	11.9936	-0.0713124	12.6425	-2.2231	0.48849	-1.90816	-4.51206	-11.7722	-5.41285	-1.38825	
6.06468	10.0508	-1.93062	-5.51618	-2.84926	7.76405	5.53523	-1.52834	0.34987	-0.40694	9.49723	0.111221	9.5025	-1.19181	0.311892	-1.20246	-0.984127	-6.25952	-3.33137	0.0156522	
-7.22474	-14.8741	2.71273	6.11336	4.55959	-8.16284	-5.85616	4.08176	1.51905	2.92889	-11.1	-0.231417	-11.8743	1.92112	-0.749228	0.607071	1.95598	10.9365	4.36398	1.21354	
11.756	24.5531	-5.57955	-13.4879	-6.63881	14.5072	11.987	-2.78046	-1.03661	-2.89862	18.2188	-0.17515	18.5464	-3.77818	-1.47065	-3.749	-3.18716	-16.7606	-7.04494	-1.53333	
-3.82326	-7.78417	1.35982	3.99043	3.16345	-4.72512	-3.40056	1.59753	-0.650833	-0.0440463	-6.05604	-0.581647	-7.10078	0.0588249	-0.868509	1.39727	0.00227771	4.74591	4.10284	-1.48636	
-3.1579	-2.53263	0.167749	0.94391	1.47595	-4.37112	-1.69702	0.916698	0.365032	0.895572	-2.05895	-0.178088	-3.36847	0.496484	-0.10024	0.0334612	1.82441	3.46398	1.41253	-0.42634	
5.55015	12.3938	-3.19518	-4.25181	-2.42473	6.68163	4.75605	-2.40056	1.27693	-0.458527	8.43509	-0.945445	8.50304	-2.32647	-0.526966	-2.66023	-2.32443	-9.9203	-2.54598	0.205689	
2.39995	2.02688	-1.91734	-2.88584	2.28191	0.454541	11.0568	2.73889	2.59372	-2.22691	-0.218026	5.82618	4.22341	1.30842	-2.93826	-3.08281	-0.94875	-2.88532	1.21656	-0.0780306	
0.312543	2.60079	3.95575	2.45332	-2.08933	1.42965	-7.50405	0.753812	-0.138326	-1.2688	-0.291544	4.10603	2.15336	-4.38072	2.12653	3.99926	1.2881	-3.49197	3.37948	-0.325759	
-1.19724	0.428016	1.46779	-1.83904	1.39679	1.2214	-0.0868002	-1.00678	0.879492	0.771048	-0.0284781	1.3125	-0.16811	-1.44979	-0.275669	0.0833484	-0.375605	1.08387	0.226196	1.20733	
0.281457	2.89582	2.20739	0.885815	-0.217875	1.80215	-2.83006	1.12812	0.355433	-0.248234	3.33463	2.67226	1.42941	-2.28512	-1.93238	1.37613	2.44623	-1.13864	-0.0807424	1.20011	
0.27023	-2.22415	-5.87094	-2.55075	0.423642	-2.02828	6.02782	-0.700387	0.315688	-2.03677	-2.5862	-0.973839	-5.67965	3.55388	-0.414139	-2.18646	-1.47913	2.85998	-4.20103	1.21849	
0.906113	-3.19099	-3.22871	0.41409	1.13668	-1.11159	5.36965	-0.570086	0.205641	-0.703596	-2.98061	-1.8585	-2.93741	2.59194	0.690787	-1.88405	-2.57837	3.19016	-2.24692	0.707059	
0.551626	0.454174	-2.0961	0.499335	0.99491	0.480433	2.41325	-0.799539	-0.277628	-0.139095	-1.61	-2.07758	-0.410603	1.91167	1.30925	-1.2162	1.01217	0.956627	0.128057	1.98295	
-0.435788	-2.28133	-3.16129	1.12333	0.974749	-1.20227	4.47099	-0.0777375	-1.56445	-0.080527	-1.28947	-1.56964	-1.23376	2.86393	1.06149	-1.42448	0.0939646	1.82061	-3.27971	0.388994	
-0.977557	3.18299	2.03094	0.651032	-0.523273	0.0841233	-5.52597	1.19087	0.0877741	0.576632	1.8146	1.16597	1.88921	-1.68016	1.82882	1.99974	0.923779	-2.30734	0.0637701	-3.13037	
-1.40351	2.43719	3.37839	1.07542	0.312036	-0.687204	-2.58307	1.45908	-1.99487	0.390111	1.10416	0.324681	1.61857	-1.40445	1.52265	1.45678	0.645925	-2.31857	3.66498	-0.434127	
0.485305	-1.66522	-2.49602	1.04743	0.0960683	-1.43223	3.6035	-1.06055	-1.06295	-1.34893	-0.224044	-1.49751	-1.51714	1.7845	-1.13064	-1.99243	-2.50162	1.59026	-2.4003	-0.65189	
1.00871	0.79798	0.373022	-0.348594	1.40033	0.396626	-1.89599	-0.58385	2.31563	0.307233	-0.765245	1.26695	0.914758	-0.83368	0.562656	1.71038	0.443192	-1.27738	-0.112836	2.23508	
-0.298105	1.14193	-0.348984	-2.99961	4.1658	-0.813925	-0.529073	-0.627871	0.465657	3.90008	0.474664	0.216694	-3.63064	-5.45434	0.433095	-2.57611	5.24775	-7.25788	3.20396	-5.69009	
1.53289	-5.24222	-4.18561	-1.05227	0.797255	-2.71903	6.2686	-1.35477	0.44189	0.0904491	-2.03553	-1.39108	-2.44965	2.34198	-0.334358	-2.72464	-0.0957303	2.50739	-2.72371	-1.40488	
-0.295444	1.77417	0.622885	-0.692526	-0.293979	0.423589	-2.09986	-1.3699	-1.33085	0.726808	0.0478522	0.502857	0.118075	1.09503	1.50985	2.14986	0.661409	0.311474	-0.161238	-1.49309	
0.7596	-3.40624	-6.35863	-1.55064	-0.157789	-0.965802	7.52844	-2.19897	0.754692	-0.32059	-3.10511	-2.60135	-4.86594	4.23534	0.782109	-3.44614	-1.23933	4.14379	-2.93681	1.09352	
-0.325244	1.22311	-0.492376	-3.1854	1.95978	0.475262	-1.11182	2.9113	3.38002	3.91796	1.09423	-1.01886	-3.36542	-4.99537	0.911049	-5.4793	4.00696	-8.36167	3.3435	-7.23623	
0.332126	3.79435	5.81105	2.04919	-0.647326	2.17847	-9.17867	1.12903	-0.114278	0.645049	0.214991	3.49896	5.00694	-5.04302	1.34684	2.43272	1.39627	-4.40859	2.43236	-0.0760362	
-0.912437	0.473406	3.34014	1.55976	2.53279	2.75914	-3.14732	0.379473	1.71338	0.178385	1.16237	2.17388	2.62355	-2.45184	0.66297	1.98445	0.140476	-2.75424	2.3319	-0.932122	
0.577319	-1.26412	-2.72856	0.549561	-1.96798	-0.370339	0.98923	2.02801	1.4395	-2.36911	-1.68152	0.398445	0.175616	-0.219716	-2.78057	-1.28291	-3.40678	-1.86713	-2.3771	1.44885	
-1.23162	-6.32945	-0.557993	3.81971	-5.32266	-1.08618	3.95142	-3.62798	-2.28516	-7.35448	-1.77657	-0.0156465	6.45386	8.6412	0.217344	5.52684	-6.65261	14.5156	-5.74102	10.0084	
-3.63995	3.28681	6.32084	-1.1577	2.38883	-1.2215	-1.62035	-1.80462	-3.58239	2.0694	1.59449	1.00829	0.81746	-0.682666	5.346	-0.487022	-0.465303	-0.362352	2.77016	-1.12139	
-0.257809	-0.830199	3.06352	1.96431	-0.642536	-0.443067	-2.99159	0.96098	0.753334	0.513592	0.165905	-0.884669	1.22484	0.52174	-1.0093	1.17767	1.73004	-4.15668	1.99218	-0.35999	
-1.8632	2.84796	2.23667	0.17627	-1.26887	0.290026	-2.59019	0.827394	0.54754	-0.336829	1.33011	1.85229	4.68907	-3.70463	-0.0455951	1.51631	1.84646	-2.07154	3.17894	0.596394	
-0.256633	3.53907	6.0445	0.452827	-0.888977	3.7539	-7.84456	0.0749883	-0.952274	-0.369701	1.87449	4.28489	4.576	-4.2251	-0.873228	4.17989	2.05903	-5.10047	5.39908	-2.49149	
1.21605	-1.43654	-0.357441	0.185537	-0.100725	-1.3701	2.93329	-1.05528	-0.334386	-0.634571	-1.07542	-0.59694	0.16956	1.67035	-1.82607	-0.247985	0.154333	3.06281	-2.86536	0.384761	
1.04979	-6.3168	-6.44484	-1.3932	0.615439	-4.67531	10.4845	-2.57334	-0.0763777	-0.45291	-2.57806	-3.72622	-5.31278	3.29504	-0.837336	-5.56678	-4.6502	7.46345	-4.22722	0.251272	
-0.975608	-1.19258	-2.58248	-0.211733	0.649269	-1.14011	1.98056	-1.48608	0.618302	0.189138	1.40919	-0.430717	-0.416137	0.00907207	-0.4245	-0.510238	-1.97804	0.646187	-1.40629	0.694318	
1.62283	-0.123739	-0.389943	-0.0691047	0.152921	-1.01845	2.82628	1.37551	0.952643	-0.0952248	-1.32811	-0.822208	-1.28677	1.50047	-0.707386	-0.436787	-0.27361	1.06945	-0.619765	1.13674	
-1.96394	-2.41071	-5.48584	-1.71901	-0.150157	-2.99389	5.64692	-1.22616	0.578535	1.58545	-0.714178	-3.00118	-3.07143	4.04446	0.646306	-3.00898	-3.31428	2.74776	-2.97754	0.2206	
0.909283	-2.66511	-1.66021	1.21786	1.31263	-1.7782	3.82927	-0.118831	1.63985	-0.676871	-1.31273	-1.01418	-1.27892	0.336706	0.468826	0.153078	-1.8365	0.911889	-1.48635	1.27144	
-0.366831	1.19656	2.07358	1.41492	0.780152	1.91557	-0.619037	1.13791	-0.486979	-0.818935	1.27865	-0.0585634	2.64195	-1.46502	-1.2917	-0.0778538	2.09963	-1.81406	1.62685	1.99273	
0.294565	2.2355	3.30248	1.42152	0.593555	2.68823	-4.12596	1.14756	-0.841914	0.350322	1.73965	2.44052	2.2408	-1.83537	-1.20046	3.96668	1.93194	-2.65572	1.78188	-1.81667	
1.64687	-4.29291	-5.11157	-1.04571	1.78754	-3.10578	5.27539	-1.20608	-0.149256	-0.492293	-0.921004	-2.93328	-2.69338	3.36056	-0.647553	-4.19779	0.0678676	3.76683	-2.58388	1.32687	
1.09931	5.54096	-3.43003	-5.95007	8.05893	-0.196356	-1.44452	5.42534	8.57804	10.0309	3.93592	-1.45762	-9.48748	-10.9849	0.49391	-10.9651	8.51421	-19.7335	9.31653	-14.5728	
2.47814	-3.09866	-5.24978	-1.16625	1.2058	-3.81442	7.61259	-0.621056	-2.59773	0.0522113	-0.709291	-3.92953	-4.37145	3.48626	0.829876	-3.98282	-0.988277	4.08364	-4.03695	0.285065	
-0.154014	5.00275	2.43636	1.69506	0.919109	1.34552	-4.65293	1.87092	-0.372126	0.93226	-0.285378	3.2867	2.47588	-2.63157	1.61831	2.97409	2.27656	-0.243841	1.82328	-0.805856	
-0.341106	0.45838	2.33285	-0.197552	1.42756	-0.409902	-1.64733	0.418077	-0.0223892	-0.35702	0.192293	-0.309984	1.27078	-0.935512	-0.442671	0.929366	0.153016	-1.90429	1.8629	-1.14986	
-0.904132	4.61171	7.55221	0.916496	-3.09037	3.0387	-10.1442	1.93843	0.282176	-0.451816	2.69098	3.68513	6.35766	-5.3962	-0.385249	4.39826	3.24946	-7.93822	5.03001	-0.742348	
-1.0996	-1.57152	-2.60629	0.468497	0.810833	-0.732077	4.9933	-2.4503	-0.323998	0.446115	-0.2353	-0.691379	-1.22409	0.9577	-0.1704	-2.76108	-1.59082	2.7086	-0.199199	1.48448	
0.665251	1.47106	3.01158	0.942977	-0.764346	0.430488	-4.52829	0.967353	1.75903	-0.221486	0.20815	3.43992	0.289392	-1.52961	-0.243759	3.46373	3.03428	-4.14548	0.913383	0.750768	
0.471538	-5.80172	-7.22252	-3.35458	2.07767	-3.26008	10.274	-1.29061	-1.34529	2.06406	-1.83177	-2.63302	-3.29847	3.95423	1.17126	-6.57533	-4.02636	5.67281	-4.04814	-0.706784	
-1.40664	-2.03091	-1.23658	-2.19912	1.64219	-1.29235	1.25559	-0.445371	-0.366672	1.16639	-0.408781	-0.686192	-2.26974	0.0465349	1.64849	-1.04443	0.0179828	1.6472	-0.751273	-0.198358	
0.275317	1.42364	1.238	0.414724	1.5349	-1.25398	-0.149827	-0.0257114	0.882468	-0.275158	0.988338	-0.385333	0.0884752	0.972518	0.670423	-0.355627	1.25579	-0.492444	1.5003	0.448895	
3.28796	0.143016	1.18468	4.2057	-9.94755	3.89201	-12.6174	2.9315	3.6209	-2.92636	1.67122	5.63894	5.00636	-5.35178	-7.45447	7.27129	5.7002	-6.66667	0.993956	3.04243	
0.0481839	-6.81236	-9.79654	-5.00179	2.10123	-1.97261	15.773	-2.37905	0.505628	-0.418388	-4.57066	-4.34629	-5.69565	7.01432	-2.05346	-7.40182	-4.27451	9.12138	-7.00787	1.42555	
0.0610975	-3.49753	-5.90971	-1.58735	1.15356	-1.68132	9.78434	-1.98913	-0.942822	0.160832	-3.29207	-2.00936	-4.77848	4.8026	0.858238	-3.82487	-4.55606	5.08233	-5.27902	0.526082	
0.709561	0.269248	3.75707	0.321681	-0.158757	2.08353	-4.00444	-0.473307	-0.468994	-1.59006	-0.792635	-0.160273	0.604786	-0.365729	-0.0141436	0.811931	2.02762	-1.18669	0.606202	0.654734	
0.548414	-2.33854	-3.8333	-0.678963	0.745723	-1.29019	3.89482	-1.11594	-2.2701	-0.834297	-1.00741	-2.48716	-2.37192	1.4566	-0.794798	-2.79352	-3.25303	4.01502	-0.646412	1.74116	
1.65863	-4.72701	-7.41033	-2.93925	2.74577	-2.71794	9.78496	-0.830579	0.837415	1.60204	-2.42309	-3.14639	-8.29942	3.69593	2.59306	-7.00697	-1.51107	3.14459	-4.42414	-0.813187	
0.435245	0.651719	2.24622	-1.47341	-1.9627	2.2798	-6.18515	0.136091	1.38812	-1.07727	1.21348	1.72766	1.88472	-2.78726	-2.16774	2.73962	0.993993	-3.38048	2.89188	1.6803	
-0.730744	1.50822	-4.53724	-6.51446	6.75122	-3.82879	4.37746	1.77529	5.24162	6.76368	0.841447	-1.87258	-9.69957	-5.5226	0.19918	-9.12023	5.03369	-9.60883	2.39289	-9.33553	
1.17927	-4.21769	-4.24292	-1.16989	0.52454	-2.73788	8.3251	-2.28588	0.929479	-1.63174	-1.85047	-3.22457	-2.67546	3.21393	-0.0678989	-4.52578	-2.03523	3.31375	-4.03358	-0.19972	
1.21686	-4.1806	-2.50067	-2.01831	-1.00507	-1.52236	4.38289	0.504804	1.01098	0.149134	-0.229712	-1.8138	-1.95861	3.79004	0.870811	-2.61008	-0.661995	3.41768	-2.11942	-1.29879	
-1.25714	0.443719	0.0446894	0.532361	1.60944	0.661076	-0.644355	1.8961	0.260712	-0.249568	1.76742	0.617823	0.127671	-0.412519	-1.0368	1.54141	0.679325	-0.00334004	1.55653	0.255966	
-1.26359	4.83454	6.83133	2.60915	-1.26983	3.79414	-11.3929	0.467805	-1.03627	0.697951	0.91546	4.03112	4.78135	-5.66978	-0.466897	5.43845	3.99745	-3.33109	4.48895	-0.967944	
0.362642	-4.88348	-7.66964	-1.41918	0.286212	-1.58703	10.8594	-1.70926	0.318537	-0.33215	-2.10667	-4.10261	-2.97559	4.67796	-1.90329	-4.6721	-1.48814	6.65986	-5.34487	1.1035	
-3.22877	0.988992	-1.06438	-2.97337	8.17416	-3.18851	9.14586	-3.11626	-6.44652	4.47468	2.03367	-6.09287	-4.33083	4.78937	10.3586	-6.79596	-5.28464	7.55272	2.10487	-3.72756	
0.884462	2.00108	1.03545	-0.386429	-0.396363	0.962406	-0.563416	-0.117305	-2.31743	-0.20123	0.769293	0.81192	0.754384	-0.698076	-0.158826	0.363246	1.77775	-1.32898	-0.878184	-1.25059	
-0.714561	-3.82812	-5.05138	-0.80053	-1.05117	-1.35893	8.94062	-2.64323	1.81316	-1.8085	-1.66434	-4.9091	-3.09896	3.11185	0.486843	-4.09981	-2.45503	6.06922	-3.75322	0.294586	
-1.44898	4.59604	8.09312	3.19489	-1.86143	3.15853	-9.00343	1.90844	1.28328	1.31901	2.87376	3.23352	2.54322	-3.49388	0.443048	5.66922	1.65148	-3.61408	3.93332	-0.359589	
-0.961117	-3.60451	-2.57745	1.28332	-0.281132	-1.79109	6.56992	-1.2442	1.46818	-1.15216	-2.47951	-0.515691	-2.66357	1.81265	0.126893	-3.89047	0.642837	2.20417	-1.14904	0.448253	
-1.45159	5.33969	8.31875	2.57773	-2.20154	5.14143	-14.1903	4.55392	0.18166	-0.969091	3.51775	4.48524	5.51428	-7.18004	0.568739	3.86223	4.08508	-7.04225	7.36984	-0.242547	
3.11895	-1.39837	-2.09032	0.0383437	-5.59355	0.758631	-2.7878	1.37999	2.97303	-2.26177	0.948578	0.453664	0.371622	-1.46302	-3.90187	2.05215	1.52837	-1.51996	-3.06349	0.132899	
-2.97833	-2.01908	10.9253	10.2321	-10.5977	3.50341	-11.798	-3.02934	-6.44315	-12.354	-0.430758	5.10303	16.763	7.14311	1.82479	19.2512	-7.72876	13.2163	-1.3248	15.5591	
-0.235401	1.13218	0.572676	-0.153193	0.195918	-1.74873	-2.06397	-1.12335	-0.342141	-1.43089	-0.815961	0.63912	-0.322622	-2.76843	-0.0346244	1.43976	2.82632	-0.830638	1.27608	0.784163	
0.0165833	-6.50064	-11.5897	-2.96708	2.92306	-4.16806	15.1156	-3.36993	2.2393	1.06925	-3.6024	-2.97524	-8.34908	6.52634	0.583538	-6.23363	-3.90744	7.81469	-6.11292	0.933988	
0.219613	-2.78551	-5.68036	-1.02779	2.34467	-2.38854	9.55207	-0.647811	1.25186	-0.963788	0.288293	-2.30382	-6.08642	1.94369	-1.78364	-3.31796	-4.16331	5.67328	-1.05498	1.27341	
-5.07131	4.42806	6.48326	-2.83798	10.2513	-1.27678	2.87269	-4.61051	-7.66738	4.51445	2.57527	-5.01947	-1.23075	1.96589	11.0511	-1.4026	-3.59336	2.54898	5.0077	-5.6489	
-0.340939	1.3803	0.11213	0.943764	-0.348671	1.99195	-2.86944	0.575271	0.532863	-1.20315	0.47895	1.67129	0.610667	-1.76205	-1.02677	1.36845	-2.25109	0.356114	1.11092	-1.32896	
-0.134846	-0.913921	-4.004	-2.76795	0.775511	-2.62789	3.8876	-0.713354	-0.400086	0.360057	-1.86076	-1.19788	-2.48754	1.56517	-0.0845312	-2.70019	-2.8666	2.11398	-2.71541	0.815046	
2.67895	-9.37022	-13.0752	-2.56332	4.64786	-5.40716	20.4974	-2.37416	0.393936	0.690378	-4.20772	-6.56067	-8.6952	10.3614	-0.261408	-8.21027	-7.83839	11.5303	-9.16676	0.223762	
0.0209226	0.216339	1.28846	1.15571	-0.493269	0.639566	1.20156	0.0994622	-0.678741	0.274103	-0.366786	-1.03807	0.662743	1.77657	0.29354	1.20641	-0.0923341	0.325705	-0.407882	0.109271	
-2.6719	6.98696	11.5937	4.58633	-1.69995	4.82138	-16.5734	4.17457	1.19198	-0.881537	5.21965	4.68691	7.35578	-7.74259	-0.655905	6.35676	4.88849	-10.3022	7.3841	-0.15767	
0.19344	5.23108	7.33871	0.577543	-0.290259	4.35124	-9.59034	0.474196	0.981724	0.11237	0.469694	3.37743	3.25426	-4.7057	-0.806025	4.46394	3.18768	-4.92104	4.98075	-1.25615	
2.08642	-2.6073	-4.57768	-1.49092	0.303863	-2.24781	7.54318	-1.40649	-0.0208326	-0.678058	-3.64173	-3.17117	-1.52496	3.30043	2.79228	-3.68276	-0.340298	3.21978	-3.34594	-1.60044	
-1.03665	1.63676	2.55513	1.23227	-0.00111549	0.27235	-3.47205	0.934786	-0.338318	1.7241	1.21239	-0.838219	1.17703	-0.740437	1.09953	0.931521	0.516292	-2.39739	-0.14329	-0.653907	
0.944096	2.59742	2.16751	0.520307	-1.02039	2.55336	-3.39354	-0.0724542	-0.92453	-1.06312	2.42453	1.18465	0.302019	-1.68497	0.857341	2.3883	1.25724	-2.74757	1.16457	0.0627993	
0.529643	-0.177042	-1.65198	-0.798655	-1.00392	0.136486	1.36358	-1.71047	0.557275	-1.70779	-1.1637	0.235369	-1.29873	0.836373	-0.369789	-1.68695	-0.866665	2.50399	0.391514	-0.831697	
-2.33935	-0.914721	1.6956	1.51403	0.653353	0.353281	0.413243	-0.696801	0.00278497	0.291051	-0.443439	-0.228416	1.18565	0.762586	-0.912993	-0.101855	0.277206	-0.0994761	-0.570358	-0.593664	
-1.66924	1.80826	4.82564	1.42648	-0.0309416	1.56988	-3.22471	1.19612	0.737285	-0.613832	1.65428	1.57945	1.92402	-3.12531	0.132405	0.375727	0.441203	-2.65112	2.34497	-0.467606	
-0.928786	-3.62574	-4.54618	-2.29613	1.14097	-1.0267	6.8927	-0.0251567	-0.822362	0.239238	-3.18739	-2.61109	-2.98157	4.14116	-1.11506	-4.30218	-4.74299	3.16215	-3.67733	0.75732	
-0.990145	-2.44289	-3.75947	0.839717	0.116103	-1.30471	5.21889	0.50681	0.0360747	0.764643	-1.43367	-1.4912	-2.40468	3.16289	-0.931165	-0.828338	-1.83918	3.84202	-2.62038	2.19925	
0.861722	-2.16837	-0.289145	-1.74921	0.757891	-0.823411	3.03424	0.0065423	1.0964	0.494965	-0.467763	0.0195168	-2.07062	-0.999837	0.229462	-1.56324	-3.82334	1.36814	-0.828077	0.709747	
3.3232	-3.458	-3.49412	2.46766	-5.11325	1.73309	0.118996	1.77329	4.54584	-3.02888	-0.377295	0.331201	2.21011	-1.86688	-3.87311	0.804303	1.90896	1.1035	-2.72752	2.37259	
0.611657	7.57907	10.5361	3.56474	-4.04475	3.56153	-14.1038	2.92358	1.20325	-0.818024	2.56679	3.04571	5.96594	-5.99341	2.08859	6.52763	4.5461	-9.40305	5.58562	0.874015	
-0.979529	-2.0968	-4.71011	-1.48489	1.5332	-1.18829	4.74433	-1.86844	-0.503845	-0.989811	-1.49431	-3.24119	-3.02148	2.03692	-0.16865	-2.76401	-0.747023	4.36952	-2.35173	0.11793	
3.2037	-6.56162	-9.54971	-3.79273	2.41041	-4.75653	13.1013	-3.45475	-0.320376	-1.27191	-4.87334	-5.16516	-5.71636	8.14955	-0.7611	-4.86542	-3.8337	8.45606	-6.79595	0.504024	
-0.60628	5.22175	6.33556	2.02844	-0.437343	4.90371	-11.1973	1.86813	0.711027	-0.641212	3.14513	3.71178	4.01821	-5.82514	-0.541265	5.86282	3.16703	-5.1093	3.49642	-0.451072	
0.375108	6.55828	6.52358	1.61868	-2.0122	3.77481	-13.135	2.68686	-0.731805	0.0721115	2.83067	3.47608	3.449	-4.27025	2.06536	5.34761	2.97443	-7.72104	6.15473	0.691002	
1.72256	0.0842528	0.75719	0.114095	-1.2003	0.827651	-1.19062	-1.31646	0.625663	0.949399	1.57713	1.44195	-0.494969	0.549393	-1.12008	1.30458	-1.45077	-0.524812	3.19225	-1.33171	
-0.361029	3.06527	2.48663	0.599807	-0.919787	0.554918	-4.49445	1.70337	-0.345695	0.222595	1.0477	0.686039	1.62287	-0.711898	0.467778	1.57799	0.967174	-1.50295	0.168322	-1.18028	
-0.519269	0.77451	3.08403	0.973263	0.843442	3.13003	-5.50004	3.79009	-0.682835	1.02352	0.998709	3.95009	3.46246	-2.75434	0.333616	2.6781	2.29243	-3.69428	4.18832	-0.0140868	
-1.49094	4.29089	7.76068	-0.099362	-3.04208	2.6723	-11.7888	1.49937	1.18972	0.689736	2.38897	2.73241	4.64856	-6.21863	0.00761111	5.88167	2.33186	-7.08469	5.6952	-1.11257	
-0.27398	-1.00259	1.86382	0.953109	0.814594	0.812012	0.176589	-1.37707	1.4236	-0.688916	0.531374	-0.692342	0.327433	-1.85173	-1.19327	-1.77854	-0.0873732	-0.107834	-0.0965012	-0.641059	
-0.8142	4.90681	6.50921	1.03883	-2.34039	1.93997	-10.8618	1.01549	-0.300294	1.79312	1.80482	2.14571	5.12131	-5.90222	-0.754007	2.39089	1.91638	-4.78207	3.12675	-2.1429	
-1.80022	5.42272	8.2476	0.853696	-1.68404	2.01137	-13.5384	0.106273	0.633541	-0.0379807	3.11769	5.9893	5.60439	-5.75499	0.261349	3.62596	4.74571	-7.19718	5.32272	-0.115805	
0.271388	-0.80387	-0.0481213	0.21446	-0.964545	-1.04542	0.475665	0.0980994	0.489697	-0.900074	1.00843	1.02986	-0.426833	-0.171763	0.33631	-0.135887	0.00148335	1.4265	-1.36037	1.15827	
0.987085	-6.29436	-5.02022	-2.55596	2.1751	-3.68286	10.7148	-1.02423	0.0175106	-0.504815	-4.0306	-4.72796	-4.09251	5.58583	-0.150904	-4.50738	-4.00795	8.8354	-2.49081	0.725398	
0.256351	-0.789002	-2.02591	0.320724	-1.03274	-1.02304	4.20059	-1.10755	-1.08536	0.314286	0.401707	-1.05548	-0.0280215	4.07751	0.258348	-0.313709	0.0196392	1.77895	-0.794284	1.23155	
0.916967	-6.72637	-8.57689	-3.81343	1.44408	-3.36823	12.2399	-1.29652	0.806952	-1.47953	-2.22964	-5.07621	-5.12126	3.34832	-0.404385	-4.90071	-3.18546	7.02516	-4.89895	0.508949	
0.682609	-0.114226	1.02209	-2.73963	1.01542	0.470591	1.37738	2.62408	0.923142	-2.17934	-0.0238518	-1.5862	-0.727222	-1.01052	-1.3079	-0.970619	0.293399	-0.380408	0.372284	-3.81798	
-1.29973	1.5528	-1.96328	8.98876	-0.126404	1.63746	-4.50655	-5.68343	-1.17819	-0.827409	-0.436717	-3.65443	0.972864	3.58957	5.94632	5.38706	3.45057	3.40034	-0.328302	10.5852	
0.347005	1.04236	-1.08119	1.78927	0.752787	2.34223	-1.08961	0.126464	-0.404503	-0.12118	-0.384166	0.471619	-0.231536	-0.92194	3.08006	1.05465	2.3022	2.33819	-0.22006	3.03114	
-2.72095	-1.18162	-1.60744	11.7483	-2.37911	4.02828	-4.61473	-4.48115	-2.62442	-0.924582	-1.00662	-2.78364	1.91886	3.85039	7.63085	8.56508	3.33582	4.14405	0.526794	14.0985	
-4.26705	0.989891	-1.28024	16.1019	-1.6526	2.65382	-5.95146	-7.15233	-2.34122	-2.88174	-0.93096	-2.8528	1.18989	6.09537	13.3224	11.1939	5.04806	6.7634	-2.20567	19.8744	
-0.71233	-0.270466	0.702351	1.35702	-0.78772	0.916968	-0.520403	0.000513688	0.231425	-1.18567	1.54979	-0.487553	0.195492	-0.75256	0.845217	0.0883655	1.41468	0.684679	0.326938	1.16405	
-2.92202	0.527787	-0.271451	11.0782	0.123774	0.164646	-5.459	-4.56819	-2.26192	-0.419322	-0.720706	-2.73815	0.0684592	5.16601	7.23433	7.10035	2.37404	2.56174	-2.68581	13.0216	
0.922648	0.201931	1.13728	-4.14989	0.298229	-2.40974	3.68358	1.52421	-0.0102179	0.00987759	0.949768	1.97897	-2.56939	-1.37895	-3.87115	-4.05421	-0.935419	-3.21294	0.552614	-4.40044	
0.659785	0.434776	-0.705758	-3.12906	1.92079	1.184	0.325894	0.251979	-0.706567	0.632825	-2.06791	1.16009	-0.156083	-0.0159791	-2.92735	-0.469246	1.29972	-0.0442555	0.614565	-3.14276	
-1.26771	2.76942	-0.197667	1.72192	-0.164872	-1.2408	0.763522	-1.15195	0.775603	2.68325	1.30001	1.02755	-0.161406	2.8486	2.99001	1.32312	2.79597	1.66636	-0.0698616	3.67603	
2.48189	1.92313	-0.643155	-6.02501	-0.822302	-1.40685	3.31608	1.59094	1.21035	1.12539	1.49102	1.89982	-0.770963	-4.66791	-3.54459	-4.93466	-0.864945	-3.01836	1.47419	-7.28352	
5.86834	0.0487303	1.55006	-17.4453	-0.234452	-5.25113	7.14289	11.2357	1.39137	2.42627	1.42313	3.65119	-1.7917	-6.20119	-11.6954	-11.8904	-5.58145	-5.15007	2.44555	-22.7505	
-0.641019	-0.368399	0.892374	-1.26339	0.628582	-0.0947306	-0.616228	-1.55801	-0.605237	0.0453844	0.494914	-0.0721565	0.536581	-0.15136	-0.560093	1.30904	0.433982	1.50867	0.790349	-0.236055	
-1.44502	0.77711	-2.43475	4.80869	1.73384	-0.503905	-1.13071	-1.84929	-0.616956	-0.542836	-0.864953	-1.23996	-1.93484	-0.412686	2.43969	0.88092	0.823896	-0.986068	1.1784	1.51763	
1.70643	2.81547	0.578234	-8.25005	1.04924	-2.98623	2.07277	4.4996	1.04864	1.15811	0.159333	3.62977	-0.78352	-5.39894	-6.33717	-5.46161	-4.45725	-2.34382	2.26855	-10.4091	
3.07585	-3.25503	0.375287	-16.2633	-1.25141	-4.13106	7.64284	7.26364	1.65772	2.49405	-0.0302665	2.85546	-0.495208	-6.60837	-11.252	-11.5431	-4.52296	-4.40308	1.91629	-17.95	
-4.88241	1.92032	-2.72156	17.9132	-0.817633	5.1095	-7.50144	-9.05156	-1.57105	-3.07293	-1.46099	-3.4531	0.139942	7.13626	13.4539	12.5129	5.66522	7.1464	-0.245863	21.5675	
-2.34551	-0.378095	-1.80663	12.371	1.34164	3.89754	-6.39143	-4.3556	-2.15503	-0.737824	0.606653	-3.79192	0.528335	5.12094	8.48771	9.17374	4.30034	3.39121	-1.02077	13.8526	
-2.72743	0.792516	-2.64095	7.58156	1.37305	0.969947	-3.56535	-3.57136	-2.09948	-0.800205	-0.325959	-0.15136	-0.416273	2.71446	5.53341	5.98438	1.97779	0.884599	0.0302031	6.91779	
-0.853592	-1.79309	1.52087	2.57036	-1.3569	0.025407	-0.850516	-1.88281	-0.722442	-1.70953	0.262322	0.756835	1.86426	3.83916	2.06005	2.84402	-3.5559	4.23942	-1.64338	5.48389	
2.72216	0.602857	-0.234544	-0.312536	0.0903984	-0.00817071	1.0038	0.825766	-0.361545	-2.41201	0.213773	0.527818	0.822538	-0.130192	0.0903045	-0.565375	1.52656	1.01791	-0.749484	0.380029	
3.2687	-0.349506	1.83469	-7.48262	2.07044	-1.31371	3.83068	4.55213	3.56091	2.15486	0.879482	1.92363	0.264778	-2.25145	-8.63022	-5.25308	-3.02829	-2.08645	2.2271	-9.98912	
0.0374154	1.15583	0.0247041	0.805727	0.567316	-1.09851	-0.26908	-1.94975	-0.219727	-0.601121	-0.204711	-0.226729	1.36977	1.44877	-0.0106872	0.579561	0.17793	0.521878	-0.352721	-0.443162	
0.653288	0.0641587	-0.23872	-0.772967	0.373197	-1.08864	0.495551	0.358824	0.7139	-0.313625	-0.687809	-0.314419	-0.767742	0.999337	-0.332024	-1.15526	-1.03368	0.829269	0.677182	-1.42907	
-2.24514	-0.0214872	-0.286304	10.1316	-0.673355	2.72277	-3.62759	-4.7345	-2.06532	0.132239	1.35181	-2.92336	-1.25294	4.72449	6.50819	7.30193	2.15803	3.29411	-0.306634	10.894	
-2.93906	-3.10946	-0.643428	11.65	-5.98781	2.02787	-1.83325	-5.37432	-4.0925	-5.85134	-2.04864	-1.74362	5.37855	8.91983	5.84523	11.2026	-2.63128	11.862	-5.43601	17.4369	
-1.34284	0.548407	1.00005	6.07035	0.3697	1.45075	-2.97415	-4.17327	-0.414524	-0.8282	0.220646	-4.14509	-1.16093	2.38258	3.50176	4.44611	2.4776	1.88993	-1.65975	9.17677	
-0.507504	-2.05073	0.474003	-2.16905	1.35733	-0.653322	0.977185	2.03289	-0.638386	1.18139	0.117451	1.07264	1.35615	-2.14815	-0.207579	0.27306	-1.19101	-1.07175	-0.674786	-3.58901	
-4.96048	0.26389	-0.685338	14.783	-1.36735	3.41345	-5.32869	-5.96817	-1.52944	-0.32838	-0.96281	-4.37805	0.110164	4.68083	9.85254	9.10777	3.2536	7.39995	-0.30544	15.6236	
-0.833509	0.188899	-1.6785	7.28598	-0.904045	2.00489	-4.71976	-5.89567	-1.6071	-0.222104	-0.188012	-3.92415	-0.0194578	2.92568	7.67859	4.30055	2.73017	3.8006	-1.00001	11.4332	
-1.36474	0.918877	0.0636452	3.438	-0.910582	0.536345	0.193912	-2.78818	-1.98555	-0.690637	0.646694	-0.853084	0.388992	0.742488	3.74492	1.71999	2.22905	0.907197	-0.455372	4.53581	
6.02206	-1.62177	3.64053	-27.0746	1.66035	-6.47583	9.83454	12.8122	2.67872	2.98324	0.253004	7.59205	0.994157	-10.3519	-18.848	-18.181	-6.20945	-9.2901	3.75092	-32.4473	
0.60966	-0.0920198	0.155917	-6.59156	-0.53921	0.12164	1.37936	2.66476	1.52783	-0.0241459	0.125523	0.074591	1.13606	-2.7426	-3.94337	-5.07131	-2.55823	-1.04088	0.561517	-7.65017	
-0.722087	0.08666	0.433209	1.84555	0.131124	-0.443693	-0.511353	-1.59872	-0.892571	-0.279796	-0.984183	-0.525393	1.35874	0.835494	3.06324	2.77451	2.0625	1.76184	1.25122	2.23613	
2.60261	-0.592876	-0.0724269	-6.37476	1.28236	-0.592743	2.64519	2.338	2.18593	0.766797	-0.979665	0.861384	-0.340885	-2.53799	-3.24467	-3.12434	-0.0892135	-3.11677	0.475629	-5.4737	
1.73388	-0.695151	-0.316017	-8.42924	-0.455197	-3.36321	4.04798	2.82749	0.305119	1.04999	0.409234	2.63093	0.522322	-1.22259	-6.05766	-5.78046	-2.13398	-3.50873	0.0029453	-8.80733	
-2.24922	0.889776	-0.468296	10.5892	-0.896236	0.439357	-4.30667	-2.90409	-2.97223	-0.659827	-2.90902	-1.85385	2.25986	3.78788	6.98092	5.6674	3.42335	3.67628	-1.48885	13.567	
1.0472	-0.384947	-0.414284	-1.60353	-0.782337	-1.25714	0.179995	2.16426	1.8824	-0.878746	-0.00360401	1.25137	1.31876	-0.579351	0.2827	0.0395802	2.20168	0.0728229	0.330699	-1.40128	
-1.55123	-0.432666	-0.535457	7.73134	0.209681	2.71499	-3.48863	-4.48728	-2.00792	-2.02353	-0.174601	0.265987	0.226319	4.10691	4.98435	5.89981	1.97427	2.43411	-0.311102	9.78256	
-0.350989	0.173631	-0.644933	-1.50787	1.23616	1.75066	-0.160934	-1.44586	-0.180723	-0.166612	1.63598	0.497076	0.0927091	-0.139794	-0.58887	-1.5009	-1.99667	-2.16201	1.03781	-0.386404	
-0.949177	-0.164586	-0.171582	0.826349	0.408913	-0.387351	0.0751611	-0.913076	-2.18079	1.75099	0.342778	1.40124	-0.719526	-0.446588	1.6252	1.42729	-0.601031	0.11916	-0.0535207	1.32049	
-1.5592	-1.00303	-0.634234	5.86127	0.607336	3.43058	-2.55768	-5.05371	-1.95666	-0.232459	0.810963	-2.33573	-0.293038	2.90472	3.13991	4.13561	1.19055	3.15478	-2.7051	6.22625	
2.98407	1.04342	1.23968	-12.2098	1.19865	-3.35626	4.52163	5.86867	2.23258	3.83426	2.41381	3.12965	-2.69348	-6.12981	-9.45104	-11.9252	-2.66772	-9.07198	2.36506	-16.4532	
3.6985	-0.827309	2.01242	-10.1982	-1.47557	-2.33367	3.39265	3.51655	0.579166	1.00077	-1.18424	4.39608	-1.66345	-4.0895	-6.61427	-7.30439	-2.59649	-2.9603	-1.23414	-12.7381	
-0.00460166	-0.773824	0.339467	3.77139	0.226777	0.927507	-2.8225	-2.99753	-1.81684	0.00843928	0.177244	-1.20701	0.59283	2.0187	4.81335	4.14394	0.60265	3.0607	0.144306	6.84378	
-1.295	0.809624	-0.786328	-0.275349	-0.698506	-0.772608	0.127157	-0.57129	-0.819413	0.490403	1.75157	0.547106	-0.57173	-1.04473	2.91598	-1.07573	0.30069	-0.658128	2.33561	-0.403073	
-1.60944	-1.11025	-1.68121	9.56658	1.32455	1.77592	-4.51539	-6.35279	0.265353	-3.81915	-0.791126	-2.50528	1.2646	4.89867	8.29286	9.78918	1.45446	5.12392	-2.45604	14.0242	
-0.627017	0.934411	-0.00207764	4.21953	0.190919	-0.233889	-1.55836	-1.28238	0.520911	-0.742937	-0.584941	-0.390005	0.0378657	1.17141	3.40355	3.81082	1.1615	1.20035	-1.73141	2.26589	
-1.05967	1.73124	-0.437559	4.66967	-0.341896	1.17332	-1.11005	-2.38469	-0.157373	-1.06593	1.66774	-1.30108	0.0984515	1.1843	3.52423	3.90685	3.1012	2.38877	-0.742578	7.55298	
0.519871	0.124536	0.247792	3.13996	1.59097	-0.154362	-0.581324	-2.58379	-0.133353	2.09948	-0.212522	-0.619415	-1.56199	0.80217	2.45084	1.08912	1.40953	0.778571	1.3529	5.80131	
0.952049	-0.952457	1.25576	-4.32199	2.15218	-1.28104	1.05992	1.14255	1.17723	0.284168	-0.199149	-1.04194	1.30035	0.115954	-3.36661	-2.43765	-1.29657	-1.11099	0.954722	-3.37114	
4.61886	-0.451738	0.19853	-19.6851	0.426796	-4.63556	7.1096	9.05093	2.6176	1.91855	1.60888	3.7079	-2.2525	-8.6289	-15.2101	-15.0591	-6.65981	-7.51239	2.51448	-24.3808	
-1.929	0.71972	-1.10185	6.5964	-0.334584	0.252159	-1.82535	-3.591	0.123278	-1.37535	0.577113	-1.52973	-0.780882	2.58507	4.87675	4.25267	1.30533	2.68409	-0.361726	8.7695	
-2.85106	0.801238	-1.4988	4.47323	0.978941	0.694851	-0.337235	-1.37863	-0.261361	-1.08724	1.04484	0.22646	1.17908	1.26739	3.37868	3.92911	0.698364	1.15833	1.15833	4.783	
-1.40276	1.28826	-0.971896	5.42869	0.638299	2.72675	-0.504931	-1.8893	0.247132	-0.782387	-1.24136	-1.05181	1.90218	3.3469	4.53621	3.57392	1.39666	0.647935	-0.784859	6.31236	
4.06358	0.177401	1.56553	-9.76301	0.948522	-2.91027	3.6773	4.77545	2.51895	0.971012	-0.185279	2.92564	-1.68753	-5.49488	-7.04757	-5.76397	-4.78124	-3.25616	2.27921	-13.1181	
-2.42047	0.488916	-0.42266	9.34102	0.0528285	1.01095	-3.58883	-6.32016	-1.2093	-0.053048	0.031942	-1.62252	0.749699	3.69392	5.33847	6.71562	4.49118	2.55781	0.609268	8.17067	
2.46876	-1.66799	1.4531	-6.41576	0.956029	-2.73708	3.8925	3.17008	0.794367	-0.209876	-1.2674	0.588902	-0.284147	-0.848864	-3.60472	-4.85714	-2.65094	-4.03702	-0.218585	-6.29535	
2.5341	0.590482	0.233089	-3.82921	0.138794	-1.78077	2.31619	4.78881	1.6742	-1.50738	-0.421659	-0.520649	-0.665997	-0.102436	-5.52754	-3.84126	-1.61405	-2.90557	0.17834	-6.68481	
-0.609374	0.733205	-1.19688	0.0139033	-0.453082	0.0784311	1.39852	0.691511	-2.15732	-1.48364	-0.805965	0.645974	-0.230509	-0.737513	0.588189	-1.96663	1.36847	-1.57933	0.274861	-1.06917	
-2.27439	0.891044	-1.61962	8.07694	-0.0218946	1.01767	-2.2586	-4.89652	-1.44508	-0.98758	0.826205	-2.50443	0.0667428	2.74644	4.41341	3.59762	2.1005	0.896985	0.328004	8.46391	
-1.29513	1.20228	-0.993558	3.98053	-0.286088	-1.60977	0.469737	-1.27628	-0.150464	1.42011	-0.820797	-1.14242	0.633415	0.981472	2.43849	1.72276	1.13623	0.25739	0.295285	3.00416	
-2.86432	1.67658	-0.0605419	3.44149	0.0731117	1.50602	0.0304259	-4.70437	-1.21942	-1.10284	-0.0177387	-0.55416	1.55188	2.42732	3.61218	3.54604	2.14039	2.22498	-0.233197	5.58461	
0.601652	1.68693	0.386574	5.62298	0.718755	2.54101	-2.50086	-1.99893	-0.949762	0.144783	0.692459	-1.372	0.748674	3.2742	6.17648	5.08334	0.356628	2.37728	-2.41061	5.76592	
0.0250587	-1.71593	-0.940136	-3.90664	1.23836	-1.06401	1.21187	0.643715	0.482148	0.596924	-1.09252	0.748352	-1.32197	-1.64636	-3.00661	-3.25326	-0.610492	-2.36713	0.120986	-4.57631	
2.76274	0.761725	0.0663437	-13.3537	-1.85295	-3.83432	5.40465	6.21335	-0.600426	3.31429	-0.434476	2.38192	-1.41863	-5.9885	-9.66597	-9.92609	-4.15399	-6.84773	1.04655	-16.8601	
-0.774243	-0.669154	-1.5621	10.4138	-0.520125	0.735785	-3.72357	-2.70984	-0.98944	-1.52299	0.0751096	-0.0296508	1.02856	4.52222	6.63713	4.64325	2.29449	3.8708	0.675414	10.9147	
1.54046	1.05746	0.894413	-5.20767	-0.295988	-3.65712	3.05733	2.84937	1.05262	0.950165	1.15828	2.45649	0.864834	-1.3934	-3.15996	-6.10918	0.569221	-1.85642	-0.428215	-7.70831	
-0.600058	-0.412272	1.70245	-3.71761	-0.552341	-2.24475	2.81348	0.827267	0.132078	0.175021	0.29486	1.98317	-1.49961	-2.38987	-1.15963	-2.58089	-1.1621	-2.75784	-1.47019	-6.00918	
-1.63741	-2.13887	1.79687	0.481333	0.00940255	-0.705108	2.39504	-0.0308308	-1.59989	-0.410361	-0.505713	0.325443	0.905068	-0.507389	-1.06949	-1.61053	0.111115	0.346967	-1.75194	0.867121	
0.295003	-0.902665	0.886355	-1.66222	1.21036	-0.040211	1.24626	0.914077	0.661965	0.653437	0.200158	2.04244	-0.105506	-0.813981	-1.63485	-3.61521	0.188337	-1.85518	0.386391	-4.50231	
-0.27144	-1.175	-0.271791	3.89765	-1.24356	0.567775	-0.673625	-3.0374	-1.63215	-1.03303	-0.708215	-0.64418	-1.59819	3.86139	3.24454	1.08442	3.50693	2.255	0.277082	3.93763	
2.46995	0.578622	1.08361	-3.52901	0.506925	-1.36568	0.857059	1.43178	-0.949462	1.17157	0.366913	0.12903	0.51952	-1.41191	-2.43643	-3.0116	-2.22131	0.636458	0.172206	-3.95706	
-0.136725	-0.188082	1.22173	2.7127	-0.0646359	0.212793	0.670837	-1.40399	-1.34238	-0.253691	0.665195	-0.754489	-1.98768	-0.0531613	1.19527	1.51495	0.97436	-0.0743275	-0.0956555	1.99611	
-1.76841	0.122343	-0.961665	5.11534	0.129206	0.385388	-0.644828	-2.6746	-0.427891	2.16777	-0.710846	-0.960789	0.290069	3.43731	4.79364	2.7273	3.36359	1.38079	0.0487207	5.14795	
-2.16892	-0.480981	-0.803472	3.31204	-1.20663	0.279751	-1.87318	-1.9161	-0.136943	-0.264784	1.6127	-1.71556	-1.35348	-0.117883	1.99381	0.647758	1.16322	3.29443	0.331592	5.64002	
0.244317	-0.0502225	-0.60042	10.2042	-0.214995	1.90352	-2.27187	-4.88389	-1.10375	-1.41673	-0.930458	-1.08256	-0.188957	2.94412	7.61874	7.46448	4.31463	4.52952	-1.58245	10.0801	
-0.671025	-7.28894	4.44052	2.30954	-5.64885	-1.95828	2.4248	-1.95343	-3.6389	-7.95168	-3.40625	1.7525	6.14695	8.8423	-0.973761	5.5737	-8.5608	13.7752	-7.21665	7.93355	
2.53787	1.02631	0.401293	-11.9149	0.611586	-3.16745	4.61103	8.57637	0.997233	2.41348	-1.07942	3.05558	-1.01717	-4.44368	-10.2315	-8.17906	-3.69651	-4.72066	0.793319	-15.8437	
-1.10646	0.78451	-0.766103	8.47718	0.511147	2.12825	-3.14483	-3.59405	-1.64035	-0.314468	0.518475	-1.45228	0.952106	3.63344	6.95892	7.91584	2.81604	3.11642	0.324861	11.6182	
1.14375	-0.0185017	0.786978	-4.11966	-1.91555	-0.655933	-0.165877	2.86007	-1.99591	-0.790911	-0.669435	-0.506453	0.555293	-0.487699	-1.67746	-1.78543	-1.24476	-1.47062	1.13429	-3.171	
2.43497	0.0175619	-0.443589	-8.76926	-0.137891	-1.81285	2.22902	4.46602	0.389878	1.32094	1.31153	2.31838	-0.74082	-4.11961	-6.72779	-6.68402	-0.73768	-5.69727	0.613872	-14.5133	
-0.780858	3.14897	-1.94045	0.989683	1.46422	-0.127471	-1.85082	1.21769	1.67717	4.16917	1.51207	0.23779	-3.63869	-3.77335	1.22974	-1.66927	3.50673	-6.41854	3.35777	-1.42201	
-0.854688	0.215426	0.699097	5.53495	-3.24991	0.760261	-1.44627	-1.94313	-0.578812	0.67531	-0.344732	-0.628882	1.02213	1.58926	2.17423	2.51651	1.26215	1.44338	1.35215	4.33044	
-1.24623	0.295879	1.16757	4.75514	-1.05054	0.589089	-1.48762	-1.49276	-1.33123	-0.0552721	1.13146	-2.3312	-1.26103	0.610528	4.12694	4.57069	0.111998	0.381674	-1.58619	4.89072	
2.31396	0.650031	0.0325209	-8.95769	0.254435	-3.97455	1.45119	5.11384	1.18322	0.964858	-0.385855	1.71814	-2.43174	-2.88392	-5.61508	-7.24034	-3.619	-4.87484	0.302911	-11.0779	
3.99984	-2.16558	-0.381432	-6.99544	-0.621234	-2.27005	2.46692	6.48796	2.24294	-0.14273	0.266554	0.896477	-0.365689	-3.60945	-6.50801	-5.35034	-2.32631	-4.72937	0.383822	-10.8091	
-0.207058	-0.540366	0.516104	-1.00171	-0.897368	-1.59908	-0.0962694	1.06478	-1.26409	0.984618	-1.34951	-0.459307	-0.210834	-1.32734	0.555637	0.69627	-2.21433	0.310157	1.2766	-0.374869	
-1.12665	-0.471026	0.668181	-0.56608	-1.08472	-1.20659	1.05554	0.206746	0.64039	0.530545	-0.409458	-1.00806	-1.36117	-0.370951	-0.634902	-1.08363	-1.9053	-0.846672	0.443593	-3.55405	
1.70713	1.1034	0.19664	-4.36696	-0.0211281	-0.569575	2.48015	3.54278	0.95008	-0.564082	-1.90175	1.818	-1.53903	-3.36968	-3.79247	-3.73693	-2.45249	-2.92114	0.520995	-7.12195	
-3.64782	1.27972	-3.57779	22.662	-2.17396	8.55285	-6.57225	-10.3577	-3.16315	-2.16746	-0.766448	-5.89145	2.17153	9.24096	15.1421	15.4691	6.08994	8.78218	-1.30672	26.9653	
1.11973	-0.470089	-1.24459	-1.11323	0.154175	-2.25156	1.04744	1.01738	1.56732	-0.216825	-0.442384	0.392028	-1.05859	-1.82566	-1.26178	-0.050605	-1.61195	-1.86664	0.295697	-3.27474	
-0.0333992	-2.66024	-0.415979	3.68705	1.47684	0.993372	-1.7417	-0.33865	-2.13476	-0.516531	0.557644	-1.0167	1.08418	0.729813	2.42957	2.53599	-0.2478	1.88781	-1.77547	5.16229	
1.03344	1.28589	-0.465404	-4.79995	0.0697303	-1.68258	1.67336	3.70508	0.162244	-0.00665302	-0.0883078	1.03319	-1.34453	-1.76138	-2.74986	-2.26693	-1.15057	-1.98466	0.0342236	-5.72442	
-2.01747	1.59914	-1.65616	10.6108	-1.13784	2.2124	-4.27496	-7.20294	-0.800232	-1.88175	-1.20655	-2.2062	0.768462	4.53331	9.58145	9.4198	2.21629	5.51448	0.831677	14.3864	
4.14124	-2.25125	0.766262	-16.8948	1.16202	-3.40641	5.52702	7.2333	-0.297788	2.12483	0.348262	4.00843	-0.23578	-7.37915	-13.8782	-12.8846	-5.16249	-7.75623	2.21747	-22.4438	
1.43711	0.81481	-0.112597	0.189708	1.72277	-0.985377	-0.275102	-1.60546	-0.559141	0.62864	1.39367	0.0392558	-2.1516	-0.0348369	-1.05926	-0.601998	-0.0405963	1.02439	-0.0894268	0.209751	
-1.34137	4.5932	-1.1343	-7.0623	5.88584	-1.11947	-0.268643	5.52796	3.7386	7.12778	3.21797	0.55298	-5.80577	-9.11751	-2.56749	-11.526	6.1751	-13.9546	5.56617	-12.6106	
0.541019	0.0310971	-0.758866	-5.02172	-1.23732	-0.371276	1.05008	1.6825	0.511774	-2.02699	0.800339	0.155288	0.221266	-1.01863	-3.79681	-2.60319	-1.57552	-2.76536	-0.777759	-6.62025	
1.00162	1.57721	0.951231	7.90729	-1.39514	1.01945	-2.73527	-2.1248	-1.28652	0.117062	0.22713	-2.75546	0.650306	2.8371	7.0509	8.0639	3.53573	3.43213	0.324207	9.88664	
