-0.943796	-1.60528	0.67144	0.580774	-3.07921	0.671738	1.04891	0.416969	-1.25682	-0.534498	-0.442126	0.179333	-1.28524	-1.26332	-0.588615	0.565632	-0.320239	0.441721	-0.202099	-0.186435	
-0.395834	-0.302438	1.11138	-0.399578	-0.694424	1.54932	-0.727521	-0.361853	-0.383728	0.715873	0.788358	0.288311	-1.33413	0.0038129	1.5676	1.0242	0.204546	1.23758	0.410905	0.388004	
0.905539	-0.522029	0.303348	-1.61305	1.22015	-0.889913	0.991571	-1.37171	1.5183	-0.635352	-0.935238	-0.177831	-0.746378	2.69765	-0.205774	-0.243951	-1.61401	-1.35037	-0.783673	1.24738	
0.870938	0.295557	1.19251	-1.11607	-0.645992	1.12172	0.32606	0.997906	0.334653	0.538505	1.87176	0.283231	-0.45027	-1.45327	-0.542607	0.120615	0.00391407	0.28752	0.636822	-0.580586	
0.393634	0.334124	-0.515783	-0.457183	0.7033	0.501029	-0.371589	-0.35206	0.492442	-1.01194	-0.24811	-1.43262	-2.46723	0.539848	1.10706	-0.772454	-1.68559	-0.105758	0.0192177	-0.122024	
-0.646886	-1.44859	1.20196	1.01487	0.320131	-1.40119	0.608509	0.173778	-0.518798	-0.679208	-0.582328	0.105214	0.396113	0.864663	-0.717837	-0.224461	0.397361	0.337443	1.28546	-1.4621	
0.426174	-0.689603	0.090322	0.11411	1.84647	-0.703256	0.416555	-0.848645	0.983146	-1.74131	-1.15798	1.67516	0.0607576	-1.10604	-0.794434	2.4344	0.773748	-0.541507	-1.02622	1.08891	
1.48543	-0.793924	-0.574318	-0.916919	0.226454	-0.173218	-2.11541	1.91602	0.160964	-0.156454	1.05401	1.40964	2.06679	-0.45503	-1.10017	0.413817	0.584767	-0.57004	2.22701	2.10291	
0.890154	-2.32087	1.57404	-2.86881	-3.5486	-0.878943	0.155755	-1.55602	0.0514771	-3.41227	0.458276	-2.46742	-0.0694111	1.82353	-1.03322	-2.67084	0.776747	-5.00101	2.72218	-0.264095	
0.752488	0.951882	0.451863	1.91621	-0.574325	0.0160736	-0.893389	0.972375	-0.125431	0.16783	1.12418	-1.02669	1.49159	0.266647	0.0207799	0.688609	-0.377845	-1.65212	-0.537745	0.258941	
0.297074	-0.0307417	0.564283	-0.952627	-0.387439	0.177781	0.505876	0.736301	0.800769	0.721067	1.26211	0.18962	-1.66937	0.362135	1.46858	1.37071	-1.25379	-1.11623	-0.222106	0.39151	
0.262516	-1.0968	-1.92317	-0.354443	0.810432	-0.707346	1.16	-0.132596	-1.56328	0.857081	-0.464737	-1.06242	-0.187499	-1.45037	-0.464213	-0.603503	0.0453222	0.907135	2.71579	-2.19957	
0.370092	-0.328682	-0.109221	-0.331418	-0.420778	-0.279948	1.09993	-0.761685	-1.11375	-2.30423	0.988441	-0.337275	0.569874	0.476081	-0.772325	-0.477721	0.713401	0.243257	-0.794614	1.09094	
-1.08578	3.31759	-0.978394	-0.864378	0.369541	0.92654	-0.143081	-1.04385	-0.1872	-0.0165497	0.377835	-0.125281	1.16053	-0.131311	1.0915	0.110098	1.29247	0.328471	0.269841	0.451164	
0.344962	-1.97848	1.21522	0.78964	0.304384	0.644651	0.733931	-0.48627	0.591528	1.62343	1.87357	0.143983	-0.263887	-0.558988	-1.39231	-0.325792	-1.31922	0.232611	0.495969	-0.405806	
0.69936	0.608326	0.538319	-1.65414	-0.739977	0.114936	1.13209	1.87024	-0.171757	-1.94201	0.736543	-0.284725	1.88455	-0.654528	0.0321447	0.0599167	0.0220468	1.13775	-0.34815	0.798031	
-0.318491	2.57726	-1.35507	1.4931	-0.535693	0.213141	0.752925	1.07511	0.955546	-0.109088	1.01141	-0.555195	1.07706	1.06118	0.992236	0.255128	-0.165376	-1.11399	-1.5756	-0.857556	
-0.597449	-0.00463139	1.04828	0.119558	-0.00331858	0.787212	0.267364	0.019212	-1.74927	2.48828	0.555843	1.17882	-0.550981	-0.0578303	-1.24938	0.32816	-0.407359	0.400321	0.435298	0.22283	
-1.1648	-0.105953	0.0687996	-0.644447	-1.93703	0.546036	-1.77645	-0.503275	0.291918	0.530816	-0.844504	-0.954701	0.716262	0.0842549	0.169514	0.811207	-0.323003	-0.740671	-0.165419	-0.199699	
1.96474	0.516292	0.400978	0.0918713	0.94937	0.500122	2.22586	-0.576029	1.03055	-0.583308	-1.0606	-0.885037	-0.195514	-0.084867	0.286314	-2.09333	0.884621	-0.024097	-0.458523	-0.949595	
-1.35835	0.0862967	-0.320661	0.481831	-0.438572	0.205346	0.80334	0.0375761	-0.135782	0.336698	0.97998	-0.879112	-1.42657	0.213342	-0.239275	1.32618	0.082533	-0.189032	0.0917714	-1.44653	
-0.914542	1.31853	0.579568	-1.24559	-0.529871	1.11971	0.673996	-0.888723	-2.21495	-0.106413	-1.42061	1.78358	-1.18878	-1.15746	-0.464552	1.14624	0.086002	0.607153	-0.105353	1.00495	
1.26587	-0.187101	0.000789066	-0.193355	-0.525369	-1.13583	-0.817673	1.39334	0.470239	0.486669	-0.352566	0.488096	0.967465	-0.022287	1.12081	1.03208	-1.46093	-0.974839	-2.09252	-0.352121	
-0.0443997	0.685601	0.780211	-0.214012	-0.672966	0.975938	-0.217629	0.779271	-1.40194	1.12494	-0.328264	1.82688	0.302494	-1.57208	0.834056	0.173594	-1.62017	0.520865	1.30381	1.33219	
0.081414	-0.482733	-0.730057	-0.046307	-0.00537766	2.723	-1.12594	0.363365	0.73442	0.0953904	0.91868	0.394997	-0.54601	-0.448951	0.0744465	1.40154	-0.787233	0.0365943	-2.00651	0.254175	
0.622904	-1.00856	-0.929627	-0.421822	-0.266019	1.20447	0.0603562	0.038261	-0.334806	-0.408412	0.890366	1.86012	0.426499	0.443931	-0.829422	-0.158497	0.151603	-0.112036	2.18781	-0.412351	
0.121152	0.0956735	-1.51114	-0.917844	0.0773364	0.246638	-0.0862236	-0.684072	-0.616917	-0.148535	-0.811628	-1.44721	-0.000658399	0.288672	0.17911	-3.17832	-2.46698	-0.0130906	-0.40217	0.238782	
-1.47197	-1.68579	0.274452	-0.152237	0.612662	-0.0847908	0.820931	-0.0509793	0.275103	1.95176	1.62347	0.248103	0.427251	-0.267771	0.0843662	0.726876	0.126238	-0.0732135	0.792143	-0.398258	
0.369295	-1.58977	1.48993	0.459481	0.0899802	-0.613748	-0.151089	0.651866	-0.874471	-0.921023	-0.04533	1.35199	0.704382	-1.20841	-1.16157	0.440818	-0.341121	-0.0403938	0.65969	1.18593	
-0.66311	-1.75667	0.675881	0.107201	0.415205	-0.721426	1.77362	0.731167	-0.356446	-1.67748	-0.949199	-0.152743	-0.468714	1.17073	-1.12865	0.362167	-0.374089	-0.804585	1.07389	-0.989635	
-0.379158	0.819826	-0.608335	-1.35991	-0.297738	-0.107419	-1.01736	-0.60545	-2.13963	-0.791164	0.55363	-1.61714	0.653087	-0.802256	2.82267	0.457181	-0.0198453	-1.74969	-0.232202	-0.278655	
0.911373	-1.68647	0.069109	-0.36277	-0.616321	-1.05908	-1.25264	-0.196027	1.87554	0.952042	1.37768	-0.897587	-0.66135	-0.793626	0.302043	-0.800714	0.379219	-0.113482	1.18455	0.377956	
0.0774223	1.7618	1.59135	0.421701	0.429661	-0.563949	0.622503	2.02788	-1.38016	-0.916091	0.691412	1.02824	-0.303306	1.118	0.364922	-1.16853	0.782677	0.178816	-0.0815765	0.0915352	
-0.869117	1.01893	-0.450959	1.38954	-0.240535	-1.51753	-1.93743	-0.582186	1.09772	0.516008	-1.65096	-1.18708	0.284564	1.55599	1.0855	0.19159	0.622601	-0.280084	0.895079	-0.267847	
0.223817	-1.91755	-2.05059	18.6709	12.8057	10.8353	4.79309	5.71036	3.6829	14.9037	-2.37186	5.03751	2.69781	-5.57308	11.5802	7.87685	-0.640394	18.4531	-8.97455	6.68996	
2.83602	-0.796311	2.0257	0.408875	-4.58782	-4.25624	0.293143	3.75803	-2.67971	1.12849	1.25919	-0.446964	-1.86847	1.37399	2.43431	1.47352	1.11761	5.16662	1.50869	-2.93437	
-1.43349	-0.626732	-1.14243	-0.517366	-2.15112	-0.372118	-0.0431489	-1.80114	-0.322103	-0.103593	-1.02217	-0.344048	-1.36392	0.641343	-0.134506	-0.337969	-1.07959	-0.247442	-1.22281	0.431727	
0.356282	-0.415025	-0.91263	2.55064	0.846496	-0.666684	-0.789914	-0.0732784	2.07011	-0.111707	-0.167795	-0.857149	-0.434406	-0.574464	0.423294	0.793295	-1.00063	0.617605	-0.370783	0.472449	
0.924045	2.07453	-0.729704	0.962511	-0.431917	-1.19407	1.04892	0.330101	-0.988828	-1.54945	0.333688	1.92585	-0.251763	1.85657	-0.0476144	0.145256	0.637302	-0.656685	-1.72795	0.360578	
-0.223366	0.277791	-0.883319	3.14101	1.34936	-0.436154	-1.27115	0.195475	0.059721	-0.370456	0.897324	-0.647711	0.234906	-0.915719	-1.72558	-0.42876	0.174177	-0.976568	0.960826	1.57057	
0.744217	0.106661	-1.49099	0.604487	0.792426	-0.549162	-0.775604	-1.1696	-0.280438	-1.36649	-0.561028	-0.784793	1.04316	0.177514	-0.331332	-1.88263	0.100502	1.43188	-0.752146	0.443434	
-2.33636	-0.510443	0.335997	0.232073	0.557519	-1.08959	-1.00638	-1.27303	0.702226	1.39629	-0.170027	-1.29458	0.390144	-2.05578	-0.567082	0.200218	-1.68393	0.309563	0.983392	1.85006	
0.842748	-2.18152	4.18326	-0.986631	-6.64262	-8.10055	-1.86909	8.01758	-6.6415	-0.399268	1.73032	-3.22363	-1.98019	1.60376	1.20062	1.61434	2.35133	8.20197	0.159075	-1.4093	
-1.2395	0.501512	0.132108	-0.942662	1.34099	-0.483144	-1.09388	1.72232	0.631779	0.39497	0.690508	-0.733841	-0.870998	-0.925942	0.0767818	-1.41584	-0.347853	-1.03367	-0.303983	-1.0376	
-0.384786	-0.506704	0.098041	0.59512	0.960831	0.231029	0.353005	0.405666	1.00739	-0.545354	0.292701	2.51212	1.50306	-0.0812343	0.637546	0.0280069	0.868583	-0.968197	0.740613	1.72038	
-0.990992	-0.144413	0.88887	-1.00828	-1.15293	0.430718	0.137377	-0.0532595	0.0686059	-1.77109	-1.44028	2.46184	-0.918146	0.602289	1.55349	-0.266366	-0.179903	-0.139329	-0.0453788	0.407332	
-0.798349	-0.314397	0.0182983	-3.33611	-0.296287	-2.15353	-1.07856	-1.60357	-0.600503	-0.917364	0.36499	-0.342336	0.61052	0.404637	0.495258	0.178014	-0.14636	0.515787	0.145007	0.330333	
-0.350704	0.0498529	-0.108217	-0.392364	-0.000811354	0.810552	-0.44799	0.592718	-1.2021	0.499641	-1.57177	0.358344	-1.31769	0.315947	-1.6048	-0.811875	-0.13548	0.221178	-0.762741	0.357453	
0.119521	0.323676	-0.428168	-0.745399	-0.760695	0.820636	-0.604231	0.340102	-0.766839	-0.0467529	0.886718	-1.5327	-0.6813	-1.13806	-0.62418	0.189405	0.365834	-1.1905	-0.557499	-0.813729	
1.4223	-0.849535	-1.33606	-0.377152	-0.603193	0.357184	-0.578709	-1.64034	1.08683	0.310032	-2.24315	-0.774097	-0.0455923	1.53227	0.89723	0.689601	0.542564	-0.200785	1.29172	-1.60921	
-0.763881	1.26222	3.16507	-0.944812	-0.891981	2.41261	-1.85391	1.56142	0.181472	1.83173	-0.416309	0.645355	-0.00389396	0.755425	0.727816	0.91939	1.16915	0.129996	0.0694222	0.615045	
0.26663	-0.346348	-0.552711	-1.89831	0.988047	-0.188596	-1.56386	-0.621339	1.03154	1.90095	0.507217	-1.06269	-0.0807069	-0.408435	-0.121479	0.717879	0.828731	-2.08667	1.38901	1.59498	
0.884654	-0.497657	0.960853	0.507571	-0.0581928	-0.723335	-0.109986	-0.257912	-0.144882	-0.174012	-0.0568904	0.72577	-0.372772	1.17659	-0.485614	-1.20997	0.130527	1.67851	-0.219251	1.6287	
-0.391162	0.229184	0.257078	0.241121	-0.939486	-0.259962	1.19515	-0.894991	1.24938	-2.12146	0.601489	-0.610441	0.0943812	-1.05158	0.913591	-0.41489	-0.30172	1.08784	-2.79893	-2.36631	
2.00766	-0.254606	-2.15563	0.24219	1.17153	-0.129809	0.61602	0.330677	-0.501907	0.6983	-0.714033	0.678144	0.925694	1.05051	0.479539	-2.03963	-0.654903	0.886352	0.313698	-0.822136	
-1.87533	0.843367	-0.896358	-0.447577	-1.39633	-0.396916	1.3146	-1.17932	1.37295	0.281222	0.188142	0.277898	1.20817	-0.124383	1.38484	-0.719717	-0.565553	0.461962	-1.46964	0.251965	
0.461128	-0.389636	-0.880809	-0.525644	0.386936	-0.203465	0.110714	0.986003	-0.424379	-2.27941	1.63097	-2.45657	-0.978735	-0.748044	1.14747	-1.58069	-1.31469	-0.167305	-0.752529	0.703526	
-2.30678	0.549983	-2.48335	2.42016	5.60185	4.10522	1.24125	-4.70246	4.48508	-0.157455	-1.22193	1.73804	-0.751542	-1.3643	-1.32376	-2.68084	-1.39956	-6.12448	-0.852873	1.13041	
-0.611229	0.292458	0.463277	-0.722993	0.571529	-0.462793	-0.414532	1.01019	0.2843	0.727385	3.61775	0.608631	0.174188	-0.326675	-0.0033192	-0.625725	-1.37552	-1.45999	-0.139508	-0.540715	
-0.493177	-1.30976	0.248052	6.08399	3.88353	2.35342	0.730291	0.819988	1.19897	3.59421	0.18962	1.96083	-0.168939	-2.74896	0.548353	1.8522	-0.3187	4.78942	-2.77413	2.36588	
0.798986	-0.344999	-0.0360413	1.38724	1.38303	-0.545788	-0.199768	1.43719	0.312233	0.776699	-0.424303	0.582988	1.47748	0.290655	1.73669	-1.4555	-0.21106	-1.39745	-0.233986	-1.05332	
-1.11298	1.19782	0.830288	-3.2786	-0.0949987	0.362009	-0.378907	-0.979412	-0.19866	-3.22446	-1.87136	-0.31189	-1.07983	0.952618	0.0446831	-2.08066	-0.440607	-1.14273	0.66819	-0.351007	
0.357248	1.23434	-2.17203	-0.867594	2.23986	2.17913	0.875653	-2.02236	2.43133	1.76722	0.377819	0.110745	0.529383	0.162913	1.59243	-0.516614	-1.19981	-1.68944	-0.235571	1.64585	
-0.0260525	0.0567493	-0.990295	1.35218	-0.391316	-0.065328	0.325842	-0.393175	0.141936	0.438408	1.94342	0.429631	0.6351	0.119884	0.859157	0.711493	-1.82197	-0.926327	-0.460772	-0.503929	
-0.0119839	2.94077	-0.225412	-0.780325	-0.848191	0.457408	-0.355223	0.827937	1.1552	-2.51858	1.3054	0.38471	0.767404	1.44679	0.26577	1.05702	0.345724	-1.04112	-0.0304981	1.81042	
-0.273496	-0.874055	-0.399603	0.998314	1.77922	-1.66502	-0.898614	0.559764	0.766293	0.705119	0.0336572	0.111084	0.0862919	0.22705	-0.202952	-1.59997	-0.0812113	1.36564	-1.01786	-1.70851	
-2.04171	-1.96641	0.338009	-0.571771	0.322285	-1.05512	-1.40812	0.349951	-0.685754	0.175009	-0.0465411	-1.41172	-1.09804	0.847974	-0.592094	-1.37165	1.3538	0.999148	-2.51743	0.0625338	
-0.271071	-0.994208	-0.448528	0.955333	-1.82697	0.0182082	-0.741466	-2.40633	-0.234869	1.84234	-1.48784	0.702921	-0.784831	0.462357	0.31802	-0.918656	0.857167	-0.328385	-0.777389	-0.560622	
0.718922	0.61336	-0.874915	-1.91759	-0.264584	1.26161	0.721406	-0.790863	-0.551217	0.682982	-1.06582	0.790463	0.128912	0.62359	-1.41635	1.99876	0.522641	0.362033	2.46764	0.836526	
-0.372158	1.1256	1.34496	-4.12237	-2.59459	-2.6754	-2.53609	-1.2957	1.11726	-3.6088	0.665718	-0.402101	-0.82123	0.510941	-1.30118	-1.40117	0.678497	-5.41326	-0.861031	-1.06034	
-0.722305	1.97565	1.04522	-0.530993	0.244865	0.199907	0.696608	-1.78148	-0.281696	0.0399159	-0.551546	1.49717	-0.750827	-0.44387	-0.219438	0.501867	0.609788	-0.589473	0.727183	0.625498	
-2.44005	1.23567	0.848948	0.951543	-0.133449	-0.616464	-1.43761	0.22591	0.696631	-0.138078	1.05359	-0.932521	-0.00914701	-0.738345	-0.349091	0.679228	1.37112	0.0667656	-0.907414	1.31763	
0.447855	-0.333487	-2.14136	-1.1364	-2.34756	-0.601236	-1.05402	-1.42883	0.612504	-4.02161	0.0721093	-0.867684	-0.321508	1.79936	0.885207	-1.52325	-2.47207	-3.97371	-0.10925	-1.44769	
1.37611	-0.419863	0.451276	-1.79263	1.0804	-0.498425	-0.498302	-0.827563	-0.309849	0.905375	-0.709391	-0.898421	-0.192359	-1.39052	0.71621	-1.23876	0.500815	-0.354113	-0.264372	0.383276	
-0.28061	0.804794	-2.42214	-1.94119	-0.597889	-0.926482	-0.330394	-0.163154	-0.0240978	-1.41853	-0.927373	1.92301	1.56038	-0.832194	1.20409	1.32776	-0.900949	-0.875808	-0.688153	-0.571534	
0.434743	1.58187	-0.701246	-0.160169	-0.120433	-0.591269	-1.79058	-0.6235	0.347722	-1.48805	0.967417	-0.746334	-0.435974	0.828473	-0.00457606	-1.9457	-1.56045	0.183928	-1.66968	0.606863	
0.292345	0.896716	-0.174541	0.421511	0.128853	-1.38476	-0.210931	0.780804	1.01181	-0.0700849	1.2092	1.98121	-1.2052	-0.541198	0.486564	-2.75422	0.309912	-0.208193	-0.14191	0.260911	
-0.60741	0.629482	-0.64432	-0.66971	0.255949	-2.14274	0.126223	1.38295	0.368901	0.484878	0.675624	0.645764	1.32409	-0.562535	-0.0691889	-0.384405	-0.207222	0.439841	-0.392825	-0.714858	
0.696678	-0.682746	-1.94607	0.0838945	-1.36669	-0.902577	-0.929067	-0.169981	-0.944204	-0.377833	0.251894	0.242456	0.219632	0.469959	-4.62374e-05	-1.62912	0.205273	-1.34679	0.114386	-1.22913	
1.36563	0.197955	-1.45772	2.34573	2.41382	0.934976	-0.627258	0.326438	0.708836	2.71804	-1.01836	-0.0888467	0.198614	-0.719861	1.04735	0.76652	-0.142717	2.27408	-3.26823	0.597998	
0.404054	1.13481	-1.3465	-0.484641	-0.634647	-0.504076	1.32379	-0.938207	0.164711	-2.22402	0.204232	0.748893	-0.88657	-1.57947	1.20484	-1.27474	-0.74156	-0.538055	-2.14068	0.748877	
-0.556642	-0.643333	-0.048457	-0.513616	-0.887318	-0.80459	0.247325	1.50274	1.17094	-0.304134	0.724653	-0.527523	-1.65778	0.902295	0.545915	0.364645	0.947048	-0.816773	0.677645	1.73293	
-0.516133	-0.890684	1.86176	0.316892	-0.622324	0.625248	0.882816	-0.774344	-1.72397	-0.950785	-0.562006	0.802932	1.33744	-1.24208	0.00119717	0.199978	1.70637	0.829677	-0.667084	0.747446	
-2.00599	-1.33403	0.268529	-1.2545	-0.32672	0.437796	-0.840226	2.07633	-0.406858	0.270226	-0.269769	-1.00519	-1.27892	0.190522	-0.228719	0.26796	-0.139553	-0.110829	0.475652	-1.86276	
-0.715955	-0.646035	0.319607	0.608316	1.27599	0.550631	-0.888259	0.482773	-0.995747	0.885671	0.560546	0.441221	0.0992615	0.0383997	0.296414	0.875544	-0.434559	-0.499372	0.0217382	-0.019715	
-0.452868	0.868506	0.897806	0.642166	-0.785663	-0.377665	-0.940022	-0.699329	-0.795263	3.07652	-0.643226	0.381603	-0.741993	0.978704	-0.875561	-1.70193	-0.304654	0.2236	-1.43837	-0.163705	
2.52923	0.989147	1.47327	-0.0581402	0.548675	0.819262	-0.561767	-1.18634	-0.778609	0.347685	-1.45585	-1.15929	-0.183145	-0.548379	-0.605984	0.54948	1.25219	-0.448957	0.853551	0.380951	
0.101485	0.400269	0.967731	-0.328469	-1.87408	-1.35695	0.471771	0.208826	0.759131	-0.00767158	-1.33554	-1.73544	0.854952	-0.649587	0.594349	-1.71977	0.0995325	-0.358478	0.0975951	0.661697	
-1.94493	0.778124	0.938119	0.188435	0.893706	0.13311	-0.358375	0.267596	0.571936	-0.836276	1.58894	-0.826759	0.437728	-1.42205	0.99633	-0.0273028	-0.711967	1.59887	1.5884	0.479495	
0.359834	-1.28781	-0.684141	-0.756537	-0.444561	0.0716984	-0.377142	-1.52351	0.600155	-0.135882	-0.628306	0.471939	-0.0405878	-0.804017	-0.45695	-0.406045	-0.00906678	0.0930313	-0.130853	-1.03137	
0.391826	1.10763	-0.326737	0.992173	-0.0294385	-0.928705	0.422188	-0.226554	-0.906349	-0.643091	-1.84389	0.108942	0.216485	-1.17135	0.404565	1.04429	-0.765918	0.866548	-1.67298	-0.354009	
1.3611	0.0462193	-1.21644	0.351061	-0.821657	-0.918561	0.953622	0.843381	1.09101	-1.30198	0.212392	0.465915	0.0832146	1.15891	0.495702	-0.125786	-0.166421	-0.674886	-1.31525	-0.470729	
-0.0228426	-0.117501	-0.360414	-0.401579	0.351385	0.0422861	0.0209012	0.0808582	0.730995	0.546464	-1.97467	-0.7558	-1.07553	-0.613707	0.543816	0.155813	-0.677622	-0.56541	-1.46063	-1.13816	
0.171552	-0.930153	-0.842664	-0.353398	1.2109	-0.00474285	0.0858859	-1.08718	-0.486617	0.0887623	-0.0545605	0.970236	-2.04895	1.53157	2.21137	1.76101	-1.10026	1.30168	-0.768665	0.0669798	
-0.510659	-0.760746	-0.431726	0.683955	-0.915173	-0.170292	1.98237	1.27174	1.06644	-0.375237	-0.618206	-0.888997	1.25815	0.160689	0.692478	-0.0804384	0.940694	0.296498	-0.65674	-1.7503	
1.21726	1.20187	-0.585938	0.615378	-0.73439	-1.55482	0.598062	-1.58909	0.163816	1.64598	1.35195	0.0291672	-0.505151	0.0490457	-0.59452	-2.24049	-0.389718	0.562846	0.510151	-0.0836225	
-0.548771	-0.458707	-1.60395	-2.55885	-0.187263	0.874602	0.627013	1.54691	-1.54906	-0.842256	0.253073	-0.00712191	0.993079	0.583316	-0.322569	-1.29068	0.914024	0.768631	0.655194	-0.38558	
-0.608754	-0.0762189	0.0236186	0.584042	-0.27774	0.410122	1.62223	0.30112	0.0827876	-1.57428	-0.134903	0.818502	0.143824	-1.20581	-0.237284	-0.359538	0.197733	2.3219	1.37213	-2.14519	
-0.124845	-0.829927	-0.435412	0.406241	-0.463206	-0.512556	1.32264	-2.52803	-0.454872	-0.609461	-1.77803	1.25933	-0.0831153	-0.873929	-0.760041	-1.73669	0.830316	-2.04563	-0.499267	1.19857	
-2.18282	0.993833	1.2356	1.3187	-1.84569	-0.120927	-0.236932	-0.749979	-2.04529	-0.978241	-0.0499903	0.966772	-1.64164	-0.134308	0.735476	0.44715	0.599419	-0.723517	-0.684425	-0.109006	
-0.348642	0.599847	0.308577	-0.155898	-0.105158	1.29926	0.889125	1.51161	-1.5422	-1.26372	1.90384	2.66164	1.92458	1.15736	0.850133	0.893451	0.30684	0.953556	-2.54707	-0.990329	
-0.468158	-1.6136	0.818981	-0.531954	-0.609958	0.808882	-0.40784	-0.428716	-0.0247439	-0.837351	0.27081	-0.94955	-1.11716	0.915284	0.154	1.53209	-0.657431	0.52667	-0.894737	-0.429275	
-0.0834963	-0.419897	0.832204	-0.551595	0.745326	-0.213382	-0.968435	1.11765	0.646445	-2.53486	-0.276371	0.594157	0.128519	0.177368	0.133769	-1.27725	-0.0127208	-0.918359	-0.65118	0.674524	
-0.339304	1.11214	-1.32084	-0.861736	-0.632241	-1.79766	1.61088	0.86147	-1.51641	-1.66656	1.62172	-1.0129	0.669915	0.596791	-1.16119	-1.35993	-0.809172	-1.45869	-0.985045	-0.644743	
0.430848	-0.677268	0.597311	0.447135	-0.0831245	0.203276	0.675391	0.0933176	0.606048	1.84266	0.853748	0.358984	0.323879	0.210624	-0.412043	0.0601071	-1.62117	1.30989	0.23932	0.378629	
-4.13939	-0.150858	-7.0847	-6.78435	-4.71662	9.3927	-12.6205	11.5607	-8.92225	10.3923	-2.50168	11.029	-1.03179	0.23765	4.56212	-0.601936	-5.14667	8.86804	4.20692	-8.15204	
0.762063	0.950157	-0.140147	0.390925	-0.715441	1.16438	0.835519	0.668349	0.947529	0.206575	-0.417819	1.21148	2.14806	-1.0867	0.732292	0.699627	1.31235	0.896574	-0.149007	0.00164765	
0.675024	-0.840619	2.92122	-0.0392724	-0.699454	0.37081	-1.49951	1.24559	-0.275619	-1.48941	-0.06534	-0.721832	0.299972	1.76303	1.75708	1.13599	-0.877072	-0.22839	0.17014	0.231921	
-4.07657	0.936304	5.43885	-0.160315	1.47506	-0.307485	1.04843	0.773319	-2.11329	-0.244662	-0.806207	-2.6917	1.95123	-0.304479	-2.76576	-5.84047	1.18373	-2.69911	0.0533979	2.64883	
-1.17003	-0.0563744	1.9748	-0.644095	0.981342	-0.33184	-1.73989	-1.08037	-1.29847	0.267782	-0.0645188	0.353095	-0.676792	1.66433	-0.411827	1.43655	-0.190168	-0.319653	-0.157022	-1.19542	
0.04677	2.4596	0.917341	-1.10945	-0.935617	0.158182	-1.12386	1.94208	-0.0700215	-0.140462	-0.249147	-2.55206	0.681118	1.71948	0.258643	-0.768365	-0.167831	-1.04815	0.364549	0.185386	
1.81537	-1.2437	0.207461	-0.5578	0.921466	-0.5039	-0.55625	-0.261848	-0.63449	0.00754357	0.349091	-0.831687	-2.10328	0.240756	0.63405	-2.07124	-2.24918	-1.35422	-0.559008	-0.682789	
0.682063	-0.345261	-1.25778	-0.592111	0.0769749	-0.0751496	0.117637	0.834404	0.23443	-1.08189	-4.26616	-0.218863	0.385176	-1.09413	-1.63362	-0.555108	0.875173	-0.302767	0.283736	0.975525	
0.22261	-0.0743188	-1.04637	-0.606949	-0.512227	0.474512	-0.453663	-3.29378	0.713115	-0.0212649	1.5929	-1.19244	-1.22707	-0.720464	-0.131739	-1.01594	-1.22868	-0.348899	3.06376	-1.13603	
9.31114	-1.07552	-16.2843	-0.0342659	-6.60591	1.31342	1.17593	-0.1053	9.71827	3.18316	2.63054	4.00471	-5.3988	-0.833556	4.78351	10.0681	-5.78746	7.58449	1.84391	-2.55654	
0.308081	0.093561	-0.682629	0.154438	0.614118	-0.257936	-0.499423	0.957266	-0.0621744	0.157626	-0.242278	-0.506196	0.484385	0.891249	-1.70475	-1.06367	0.527737	1.69541	1.82062	1.7713	
1.64733	-0.903987	1.85972	2.71328	0.636537	-1.27907	3.76205	-2.60315	2.10207	-2.08726	1.85941	-1.07425	0.81642	-0.179834	-1.56393	3.66436	1.18446	-3.80791	0.133842	2.95026	
-0.0788828	-0.958364	-0.0811427	-1.42776	-1.29023	1.67113	-0.694752	0.981667	-1.26728	-0.354694	1.80018	-0.192622	0.977681	-0.0375956	0.707198	-0.968242	-1.06624	0.0260698	-0.12343	-1.54263	
1.17693	0.658976	0.0739155	-0.0248243	-1.74702	0.194105	-0.495045	-0.491912	0.099768	0.818996	-0.252063	0.268059	1.16783	2.05852	-1.28806	1.19331	3.08361	-0.44367	-0.699731	-0.193572	
0.0463519	-0.0340781	-1.13452	-1.25369	-1.56332	-0.118203	0.844041	-1.46862	0.632869	-0.254386	-1.48216	0.284526	-0.112376	-0.722093	0.523135	-0.688031	0.116516	-0.219855	-0.109662	-0.26059	
-0.333188	-1.77922	2.03811	-1.40811	-0.930494	0.239529	-0.917186	-0.35005	-2.23598	-1.25127	2.23622	-1.24013	1.43323	1.20429	0.852444	0.337867	-0.469472	-0.42325	-1.90209	0.745064	
0.00124479	-1.36967	0.712361	-0.432168	-1.1552	0.141633	-1.42442	0.0219372	-0.917371	-0.720147	-0.703217	-0.716881	-1.67199	0.250547	0.654455	2.48761	0.995836	0.0760526	0.64869	-1.62277	
0.731614	-0.823346	0.0155406	-0.28004	-0.338681	0.0757457	0.803467	-1.55999	1.58422	-0.552554	0.153061	0.209274	-0.725558	-0.531611	-1.42741	2.08979	0.28929	-0.364839	0.0662463	0.708991	
3.30259	-0.237098	-2.32929	-0.152212	-0.581767	0.718787	-0.470342	-0.329555	0.139537	0.80121	0.261118	1.66334	-0.969322	-0.341221	2.46666	4.93495	-2.00677	2.18233	-1.5519	0.762198	
-0.642872	-0.437529	1.31244	-0.534431	-0.237572	0.851441	1.3927	0.545935	0.205281	-1.07804	-0.627415	0.567193	-0.767598	1.21492	3.10199	0.978013	0.276024	-1.63966	0.467117	-0.61806	
-1.63099	-0.454142	-1.17318	0.0257809	-0.693507	-1.03568	1.11731	-1.87171	0.443447	2.20179	0.452668	1.13277	-1.08732	1.19097	-0.0340734	0.269278	0.126388	-0.886766	-0.0456201	-0.356717	
1.49598	-0.298898	-0.415311	2.06772	-1.58916	-0.0389731	1.66227	1.24767	1.08647	1.71397	1.84204	0.088598	-0.911379	0.387196	-0.351876	-0.036022	0.574683	-0.435326	-0.717543	-0.616184	
3.93234	2.21424	1.2106	3.59905	2.48995	-2.91013	7.16097	-6.67944	6.9442	-4.78022	1.72234	-5.34481	-1.09016	0.711256	-3.04371	3.15965	1.9738	-2.90256	-3.14545	4.67832	
-0.22988	-1.22057	0.200774	0.156249	0.636402	-1.41449	0.446778	-2.13643	-0.341623	0.147764	2.16578	0.119287	-0.328194	0.461319	0.347913	-0.522331	0.69531	-0.633188	-0.807744	-0.938447	
0.108575	0.908699	-2.46922	-0.137578	-0.860847	-0.877844	-0.2945	-1.10993	0.294798	-0.311962	-0.501135	0.0589426	0.181386	-1.01141	0.58684	1.11472	1.30848	-1.0569	0.636557	0.0516056	
1.27029	-1.66256	1.13772	-2.19831	-0.800299	1.13534	-0.426899	-0.386281	-0.666569	0.756385	-0.130993	-1.08419	-1.25942	-0.490111	0.999455	-0.45332	1.14906	-0.120981	-3.87857	-0.995517	
0.418407	-1.58539	-0.911121	2.25844	-0.819084	0.780556	-1.03292	0.716388	-1.40944	-1.0636	-0.158222	0.713835	0.60532	-1.22018	2.54941	1.1668	1.98758	-0.218793	-0.36281	0.490357	
-6.93888	0.074665	9.85888	-2.23448	3.28234	-2.72544	1.75761	-1.19289	-7.12771	-0.0291189	0.254332	-3.7321	2.8197	-0.239572	-5.27813	-7.19176	4.0912	-4.68269	0.0910993	-0.345553	
-1.4701	-0.0487008	-0.577905	1.57619	-0.427797	-1.37797	0.789751	-1.15189	-0.0744176	-2.30039	-1.16573	-0.242161	-0.425133	-0.950048	1.1295	0.680877	-0.121562	0.64127	-0.0649702	0.895659	
1.46394	-1.16438	-0.567148	0.485753	0.73875	0.145706	0.23706	-0.113623	0.343443	0.477153	-1.3356	-0.260622	-1.23354	0.111254	0.511067	1.01897	-0.600988	1.37329	1.00567	0.181639	
-2.2202	1.25817	-0.555093	-1.55075	-1.18971	1.66191	-1.85744	2.06956	-1.78659	0.597665	-0.349316	3.38436	0.930862	-1.04414	-0.0329345	-0.538679	-0.30491	3.10063	-1.10581	-3.4299	
-0.253679	1.21523	-0.0366633	-1.5168	-0.750633	-0.512336	-0.197609	1.72917	-0.0267704	-1.62345	0.414387	0.616948	0.276718	0.0246367	0.276894	0.589372	1.09018	-1.32434	-1.19628	0.224806	
1.1868	-1.71091	-0.155396	-0.793491	-0.442482	0.067535	-0.167925	1.67379	-0.735096	-1.42358	-0.164987	0.768546	-0.705937	-1.31494	0.349487	-0.00288306	0.686252	0.971567	-0.805368	1.08529	
-4.6507	2.61385	-6.24357	0.23458	0.308825	3.66491	-1.78648	9.7748	-2.63578	10.4503	-4.15439	9.36128	-2.09629	-11.4426	-3.91564	-3.6644	0.15569	8.29824	0.53338	-3.06347	
-0.692015	1.47921	-1.64963	-0.535755	-1.87934	0.717608	-0.205384	0.272778	1.31696	-0.64177	0.578762	0.218624	-0.430047	-1.02747	0.280918	-0.296959	-0.0387251	-0.201643	-1.09752	1.11967	
-0.312597	0.25767	0.538097	-5.62256	-5.82655	-3.88049	-1.32618	-3.68783	-0.424275	-6.8766	-0.399843	-2.84795	-0.23486	2.25473	-2.90873	-4.77634	-1.00479	-6.36296	2.40795	-1.98624	
-1.61811	0.328401	-0.286572	0.525528	-0.91563	-1.30872	1.40867	1.05006	-0.838548	-2.72857	0.323159	1.06956	-0.178508	-0.23673	-0.504953	0.80307	-1.50368	-0.517037	-1.02841	0.835536	
-0.228702	0.721555	-4.02926	-0.119729	-1.83604	-0.56628	-1.07851	1.48815	1.02363	0.853361	0.907175	1.17399	-2.05537	1.77582	2.99853	2.52285	-2.00746	0.784868	-0.527149	0.418484	
-1.86868	-1.52733	-0.924293	2.10974	-0.898564	0.0601439	0.931199	0.322952	1.18964	-0.0170577	-0.201597	-1.62302	0.115061	2.02028	1.13085	-0.309794	0.195645	2.3569	0.627808	-1.08817	
0.499082	-0.934847	0.0955553	-0.440325	0.888568	-0.599814	0.248893	-0.515211	0.988194	-0.365228	-0.773945	1.27215	-0.289371	-0.50311	-0.0197157	0.0591566	0.164015	1.50263	-0.516116	-0.688537	
0.414497	-0.317359	-0.427952	0.465979	-0.23271	-0.236786	-0.421599	2.05131	0.114857	-0.90152	-1.91306	0.974221	-1.36616	0.189496	0.67084	-0.296088	-0.64568	-1.03432	2.72427	0.90919	
-1.26665	-0.71097	3.13249	-1.05654	2.4327	-0.132681	-0.34469	0.964626	-2.52083	-0.532918	-1.22833	-1.65958	0.829523	-1.1417	-1.42816	-1.4997	2.93201	-1.29874	1.80535	0.223677	
-1.76157	1.77458	1.59592	-10.592	-7.16809	-7.03974	-0.269059	-4.89703	-1.30018	-7.89572	1.24484	-1.98571	-0.610322	2.59336	-6.9105	-5.16293	-0.070136	-10.8901	6.5027	-3.68281	
-1.05129	2.32689	1.05636	-11.4874	-8.73541	-4.32058	-0.552789	-2.88499	-2.85451	-9.79477	-0.593105	-4.57287	-1.79454	5.68229	-5.75809	-5.21481	1.469	-11.897	5.31934	-4.3364	
7.89773	-0.882335	7.01705	5.56286	5.00554	-9.03736	13.5174	-14.015	11.8815	-12.9516	3.68463	-13.6714	0.951285	2.35001	-6.69218	2.7742	5.83422	-10.2252	-5.22133	10.1834	
-0.920901	0.669436	0.861861	-2.32257	-0.309981	1.16851	-0.941484	-1.15946	-0.0735963	2.19063	-1.1014	0.120264	2.07796	-1.1753	0.0330076	0.926206	-0.917829	-1.68321	0.615509	-0.673071	
4.41682	-1.1415	4.85738	-4.19492	-3.60471	-2.37023	-4.88001	-2.63749	-2.45323	-4.89055	0.97727	-8.65637	2.09473	8.15852	5.64118	0.913733	-6.46014	-4.73682	0.584397	0.0651771	
-0.0238908	-0.154597	-0.941687	0.333143	0.111751	0.234465	-0.961077	-0.389462	-0.464682	-0.608784	0.441215	-0.909316	1.21775	0.692168	-0.0128889	-0.1369	1.54417	-0.392019	0.81085	-0.668758	
1.50605	-0.790005	1.07472	-0.0860565	-1.73521	0.843649	-0.785017	1.15919	2.73145	-0.479502	-1.75556	0.617699	0.289653	-0.536889	-0.319232	0.593056	-0.807234	-0.527319	-0.045574	-0.307034	
-0.966329	0.283393	0.998397	-0.635291	-0.0997361	1.59668	2.30443	1.02168	1.45669	0.983441	-0.352911	-0.530008	-0.215124	0.254207	-0.347167	0.0312128	-1.64959	-0.494211	1.58504	0.681703	
-0.650012	1.82997	-0.752679	-13.3544	-9.71466	-8.08264	-1.19952	-2.74017	-1.6244	-11.993	1.09878	-4.00889	-1.59328	5.82585	-7.08131	-5.98363	-0.835011	-14.9195	6.73374	-3.81086	
0.0697053	0.983533	0.465668	-0.496544	-1.46483	1.29541	1.39195	-1.16119	0.0794623	0.491054	-0.252196	-0.686748	-1.16818	-0.502847	2.56957	-0.867964	-0.264685	-1.40386	-0.591857	0.649438	
-1.24818	0.653612	0.129828	2.01217	-0.327149	0.10466	1.43507	2.45643	-0.87468	-0.0155994	-0.505226	0.494223	-0.0558191	-0.561023	-2.1107	0.628785	0.677607	-0.61624	0.0337691	0.0735182	
-1.37874	-1.09235	2.10277	1.47038	-0.490646	0.565509	0.540288	-1.59682	1.2507	0.249651	-0.0807932	0.103859	-0.236484	-1.01393	-0.939626	2.00926	-2.1931	0.388855	1.1364	-1.03532	
-0.511592	1.73266	0.283887	0.44914	0.599654	-1.70547	-0.233057	0.735235	0.747182	-0.151449	0.705052	1.08467	-1.07624	-1.92311	-0.805385	-0.808573	0.35148	0.552944	0.767678	-0.134523	
1.24745	-0.308197	1.17413	-2.13738	-2.49491	-0.319561	-2.19305	-1.16546	2.11324	-2.62241	0.42308	-2.78487	1.77392	2.99519	1.95484	0.228638	-2.58026	-2.52326	-0.763478	1.19031	
-0.805311	-0.742794	-0.106166	-0.242827	-0.0795294	0.427013	1.45281	-1.00197	0.479878	0.960299	-1.68056	0.93416	2.22678	-0.303459	-0.0733623	0.630508	0.890317	-1.7702	1.6403	0.659779	
0.176421	-0.355737	1.55022	-3.11946	-3.42293	-1.8729	-2.43236	-0.202907	-2.27021	-4.72608	-0.286256	-0.803006	-0.642809	0.69091	-1.79031	-0.826525	0.285471	-4.09091	0.877338	-0.834534	
-0.500286	0.947901	-0.471335	0.481674	1.20607	1.35534	-1.5847	0.36182	0.199201	-0.256842	-0.856467	-1.90505	-1.19652	1.20833	1.05211	-1.34507	-0.322227	-0.587777	1.26201	0.929483	
-1.55943	0.314321	-1.243	0.535434	0.182028	-1.13413	0.214346	0.286698	0.527363	-0.498053	0.554699	-0.119883	-1.02646	-1.67065	-0.841898	-1.60239	-0.619829	0.69467	-1.06467	0.256813	
2.46167	0.53832	-2.81218	-0.188434	-1.69854	-1.34121	-0.617592	-0.0113758	1.0859	-1.36187	-0.640523	0.652597	-2.57247	0.81104	1.34794	3.86142	-0.637037	2.37628	-0.0644393	3.18669	
0.602395	1.217	1.47488	1.09792	-0.121934	1.93044	0.376782	1.43783	-1.16884	-0.188134	-0.287022	-0.432903	0.222936	-0.589457	-0.150815	0.573301	-0.206556	-0.0418318	0.593749	-0.143872	
5.11025	-0.420986	4.52935	6.7168	2.13465	-7.40722	9.72184	-9.18	7.51531	-7.95312	3.54921	-9.32322	-0.908115	0.690757	-2.63981	2.5477	1.17606	-6.41395	-4.65956	6.80855	
0.601787	0.128785	0.00283534	0.31221	-0.515538	-0.610744	-0.517178	1.27226	-0.512911	1.41835	-0.278445	1.84711	0.125186	-0.321902	-0.679285	0.861791	-0.562143	1.16789	0.436813	0.205584	
2.72256	-0.176874	4.10957	3.26532	4.67498	-4.94326	6.8232	-5.37932	5.58064	-7.46158	2.05154	-6.26603	1.52537	-0.0496362	-1.27563	0.641532	2.43399	-4.45842	-2.30207	4.49302	
-0.686812	1.04987	-0.961943	-1.94233	-0.883669	0.890146	-1.83438	3.5074	-4.22432	2.42375	-2.0796	1.48867	0.34368	1.69436	0.643742	-0.99416	0.138839	3.1301	-0.702224	-1.07639	
0.627353	1.1155	0.152571	0.467433	-0.602483	-1.31845	-0.523607	-0.183844	0.000558171	-1.09635	-0.386187	-0.0832667	-1.78718	0.330524	1.49071	0.0892159	-0.218044	-2.3462	0.582051	1.17207	
-1.66145	1.20593	0.673729	1.74115	1.08125	-0.0222664	-1.14969	-0.048552	0.00544073	-0.391065	1.48781	-0.423308	-0.0591383	1.5713	0.885525	-0.562819	0.396393	1.23548	-2.17311	1.48226	
-0.148731	-0.524171	2.57854	1.10433	0.717138	0.204862	-1.74519	-1.57708	0.642672	-0.347249	0.134505	-0.483517	-1.96955	0.0609227	0.15513	0.893683	1.10864	-0.666628	0.473896	-0.141351	
2.55462	-0.824316	1.76566	3.14465	1.52618	-3.29429	4.55472	-5.06155	4.85453	-4.25909	-0.0224893	-2.41831	-0.33377	1.35606	-0.181291	0.36685	1.50555	-3.02348	-1.81289	3.4041	
-0.342973	-0.302933	-1.07119	-1.26824	0.130397	1.76005	-2.40103	-1.52475	0.90548	-0.664487	-0.0853765	-0.750155	1.10385	-0.0781447	0.528469	-1.80318	0.616807	-0.0130617	0.580578	1.30968	
-0.359545	-0.564371	0.122877	0.457663	0.683737	-0.139999	-0.581885	0.893921	1.59274	1.27491	0.629489	-1.82331	-0.233874	-2.44185	1.62424	-1.56769	-0.886266	-0.371588	0.648353	0.0887097	
-2.72553	2.1343	-2.46273	-2.21257	-2.92445	2.29308	-4.12997	5.20973	-3.95061	2.98726	-2.85756	4.38837	-0.135133	-0.829102	0.327466	-1.01433	-2.87087	3.7666	0.548876	-1.65438	
1.02991	0.198147	-1.42592	-0.39541	-1.11727	-0.963161	0.895125	-0.295209	0.547593	-0.119306	1.66959	-1.6474	0.846229	0.265645	1.11347	0.478607	0.572714	-1.48273	-1.52659	-0.224624	
-1.94155	0.863739	1.50975	-9.20127	-8.78256	-5.71798	-1.18511	-3.03982	-0.426344	-10.5406	-0.237863	-2.06296	-3.80534	3.85261	-5.98232	-5.0191	-1.2642	-8.93885	4.50807	-4.38901	
2.15516	0.994674	0.773415	-1.62079	-2.08269	-0.962849	-0.881592	-1.06395	-0.314616	-2.64658	-0.305652	-2.75493	1.76973	4.88519	0.858281	0.184267	-1.96919	-1.29009	-0.561147	1.44035	
-1.98128	-1.04233	1.02604	1.66428	-0.806881	-0.164881	-0.19966	-2.34524	-1.44174	0.320507	2.80743	-0.931207	-0.342497	0.764261	0.300589	0.0483961	-0.054523	1.10898	1.2786	-1.70793	
1.20912	0.620923	0.0770282	1.37245	-0.599206	0.547452	1.50808	0.510967	-0.477783	-0.137543	0.47694	-0.761025	0.455198	-1.01336	0.129269	1.0771	0.340513	-0.0970439	-1.09887	0.227409	
0.853479	-0.484431	1.60566	-0.651454	-0.184051	0.796625	1.73527	0.123387	-0.283894	-0.834958	-0.714216	1.74957	-0.32816	-1.71467	-1.2294	-1.0318	-1.06677	1.19271	0.836517	0.444585	
-0.154903	-0.670456	0.286487	-0.148584	-0.698782	-1.45306	0.25277	-0.0537033	0.742869	-1.28767	0.182391	-1.33276	-0.436873	0.308251	-1.11126	-0.714907	0.657169	-0.0999019	-0.323686	-0.690799	
-1.8007	1.37619	-0.706149	-1.02744	-0.558275	1.20162	-0.164923	0.512347	1.60415	0.312619	-0.657045	-0.0882991	0.72987	-1.79181	0.456486	0.118623	0.561202	0.44904	-0.437607	0.533365	
-0.800586	-1.02736	1.70673	-0.369451	-0.953886	0.815523	1.7465	0.203965	0.318165	0.839196	1.23551	-0.310169	0.82719	0.413977	0.997646	-0.342115	0.500839	-1.63328	-1.87296	-0.50101	
-0.381428	-1.14302	-0.546509	0.60712	0.430449	0.728334	1.30797	1.27943	0.305446	-0.0319745	1.72605	-0.0131711	1.46524	-0.322222	-0.746784	-0.714448	0.29177	-1.0229	-1.27107	0.16417	
-2.08553	-0.668121	0.045483	-1.26798	-0.00593024	-0.841629	0.302179	0.621432	-1.05693	-0.788012	0.385521	-0.448627	1.17642	-0.466831	-0.30459	-1.61592	0.954504	0.041387	0.351043	1.07419	
-1.80183	0.358543	0.0748457	2.10318	-0.0149949	0.21373	-0.128725	0.219838	0.148868	0.632322	1.42732	-0.120724	-1.48104	-0.984772	1.73693	-0.751817	-0.263281	-0.0273499	0.534794	0.628214	
-1.24423	-0.21285	-0.059981	0.334648	0.876833	0.232038	-0.131143	1.35195	0.255731	-0.452604	-0.187318	-0.901257	-0.144295	0.846162	-0.227921	0.49425	-1.10318	0.843182	-0.0912174	0.0786966	
-0.720522	-0.834354	-0.287421	-0.91887	-1.36299	1.44735	1.10165	0.241344	0.2878	1.82962	-0.598216	0.359628	-1.21096	0.584077	0.257065	0.353878	-0.325922	2.33268	-0.897194	0.558493	
1.477	-0.676412	-0.400334	-0.0703013	-0.773526	-0.0947433	1.68155	-0.404695	-0.312448	-1.56765	1.41948	0.0059206	1.50397	2.39086	-0.44958	-0.308211	0.504534	1.30301	0.409619	0.043318	
-0.261289	-1.47615	1.11367	-2.55439	0.65315	0.142681	1.92731	-0.274105	0.394312	0.696246	0.306222	-0.0578118	0.664429	-0.351803	0.333492	-0.231638	-0.154599	-0.0522983	-0.150217	-0.36099	
-1.25183	-0.177577	0.31543	0.406466	0.873471	0.0237575	1.55682	-0.0172503	0.279102	-0.670181	-1.92338	2.51439	-0.618693	1.0977	0.439158	-1.10413	1.40899	-1.41825	-0.432866	0.579477	
-10.8251	1.29859	10.0621	-5.58135	0.398375	0.989234	-4.29141	5.43735	-11.9256	2.01587	-1.07796	0.114712	2.54798	-0.665073	-3.39218	-12.6755	1.40367	-0.106424	1.88809	-2.11161	
0.46665	0.423504	-1.13478	1.8532	1.16015	0.47717	-0.123655	-1.85037	-1.09927	-0.987276	0.196517	-0.221876	0.148759	1.30471	-0.289642	0.900328	-0.355577	-1.18439	-0.93961	0.48358	
-1.56874	0.134765	0.429432	-0.835381	0.523237	0.170257	0.0278597	1.09337	-1.27159	-1.78533	-0.417548	-1.83787	1.20602	1.08179	0.9971	0.281836	0.329774	-1.31889	0.483265	-0.794154	
-1.16035	0.0870272	0.0338645	0.153552	-0.845676	-0.628297	-0.127074	-2.45149	-1.29998	-0.652957	-0.339295	-0.210557	0.323368	0.325127	0.36884	-0.869496	0.499947	-1.05124	0.619713	1.04765	
-0.0339216	0.376654	-0.895524	-1.59004	-0.0502832	0.730927	-0.722031	-0.411176	-0.213789	-0.373775	-1.20902	0.252686	-1.30472	0.320637	-0.487661	0.890645	0.720435	-0.334844	-1.67254	0.0442481	
0.989549	0.235644	1.34837	-1.39335	0.636494	4.39936	-2.61556	3.08482	-1.83348	2.60272	0.970902	1.90006	0.0757894	-0.793803	-0.299512	-0.473464	0.128712	1.28561	0.469249	-2.12251	
1.39226	0.695418	-0.32136	1.14411	-1.09529	-1.29135	1.26767	1.21651	0.237763	0.153742	0.667511	1.22263	0.998458	1.39951	-0.200678	-0.593849	0.174808	0.327188	1.18193	2.6109	
1.05375	-0.403803	0.173326	-0.300743	2.03703	-2.02941	1.13069	-0.392987	-2.05751	0.0727372	-0.535961	-0.49589	0.977172	1.72371	-0.130248	0.89778	0.674282	0.848716	-0.140962	-0.186616	
-0.28472	-0.981693	0.35511	0.753396	0.82783	-1.11443	-1.19117	-0.990929	1.25715	-0.53177	-0.33453	1.75704	1.22174	-1.26526	0.829841	1.2209	-0.983661	-0.368987	-0.654459	0.616403	
-3.71515	0.0860703	3.4527	2.13405	3.47118	0.436848	1.41263	-0.443728	-0.196258	-1.59483	-0.502979	-2.76085	1.45424	1.61829	-1.84235	-4.23589	0.0461556	0.679205	-0.12558	0.260826	
-0.0674008	-1.54937	-0.435602	0.0323449	0.319331	0.632994	1.48202	-0.922416	-0.57141	-0.317871	-0.118847	0.68861	0.753447	-0.606902	1.52806	-0.845871	0.621801	-0.504883	1.11173	0.959326	
-3.17497	-1.62286	-1.91861	0.313134	0.121614	0.15978	0.404918	2.83761	-0.557214	0.212891	1.04744	0.129127	1.03775	-0.271814	0.540127	-0.401449	-0.383635	-0.0151146	-1.80352	0.95201	
1.3083	1.0114	2.2201	-1.61205	0.763977	-0.308398	-0.401014	-1.2131	0.058487	0.130558	-1.06452	-0.465195	0.00687279	0.332275	-0.175165	1.21134	0.299685	0.011472	-0.122525	0.40342	
-1.91192	-0.190421	-0.639808	0.517986	0.312796	0.0886361	0.434279	1.31662	0.776242	0.416173	1.04001	-0.324003	0.35212	-0.750611	0.00971605	-0.150887	0.0920831	0.572628	-0.972709	0.349938	
-1.30938	-1.30853	-0.0818868	0.348625	-1.0435	-0.0300579	-1.55261	0.375232	-1.61763	-1.5962	0.781016	1.14816	-0.580706	0.551659	0.716622	-0.986331	-2.70751	-1.97967	0.672644	-2.21352	
0.575341	0.59897	1.60352	0.511155	-0.876949	-0.879673	1.93646	-0.623745	1.17967	-0.901113	0.253979	-1.07107	0.768951	0.199835	0.0368894	-0.729394	-1.42469	0.352614	1.30851	-0.397263	
-0.310354	1.55198	0.754978	-1.04276	-0.2687	-0.208911	-1.44824	0.315861	-0.788418	-0.758623	0.922381	-0.150316	0.0423109	-0.705659	-0.786174	1.47019	0.917292	-1.1916	-0.0548497	-0.0411087	
-1.85735	-1.77678	-1.14326	0.339868	1.13411	-0.0460503	0.91899	-1.33016	-0.679467	-1.00511	-0.11107	0.968553	1.24692	-1.54463	0.272235	-0.36524	-1.11644	-1.47251	-0.590189	1.39846	
5.57939	-1.33654	-0.107578	-6.08842	-5.63996	-4.5403	0.718175	-2.0314	-6.05215	3.44044	0.805425	1.98071	2.24681	-5.00006	0.828563	4.9335	2.49188	2.54707	5.80712	0.0379528	
0.402635	1.31785	-0.000315897	0.228749	-0.495605	1.09348	1.60361	-1.43862	1.18255	0.128442	-1.67574	2.26276	-1.03187	-0.635496	-0.652485	-1.22039	1.82854	0.174333	-0.206435	-0.279023	
1.15048	2.62333	0.975113	-2.01631	0.544591	-3.11728	1.00722	-0.0818882	-1.77283	1.76483	-1.7336	-0.483882	0.205625	-3.2911	-1.01147	2.17097	-0.963758	1.58989	2.13442	-0.569079	
-1.54457	0.464382	1.05896	-1.46572	0.359537	-0.0245038	-0.0369964	0.553574	-0.511653	-1.51842	0.747803	-1.60887	1.21196	0.664111	-1.08991	0.0952037	-2.43238	-0.974509	-0.936263	-0.800756	
4.95986	-1.25211	-0.00577031	-8.57327	-4.24787	-2.09986	2.40373	-1.45368	-6.23888	4.11813	1.54408	0.457346	0.994514	-5.79379	-0.796868	6.57047	4.12358	2.50121	7.41714	1.26353	
1.4889	-0.654866	0.531485	0.67095	0.369708	-1.83505	1.33548	-0.588707	-1.52909	-0.147387	0.324827	-1.73216	-1.39425	0.0946668	0.556761	-1.29602	-1.03599	0.998457	-0.159592	0.940282	
8.84543	-0.407274	5.42921	9.711	6.70098	-10.0726	16.696	-19.2398	13.6467	-14.2683	4.93072	-14.8862	-1.0223	-0.166242	-7.14464	5.17356	6.6102	-13.5507	-4.26798	13.8683	
1.00451	1.65688	-1.80447	-0.465081	1.34408	-1.03697	-0.765419	0.53606	0.911617	-0.159704	0.278543	-0.487303	0.466651	-1.11393	1.88552	-1.59575	0.633924	-1.32077	0.379023	-0.246574	
-0.0887371	0.00660458	-1.71558	0.215743	-0.708634	-0.00790094	-1.58056	0.734474	-0.220369	-0.72168	0.512563	-1.11506	0.13506	0.421066	-0.475425	-0.364895	0.293653	-1.67656	0.777808	0.874409	
-0.0419549	-1.80575	-0.217313	1.36906	0.820235	-0.0807149	1.37603	-0.457065	1.82213	-1.11716	0.433859	-0.10412	-1.30755	-1.07082	0.724332	-0.916954	1.8365	1.32286	-0.399902	0.800548	
0.0218532	-1.17156	-0.390001	-0.527264	1.79104	-2.34716	0.0752149	-0.702947	1.31223	-0.348039	-0.208068	1.45311	-1.04135	0.86094	-1.07529	0.828807	0.982097	0.161064	1.07774	0.0599307	
0.694533	-1.36264	-0.479293	-1.81438	0.840343	-0.794003	0.56522	-0.543355	-0.246256	0.596659	1.06361	0.215752	-0.99516	1.5169	0.234843	-1.15142	-0.00392797	0.190688	-1.08357	-1.72631	
-0.406938	0.526736	-0.975536	-1.15189	-0.272987	0.403328	-0.500242	0.861967	-0.483096	-0.278515	-0.68499	-2.48841	-0.461287	0.245289	0.133136	-0.445892	-1.90776	0.275378	0.502711	-0.0410126	
-0.699696	1.09583	1.22936	1.1969	-0.125231	-1.36296	0.616586	-0.42506	-2.36476	0.640948	-0.434912	-0.49537	-1.00969	-1.50021	0.235349	0.293225	1.89659	1.30336	-0.517756	-0.701949	
0.177145	0.452682	-0.156063	1.38309	0.161708	1.19702	-0.630406	1.37049	-0.468207	1.43899	-0.816418	-0.39522	0.197848	1.76576	-0.216496	0.9335	-0.010592	0.436384	-0.44725	-0.650392	
0.625405	0.334757	-0.675448	1.10157	-1.67086	0.781879	-0.890604	-0.443309	-0.291995	-1.06163	-2.28443	1.34788	0.326281	0.0727084	-0.0449752	0.288965	-0.65681	-0.678629	1.91392	0.849832	
0.928946	0.025164	0.980476	1.99032	1.60191	0.442533	1.09924	-0.796751	1.1509	-0.00780333	0.204913	-0.728557	-0.831081	-1.08023	0.322324	0.743195	0.890844	-0.55462	0.191246	1.06853	
0.76514	-0.728174	0.392651	0.488026	-0.420678	0.551804	0.0530956	1.02299	-0.862325	1.05857	0.297747	-0.968947	-0.187717	-0.442718	-1.22477	0.243188	2.12566	-0.32996	0.119188	-0.753499	
-1.58316	-1.4059	0.498408	0.514784	1.38239	-0.210242	-0.314173	0.487315	-1.13562	0.810426	-0.939123	2.33438	0.565703	-1.67137	-0.570765	0.786966	0.35056	-0.968459	-0.307895	0.147557	
-1.1707	-0.379635	2.04982	-1.85569	1.06243	0.337637	0.312083	0.0453142	0.378847	-0.682694	-0.487791	1.89807	0.658158	1.32525	-1.09829	-1.24382	1.19714	0.167945	-1.06209	0.912952	
1.69396	0.00269257	0.330213	-0.432839	1.70057	1.40423	0.530608	1.31739	0.479261	0.481228	0.724423	-1.73975	-1.70182	-0.630299	-0.813329	0.814769	-1.77978	-0.142626	-2.34464	-0.852353	
0.104683	-0.504537	-0.700698	0.449064	0.401346	-0.625632	-1.3084	0.29821	-0.768302	-0.739154	1.2223	-2.01453	-0.0255211	-0.819779	-0.12332	-0.430816	0.372103	-2.10524	0.284965	-1.6853	
0.35776	0.938603	-0.918591	-1.18753	0.80584	0.498232	-0.466167	-1.11646	-1.47484	-1.71459	-0.0219277	-0.170652	1.24486	-0.145923	0.169658	-0.298706	0.36284	-1.75863	0.315253	-1.08784	
-1.22421	-0.193242	-0.0263787	0.351985	-0.397067	-0.310501	0.169491	-0.595635	-1.32389	0.496917	-0.378394	-0.132268	0.101211	1.64253	0.650571	-0.40363	1.02238	-1.89576	-0.762821	0.473444	
-0.648089	0.0154653	0.977392	2.26224	0.716909	1.68463	-0.327417	2.28377	0.726762	0.236052	-1.65547	-0.664144	-0.159219	1.45667	-0.506958	-1.65597	-0.277716	0.204824	-2.16406	-0.688821	
0.240152	0.429011	1.18967	1.72295	-0.210612	0.200265	0.320312	0.494627	-0.204068	-0.307657	-0.311426	-0.269838	-1.61328	0.715504	-0.541429	-0.923179	-1.98725	-0.611767	-0.175494	1.29975	
0.586545	-0.492905	-1.1609	-0.770796	-1.30664	0.917344	1.75446	1.28986	0.61809	-0.813363	1.73084	1.20802	-0.217989	-0.774146	-0.169195	-1.58494	-0.0663903	-0.176894	-0.173773	-0.130209	
0.620288	3.12857	0.359224	1.28677	-0.339029	0.788551	1.68692	0.468011	0.232287	0.429804	0.418485	0.176621	0.220775	0.418652	-1.18082	0.396386	0.46003	-0.546041	0.397346	0.951635	
0.0614767	0.0582065	-0.230412	-1.67639	0.792095	-3.4608	-0.616756	-1.33403	0.853595	-0.160482	1.48598	0.517328	-0.219551	0.00132567	-0.116273	-0.676997	-0.0772525	0.521836	-1.17991	-1.08095	
-6.38232	-0.352918	-3.92086	-4.50164	-2.97144	7.68369	-8.76636	9.19078	-7.73657	7.26678	-1.7829	7.99147	-0.387437	0.0229225	2.84681	-4.22517	-3.89407	8.13515	1.60383	-7.7685	
0.133845	0.849901	0.589719	0.670721	-0.346925	-0.189461	0.422678	2.2442	0.806502	-1.86244	0.0125443	0.913868	0.337295	-0.686944	-0.553691	0.833469	-0.569485	0.219828	-0.0732071	0.154494	
-0.103933	-0.907667	-0.518494	0.986583	1.36657	1.3725	0.186842	-3.03487	-0.516255	-0.133844	-0.391875	0.095733	0.277561	0.00936927	0.336745	-0.459357	-0.462222	0.611595	-0.0689704	1.65394	
-1.09757	0.48261	0.323509	0.707005	2.63442	0.909802	0.888199	0.305288	0.503007	0.412066	0.518745	0.303755	0.0184797	0.489923	-0.466037	-0.955952	0.527538	-0.145573	-1.41819	1.07062	
0.977203	-0.461285	0.0295387	0.458585	-0.348066	0.71562	-2.42332	2.48517	-0.23082	-0.0456329	0.587324	-0.115651	-2.00118	-2.14431	-1.14235	-1.52173	0.332264	0.971438	-0.78246	-1.47664	
0.875335	1.06007	-0.155116	-1.04631	0.56128	-0.114449	0.791526	-0.607817	-3.24349	1.85703	1.61354	0.0884251	0.588627	-1.84719	0.649405	1.87151	0.00736179	1.90706	0.553797	0.913314	
4.94058	-0.433139	2.13613	-5.53989	-3.53425	-1.90519	2.24853	-0.343125	-5.14974	3.6711	0.339521	-0.733618	0.445237	-3.74581	1.42491	5.87328	2.19425	1.71145	4.06761	-0.486927	
2.9998	0.990049	-0.672132	-0.333869	1.3602	-1.50132	-0.940771	2.29439	0.969798	-0.217425	-0.660998	-0.976416	-0.730183	-1.29231	-1.40664	-0.859839	-1.55288	1.35551	-0.580829	-0.57382	
0.876679	0.508212	1.02654	0.0629628	-0.264303	-0.274185	-1.5434	1.53179	0.325872	0.351338	0.805229	-0.00363777	-0.274358	-1.05695	-0.839791	0.268508	-0.0899136	0.849984	-1.58227	0.531068	
-0.094242	0.187683	-1.47832	1.14667	-0.0494107	0.41506	0.184168	-1.62007	0.616221	0.44437	1.25181	0.708635	-0.890025	0.112295	1.51084	-0.0564379	-0.151826	-0.394815	-0.30943	-0.736285	
-0.357901	0.322106	0.772974	-0.454883	-0.299772	-0.288615	-0.419816	0.196692	-0.990539	0.109527	-0.0713175	0.384478	-1.06019	-0.275245	-1.04256	0.00257231	0.379649	-0.384127	-0.100274	-0.202754	
8.15102	2.44407	-11.5718	1.92576	-5.02608	3.3523	-1.28022	-0.711022	8.1952	4.55269	1.10794	3.30915	-3.44495	0.0501437	6.65003	11.3974	-5.41135	4.51142	-0.931424	0.73972	
0.227484	-0.875537	-0.237582	-0.172451	1.60933	0.525536	-0.693812	-0.091773	1.61499	0.881539	-1.41446	-0.865606	-1.33393	-0.166716	-0.683842	2.05265	-1.60524	-0.311029	0.121812	1.46209	
-5.11901	-0.719118	-1.46527	5.78805	1.90535	3.44737	-2.785	1.28654	7.08022	-5.11075	0.712459	-0.397587	-1.79399	4.92216	2.69334	-7.42239	-1.41418	-5.36708	-7.56531	-1.39853	
0.671452	-0.595203	-0.216486	1.92375	0.795054	-0.360522	-0.0332049	0.5721	0.188587	0.77278	0.43047	0.420452	0.706342	0.528481	1.97283	-0.428626	-1.13639	0.402554	0.68569	1.00989	
-4.68488	1.0388	7.28408	-0.562004	1.88081	-2.54819	-0.0854127	2.25213	-6.25384	-2.00693	-0.927019	-2.38669	1.60528	1.63398	-2.84282	-7.97233	4.57692	-4.25208	-2.30498	1.63149	
0.417386	-0.999895	-0.450117	0.770858	0.712047	0.948556	-0.556312	-1.28927	-0.503566	0.254125	1.01232	0.10017	1.61136	-0.549453	-0.034259	0.304662	2.83326	0.753081	0.341053	-0.509899	
2.74563	-1.12852	0.0620501	-1.14584	0.421512	-0.530576	2.09892	1.49956	0.39037	0.872007	-1.25908	-1.67375	-1.99329	-0.594551	-0.741058	-0.153303	-1.6097	-0.736559	0.00375398	-0.455162	
1.37355	-0.532455	1.18047	-0.866722	2.38625	-0.0901281	-0.362531	-0.203112	0.110054	-1.68891	0.454921	0.586619	-1.6945	-1.24063	0.109385	-0.400643	-0.944115	-1.65514	-1.12983	1.0041	
-0.587382	-0.350072	-0.0375611	-0.0571191	-0.692257	0.949203	2.21032	-2.24938	2.44962	0.285127	-1.51397	0.472446	-2.18611	0.228484	-0.381267	-1.13907	-0.0689065	-0.219942	0.00755725	1.01151	
-0.385929	-0.890569	2.06271	1.00628	0.696451	1.23217	-1.66175	-0.524509	0.811005	-0.122249	-0.974214	-0.940003	-0.601698	1.04695	-0.441646	1.48392	0.256183	-0.515884	-1.02046	1.75517	
7.15994	-2.74778	-9.5304	0.335858	-5.45631	2.05389	-0.04858	-1.26364	5.18445	1.89481	-0.0730167	3.91036	-3.30954	0.940896	6.73798	8.2503	-4.30026	4.65128	1.81394	-1.08957	
-0.783109	1.83661	-0.323124	-1.46902	0.196443	-0.576075	1.60783	1.685	0.723807	0.289283	-1.71889	0.124907	-0.398026	0.394112	-0.0271303	0.189347	1.66056	0.84122	-0.352288	0.817239	
1.7235	-0.0379464	-1.35967	-1.41114	-0.0240908	1.17912	0.632417	-1.02277	0.707576	-0.996856	0.692295	1.50754	0.935835	-0.498057	0.585641	-1.82792	0.529603	-0.910465	0.411235	-0.782842	
-3.08913	-0.0951777	-1.39791	-0.0114697	-2.43684	0.642901	-0.728143	-0.409332	-0.415412	-1.57099	1.06141	-1.1508	0.258258	0.86977	1.61686	0.414346	-1.01607	-1.21827	1.14091	0.00123803	
0.20881	-0.818905	-0.542249	2.20659	-0.216748	-0.522166	0.918704	-0.72423	0.718534	-0.368624	1.01983	-0.352074	1.26492	-0.936685	-0.13187	-1.2856	1.30392	-0.721054	0.780771	0.925305	
0.190751	0.91658	0.050227	-1.69538	1.12922	-0.152315	0.75438	0.264338	0.614324	-0.58654	0.327525	-0.140456	-0.627422	-0.932591	0.0729596	0.771909	0.274497	1.75957	0.352756	-1.2099	
0.052509	-0.372192	3.2162	0.827726	0.833573	1.00457	-0.749252	-0.312611	-0.648045	-1.44284	0.491711	2.0882	0.150037	-0.185918	0.748094	0.737095	-1.53342	0.499336	-0.369385	0.588511	
-2.66172	-0.593568	-1.40705	-1.99117	-1.10004	2.72069	-3.60294	3.54227	-3.42207	3.7732	-2.27503	3.99974	-0.0902473	0.459285	0.956998	-1.25798	-2.09732	3.43327	1.11648	-1.38129	
1.04991	0.0243377	0.437374	0.0809811	1.13141	0.0459703	-0.479421	0.757716	-1.28599	-1.63677	-1.89758	1.16581	-0.392876	-1.5898	1.00763	0.388032	0.667865	-0.357255	-1.69872	1.01402	
0.630619	0.886564	0.443958	-0.659207	-0.714056	0.200875	1.22933	-0.337444	1.17122	1.25143	-1.89374	1.68298	-1.22824	0.269097	-0.260368	1.08513	0.455335	0.584358	-0.329046	-0.328813	
2.02772	-0.688369	-0.127513	0.418546	0.764665	0.884349	0.57417	-0.549048	-0.199275	0.430743	0.0119816	0.965964	1.04498	0.989413	-0.873844	-1.61568	-0.240053	1.3037	1.30614	-0.988085	
5.68368	-2.14939	-6.59971	1.39259	-2.72253	1.09847	-1.5208	-1.0934	4.00542	2.57069	-1.16764	3.06949	-1.2692	0.0829072	2.5106	5.18583	-2.55101	4.04954	-0.101869	-0.682655	
-10.9971	0.318182	13.8626	-2.45594	6.29355	-1.65374	-1.08269	1.06957	-8.90617	-3.57734	-0.487241	-5.83025	4.98545	-2.15156	-5.45201	-11.0783	4.73536	-5.50533	-1.12964	1.29037	
-2.16226	-0.65973	-0.326327	0.397677	0.127594	-0.0411708	-0.0753343	-0.313467	-0.087521	-0.270581	-0.332263	0.968183	-0.844697	-0.280365	-0.412943	2.23747	-0.0977984	-0.10067	1.48463	1.35964	
2.29512	-1.42001	1.17843	1.0855	3.1797	-1.2747	1.89102	-0.788322	1.42459	-1.94486	1.28411	0.299773	-1.32343	1.42127	0.149483	-1.33771	1.02914	-1.57531	0.210612	-0.313429	
-0.177754	-0.305198	-0.0128243	-0.325923	-0.0626707	0.316908	0.307685	-0.354299	-0.170106	1.55881	0.100806	0.608795	0.270872	1.69072	0.840588	-0.90779	-0.407484	0.0957041	-0.26759	1.48857	
-1.01012	-0.750532	-0.684125	1.01467	-1.15316	0.0451227	0.318942	-1.76476	-2.05853	1.14874	-0.408577	-1.76387	-0.859453	1.05268	0.74612	0.447902	-1.48558	-2.4268	-0.0587776	-1.70632	
0.074218	-0.358782	-0.101632	1.61419	-1.09826	-1.08338	0.220988	-1.69874	-1.0778	-0.0828922	1.3556	0.796841	-2.89854	0.906933	0.646568	0.167781	0.136969	0.559066	-1.19966	0.0999491	
-1.18794	-0.294482	0.753688	-1.18507	1.0515	-1.54642	0.673363	0.126089	0.917423	0.154477	-0.313468	-0.209436	-0.0248396	-0.150907	0.44391	0.308038	-1.04799	-0.485747	-0.712034	0.764984	
-0.470543	-0.0548329	0.991805	0.637124	0.00821084	-0.0703974	0.259118	0.10509	-0.866814	-0.959057	0.432934	0.304366	-0.170418	1.03096	1.11778	0.461406	2.29313	-1.11126	0.517504	-1.53496	
0.583922	-1.77599	-0.795029	-0.325934	0.803185	-1.22389	-0.331673	-0.37176	1.44268	-1.81764	0.200055	0.296114	0.530665	0.474158	-0.701511	0.325645	1.03278	1.98596	-1.55301	0.446677	
-0.549335	-0.721287	1.31507	0.280808	0.624046	1.20184	0.24848	0.652211	-1.27586	1.10463	0.210301	1.01769	-0.0862114	0.540624	3.43634	-0.383267	-0.603973	-1.3951	0.785071	0.531779	
1.84076	-1.69386	2.56196	3.01685	1.27375	-2.54954	6.56354	-4.53639	4.35287	-5.99019	-0.480597	-5.70198	0.224386	-0.497141	-1.16654	1.48082	0.775498	-4.78899	-0.635039	4.22412	
2.03015	-0.50624	-0.331193	0.652583	-0.744579	0.591489	0.459429	0.69415	-0.14171	1.17486	0.276592	-1.05815	0.0569992	0.74075	0.318994	-1.55637	0.581863	1.22123	0.944864	0.0804832	
-0.289971	-0.176121	0.317906	1.11176	-0.826733	1.53308	-0.220356	0.00885427	2.53364	1.5648	0.0553075	-0.463422	-0.628064	-0.373714	-1.11963	-0.691247	0.778813	-0.771938	1.3645	-0.37142	
-0.92012	0.891962	-2.17934	-0.0525979	0.270008	-1.74375	0.90253	1.63987	0.584539	-0.751583	0.472051	-1.78241	-0.102961	1.30704	-0.00839021	0.357103	1.06129	0.0421677	0.054857	0.373865	
0.148474	-1.68801	2.02554	0.155438	-1.1994	-1.69199	-1.30436	1.51809	0.789457	1.073	-0.757275	-1.16619	-0.0138438	1.3626	1.32238	-1.2948	-2.16179	-1.47343	-0.163773	1.17921	
0.647768	0.216698	-1.35826	0.33036	-0.85978	0.91684	1.0546	-1.0573	-0.305595	-0.639146	1.2244	-0.0821557	-0.123832	1.11412	-1.2231	1.39995	1.66268	1.13078	-0.0889478	0.376667	
-0.728785	0.732968	-1.28555	1.15006	-1.41483	-0.00681906	0.941687	2.29767	0.704523	0.0436243	1.14564	0.384999	1.18802	1.83521	0.518602	0.0535677	-1.01114	0.13314	-1.16475	-0.0204699	
0.939705	0.144402	2.30569	1.07998	-0.384137	1.43373	-0.345317	-1.4445	1.09127	-0.124952	0.0261821	-0.789701	-0.0262477	-1.61449	-1.5179	-0.32636	0.327554	1.13164	-2.1419	0.697405	
1.58407	-0.587875	0.427706	-0.180398	1.73733	-0.212479	0.339538	-0.311534	-1.8598	1.33533	0.747016	0.247259	1.48061	-0.401252	0.161551	0.616469	0.698731	-2.091	2.09064	-1.93667	
-0.833613	-0.138532	-0.885574	-0.936224	0.107564	0.408602	1.73291	-0.360901	-1.49037	-0.782088	1.56964	-2.02634	-0.531582	0.466708	0.587219	0.0933294	1.23692	-0.280406	-1.70039	-2.9122	
0.752214	-0.462564	-1.01225	0.349306	0.744681	-0.306812	-0.809334	-0.294602	1.30101	-0.673555	-1.25582	-0.419289	0.735423	0.423006	-1.05249	-0.482766	0.690675	1.26935	1.71895	0.854916	
0.0718825	-1.21239	-0.257892	-0.217603	-0.673981	1.03484	0.109177	-0.160814	-0.654202	1.52051	0.299994	-0.429795	2.36859	-0.708334	0.72777	-1.51364	-1.37569	0.274026	-1.11794	-0.463336	
-1.1801	0.622176	-0.813394	0.204053	0.197193	-0.247023	-1.641	0.226811	0.654928	2.08789	-1.34489	-0.434498	1.66625	-0.0889846	0.106658	-0.0722855	-0.111625	0.130751	1.75709	1.00832	
1.14299	0.13727	-1.26753	-0.912551	-1.82946	-0.215331	1.17736	1.06029	1.33199	1.65862	-0.701671	0.19145	0.0606676	0.0850565	1.28528	2.58583	0.898649	-1.28809	0.476424	-1.50044	
-0.908049	1.64722	0.235661	-1.85257	0.0423232	1.6345	0.848282	-0.353999	-1.4838	0.474355	-1.65661	-0.198878	0.126529	-0.22254	1.29366	-0.539565	-0.259677	-0.584412	0.39259	-0.366185	
-0.558357	-0.400409	-1.5998	-0.877414	0.640622	0.557346	0.665945	0.826511	-1.07273	1.69431	-0.434988	0.976424	0.505675	-0.760594	0.684684	-0.895687	-0.337632	-2.60886	0.259483	-1.20776	
0.36448	0.467786	1.22781	-0.562858	1.20497	-1.42912	-0.192798	-0.258793	0.341312	-0.900209	-1.75362	1.33067	-1.50724	0.324339	0.511183	-0.934681	-0.267097	-0.848948	2.66429	-0.0727487	
-0.59239	-1.42421	-0.351857	-0.755514	0.337133	0.801172	-0.163117	0.993642	-0.407079	0.116137	-1.09831	0.918288	0.326804	-0.139768	-0.112295	-0.897708	-0.188863	-0.676414	-0.564883	-0.904071	
-0.461925	-0.999349	-2.0268	-0.599593	0.443607	-0.443321	-0.237093	0.436572	-1.0952	0.536184	0.865209	0.424559	0.0315483	-0.496913	-0.319889	0.571141	0.11271	-1.05788	-0.241002	1.5327	
0.343969	0.156702	-0.665159	0.424253	-1.16183	0.641455	-0.437586	-0.590845	1.85154	-0.412645	-2.14662	-0.574486	0.641016	-0.709166	-0.744024	-0.327011	-0.349811	2.03798	0.797163	1.78455	
1.24478	0.244177	1.71542	-2.92833	-1.54441	-0.514568	-2.3066	-0.470743	-0.203414	0.221517	0.0445195	-0.848962	1.43139	0.477665	1.46099	1.57006	0.03501	-0.0517805	-1.09945	0.844688	
-0.62662	-0.270679	-0.399606	1.82038	0.760314	-1.12231	1.57603	1.68667	0.346319	3.19111	1.37757	1.01937	0.921028	-0.0135624	-0.260416	-2.21778	0.0594074	1.53694	1.06995	-1.58256	
-0.415067	-0.449455	0.566533	0.63551	-0.897758	1.08356	-1.20951	-0.255188	0.984906	0.54906	0.806091	-0.77863	-0.931155	-1.42231	-0.375592	-0.433433	-0.484513	-0.00690132	-0.502567	-0.162314	
-0.687781	1.19797	-0.170757	-1.23879	1.50484	-1.09789	-0.758166	-0.780608	-1.69885	1.41525	-1.35198	-0.380335	0.0130058	-1.15338	-1.6631	1.21703	-0.569504	1.0635	-1.63078	0.226935	
0.0995302	1.25069	0.0962639	-0.833187	1.96962	0.37136	0.236171	1.13199	0.374108	-0.0846702	0.808215	0.182713	0.888299	0.0226014	-1.0713	-0.124664	1.68969	0.389695	-0.386271	-0.32488	
-1.58502	-0.548395	0.185489	-0.692147	1.07554	-1.45911	2.00997	0.196179	0.932029	-0.772816	-1.02079	-1.16219	-0.859836	-0.400675	2.03929	-2.24266	-0.0774454	0.52612	-0.308885	-0.805868	
-1.70144	1.02811	0.0679928	-0.210949	0.739613	-2.0196	0.452433	0.734825	-0.0606193	-0.202847	-1.76394	1.36714	-1.06662	0.258747	0.895926	-0.76849	1.45268	1.9977	-2.31644	0.714195	
-0.507751	0.852299	-1.01079	-0.854752	0.0231427	1.09828	-2.1882	-0.787135	-1.97857	1.30349	0.344098	0.335866	-0.282506	-0.753528	-2.0725	1.58334	1.46427	0.321879	-0.115225	0.980986	
-6.39562	-0.436442	9.80708	-0.122877	3.65607	-2.16672	0.801993	-0.224024	-8.06922	-0.684883	-1.43086	-3.70984	2.58782	2.51108	-4.05212	-7.60604	3.01983	-3.95605	0.670439	1.84714	
9.02061	0.0833888	-11.1269	3.02547	-2.42178	0.400953	-0.462611	-0.834065	7.11969	2.26337	1.14799	2.53048	-2.18481	0.470909	6.85476	10.2738	-5.01101	4.21976	0.218563	-1.34107	
0.67796	0.762735	0.138046	-0.229004	0.220277	0.739652	1.61267	-1.09667	-0.585943	-0.644138	-1.07583	-2.08543	-0.736732	0.344164	0.984975	0.770183	0.46231	-0.112079	0.823183	-0.874017	
0.155095	-1.12685	-0.0160263	1.11671	-1.9577	0.949912	1.62246	1.20893	-0.174047	1.61951	1.15552	-0.925177	-0.476012	1.38674	-0.789312	1.17308	0.127585	0.922304	1.83688	0.58264	
-0.320297	-0.237218	-2.09613	-0.0102215	1.04366	0.933061	0.360977	0.159806	-0.853551	0.319127	-0.803871	0.229887	-1.63583	-0.450758	0.0333903	-0.950187	-0.573458	-0.00633329	1.20476	-0.0789987	
1.3295	1.64291	-0.145628	-0.69819	-0.171627	-0.735114	-1.31503	1.8074	0.238914	0.338438	0.498335	0.173591	1.91459	1.78024	0.950407	0.570849	-2.68035	0.72364	0.700121	-0.522609	
-1.27394	-1.0844	0.324693	1.47145	0.730539	-0.866492	0.669475	0.0278371	0.00978063	-2.02028	0.81195	-1.54282	-0.052372	-1.09507	0.468625	-0.262673	-0.0844071	-1.35182	-1.59646	-1.76778	
1.62873	-0.477468	-0.552101	1.07902	-0.360245	0.47472	0.538293	0.0706003	0.258144	2.21327	-0.038054	-0.810447	-0.442869	0.0812702	-0.0325337	1.31159	-0.046678	-1.56333	-0.104434	-0.533135	
-1.22812	-1.96354	0.952563	0.125294	1.16705	1.19818	-1.16698	-1.27284	-0.247747	1.61581	-0.707067	1.20089	-0.056534	0.00923427	-0.37078	-0.107361	-0.32755	0.376841	0.80229	-0.258609	
0.689649	-0.0524275	-1.06516	2.97302	-0.764554	0.490037	2.26584	0.482	-1.38772	-0.882014	0.568977	0.434908	2.45416	0.602763	0.360361	0.059774	-1.42888	0.194047	-0.126933	-0.503717	
-0.825475	0.482586	0.929129	-0.659809	-0.653145	-0.548613	-0.205835	-1.29503	1.06979	-0.587446	0.469003	0.876874	-0.378031	-0.686782	-1.52121	1.3075	-0.284232	0.579485	1.46608	0.332376	
-0.528415	1.6043	-2.09153	0.33727	1.51027	-0.213861	-0.194472	-0.104982	-1.11448	1.24692	0.527769	0.938663	0.252644	-0.0160923	1.41638	-0.535738	0.653543	1.92776	1.16021	-1.70505	
0.112618	0.556484	-0.0973776	-0.27012	-0.280244	-1.1768	-0.266675	0.0754288	-0.906697	0.902809	0.15762	-0.682225	-1.65455	-0.823601	0.387123	0.906318	-0.454361	-0.0239945	1.62693	0.670278	
-0.595635	-0.192556	-0.074841	0.682112	-0.838205	-0.728741	0.207227	1.15749	1.90471	-0.323153	1.30599	-1.45986	0.0289465	-0.418411	-0.1128	1.03849	0.203739	-2.23958	-1.0006	-0.965322	
-0.103286	0.0157172	-2.15999	1.14407	-1.41504	0.3584	0.0150925	-1.40526	-0.171935	1.90768	0.752928	-0.49257	-0.348709	0.524923	0.795182	-0.0650601	-0.399243	0.989205	0.408056	0.839207	
0.966297	1.87258	-0.827184	-0.682461	0.155972	1.01877	0.0979231	-0.823384	-0.649898	1.77259	1.75921	-1.20645	0.937843	-0.887468	0.693301	-0.55682	0.829358	1.42389	-0.218865	-0.269845	
-0.756378	-0.223475	0.287914	-0.231733	0.151644	-1.55744	-1.23512	0.245614	-1.68279	0.86444	-2.07717	1.55607	0.219733	0.743575	-0.373055	0.549661	1.69006	-0.158194	0.880444	-0.23306	
0.15224	-0.291936	0.566152	-0.14175	-0.224682	0.311557	0.040723	-1.63353	0.46444	-1.21863	1.64128	0.97921	-0.139368	0.918507	2.49487	-1.23407	2.02881	-1.3687	-0.372293	-1.28587	
-0.526843	-0.0306219	-0.216697	1.00205	0.478198	1.95065	-0.543813	-0.872292	-0.218557	-0.938198	-0.00345072	1.41905	1.09147	-1.4241	-0.483958	0.589694	-0.738239	0.699167	-0.264949	-1.68453	
0.56158	1.19331	-0.83927	-0.173575	-0.422853	1.72114	-0.849438	-0.0355162	-0.111134	-0.530027	0.519843	-1.24945	0.887775	0.0400405	-1.83709	-0.750463	0.101405	-2.08789	1.35698	2.12816	
13.0954	-2.25907	-16.1783	1.30043	-6.2445	1.79972	-2.29908	-0.327787	11.3688	4.8116	0.378049	6.88299	-5.71721	-1.33414	6.01292	14.3832	-8.22793	5.19849	-1.38365	-2.86965	
-0.0036019	2.81754	0.113635	-0.456352	-0.115974	0.159237	-0.638471	-0.684419	-0.0157321	0.57051	-0.461671	-0.447103	2.10562	-0.973802	0.714091	1.13463	0.269102	0.000359485	-0.0701107	1.13095	
1.1746	1.02382	2.61988	0.318688	-0.0128886	1.72893	-0.681836	-0.681238	-1.68951	2.22677	1.37018	0.304639	0.730034	0.733747	1.46245	0.73521	1.15683	-0.138802	-0.302051	1.98952	
5.08369	1.22875	-6.89096	0.944023	-0.366438	0.222196	-0.27836	0.112726	3.35036	2.19468	-1.77616	1.57498	-0.0825748	-0.423999	0.204407	5.44899	-3.34105	1.54843	-1.36552	-0.947335	
-0.158897	-0.0524383	1.96466	0.164616	-0.707739	1.98047	0.709734	0.638488	0.87287	0.381517	-0.0640817	-0.18475	1.44435	0.878432	-0.0770229	-0.0217081	-0.135367	-0.161396	1.04352	0.266825	
-0.476357	-0.365015	-0.827151	-0.338983	-2.13301	0.101454	-1.84934	-0.248154	0.093485	-2.79721	0.0827918	-1.86668	-0.120391	1.28702	0.822234	0.273654	-0.894782	-1.05731	1.02072	-0.939104	
0.265645	1.23079	-0.0741313	0.990026	-0.0449461	-0.39492	-1.58002	-0.913612	-0.162123	-1.60926	1.14955	0.147796	-0.0203898	-0.113822	-0.388521	1.01289	-0.505973	-1.07453	0.29922	1.15055	
-0.033622	-0.367565	1.87285	-0.650843	-1.24996	1.04951	-1.10087	0.04207	1.77943	0.348187	-1.94289	0.134308	1.22161	-0.0337534	1.19078	-0.096086	-0.354982	-0.375845	0.386301	0.473546	
-0.217282	1.27	-0.469456	0.0268571	0.0618523	2.493	-0.372738	-0.40348	0.268186	-0.925803	1.05773	1.8451	0.725303	0.844545	-0.909997	-0.396674	-0.930115	0.867199	0.404411	1.3949	
-0.0732875	-0.0140496	-1.06593	0.630434	0.860329	-1.5338	0.149817	0.70887	0.027546	-0.988484	0.294552	0.60557	0.23365	0.365477	-0.576699	-1.20546	0.849593	0.573184	-0.329941	-1.23501	
-0.230009	0.1223	1.96192	-0.835489	-1.92154	0.603358	0.535947	-1.12947	0.638353	-1.08041	-0.0934254	-1.01587	-0.734893	-0.447461	-0.453707	-0.365388	-2.41422	0.520937	0.914508	0.933903	
-1.46026	1.35893	-0.457646	1.10312	2.18444	0.0595495	-1.95804	-0.598404	0.564375	2.34705	-1.00386	2.39608	-0.0299328	-1.28383	1.51493	-0.066727	0.487674	1.37624	-1.6979	0.791979	
0.82783	1.47366	-1.04734	1.43862	-0.249291	-1.05131	0.790411	2.90069	0.792825	0.167348	0.240154	-1.43394	-0.959988	-0.126766	-0.401874	0.15022	-1.1933	-0.65114	-1.53198	-1.14252	
0.541036	-0.359375	0.531302	-2.13251	1.1309	0.0181344	-0.9067	-0.533027	0.897044	-1.18558	-0.746887	0.28256	-1.70742	-0.398333	-1.50752	-0.267381	-1.44415	0.333233	1.12862	0.527823	
-0.199936	-0.253692	0.133749	0.569433	0.257768	1.35839	1.05683	-0.76375	-0.745955	0.583759	-0.272874	-0.897113	-1.34311	-0.0632462	-0.467018	-0.17184	-0.47533	0.955132	-0.689147	1.44104	
-0.0120207	0.643752	0.048631	-2.8286	-0.837881	0.00541579	0.511234	0.785538	0.239122	0.267654	8.20185e-05	1.21495	0.359839	0.0982508	-0.441892	-0.543039	2.6305	-0.722412	-0.670431	-0.333785	
-0.0369235	0.182584	-0.558154	1.58433	-0.11346	0.60899	0.437033	-0.738943	0.173903	-1.21394	1.35377	1.91388	-1.9534	0.545016	0.837168	0.744584	1.67486	0.301413	-0.245536	-0.668284	
1.46788	1.514	-0.908876	-0.520499	-0.0820558	1.24819	-1.33277	-0.248726	-0.462244	1.48426	-0.446632	0.37305	0.0848104	1.06698	0.804768	-0.301829	-1.59717	-0.802208	1.30739	0.919133	
-1.81317	1.64242	2.98876	-0.765195	0.890702	-0.737486	-0.286667	0.561913	-2.84723	0.109473	1.94958	0.142201	2.22694	-0.922958	-1.07384	-3.02956	-0.125218	-0.29816	-0.839949	0.0223837	
3.03749	0.257651	-1.91234	-0.659459	-1.95678	1.92941	-1.45394	-1.37249	3.22144	-0.0475565	-0.562533	1.46947	-0.687499	1.19048	2.75953	4.59378	-1.06101	5.03284	0.111864	-0.797976	
-0.553137	-1.49967	-0.0953698	0.28642	-1.33798	0.277511	-0.812326	0.218803	0.327481	0.0234322	0.541404	0.0088667	-0.76015	0.572912	-0.619285	0.32951	-1.05345	-1.40165	-0.0770477	1.56047	
-0.308977	1.43366	0.00566875	-0.409643	-0.0714138	-1.11689	-0.242739	-0.674971	0.816542	1.44728	-0.954013	0.559981	-0.40685	0.0634329	-0.733399	0.61195	-0.815876	0.24728	-0.0979503	0.943172	
1.75649	1.18923	0.0530579	-0.209545	0.958851	0.766701	-2.30151	0.18336	0.106382	1.60564	0.25962	-0.31606	1.13332	0.284547	1.36444	-1.05775	0.699033	0.833722	-0.800033	1.57891	
-0.138146	1.05585	-0.265491	0.379119	-0.466712	-1.33505	-0.389058	0.160993	1.94695	0.270278	-0.590077	0.010078	-0.850389	0.0974129	0.293298	-1.75697	-1.32147	0.960297	-0.79092	-2.01709	
-0.423244	-0.841876	1.46253	0.628129	-1.5867	-0.117519	1.21383	1.53318	-0.372878	-0.479123	-0.0540401	-1.17399	1.01097	-0.804058	-0.798244	-1.02735	0.7174	1.09046	0.573406	0.312117	
0.294344	0.361271	-0.293214	1.05501	0.10762	-0.975132	-0.950962	0.618774	-0.661383	0.33057	-0.737284	-0.372489	-0.626592	0.0190992	-0.575819	-0.435469	1.4438	-0.966644	-0.816724	-0.502249	
-0.258763	0.502351	1.41647	-0.294085	0.0725795	2.3228	0.188274	0.0123574	1.53654	0.980668	-0.825059	-0.290157	0.678797	-0.234248	-0.649788	1.29562	-0.687835	0.839745	1.26558	0.78861	
1.00174	0.904535	-0.93927	3.04151	0.212768	0.363151	-0.377046	-1.39686	0.146049	0.924848	-0.879105	0.702907	0.817499	-0.265645	0.378989	0.0862257	-1.46684	0.885995	0.448373	0.79669	
-2.11564	0.546463	4.68422	0.117066	-0.091117	0.363987	1.01688	-0.304981	-2.97089	-1.5232	0.352941	-1.5433	1.49947	0.278075	-1.05363	-2.41826	0.852497	-1.71103	1.6177	0.55845	
-0.404251	0.231936	-0.35725	-1.21701	0.238014	-0.279388	-1.01196	-0.559149	1.19301	0.975965	0.868738	-0.969643	-0.416632	0.39957	-2.25251	0.281009	-1.2086	1.1903	0.578329	0.176954	
1.97602	1.73977	0.0377644	-0.888524	-0.847753	0.381665	1.29964	-0.543687	1.89381	0.460241	-0.0123093	-2.28411	0.163626	0.0585556	0.179737	-0.46432	-0.237855	-0.175731	1.04385	-0.000237162	
0.106463	-0.0127436	1.248	0.210762	-0.664499	-0.78187	2.55818	0.0377567	0.155881	-1.02898	0.0665393	1.34289	-0.181619	0.651868	1.33263	0.689421	-0.24915	0.316632	0.319244	-1.61982	
9.03284	-1.09135	-12.2603	0.518295	-3.59905	0.992527	-1.46275	-0.0977914	6.47388	2.30376	1.41075	4.68911	-2.99958	-0.0930385	3.43778	9.46527	-2.41927	5.46552	1.48855	-0.0695253	
7.55374	-0.859122	-9.74145	-0.507139	-1.50979	-0.0175495	-0.678659	-1.13567	6.11996	2.5254	-0.383321	2.35659	-3.09799	0.397099	5.74749	7.52193	-3.33665	4.80912	1.18984	-1.66494	
-0.461637	-0.0712974	-0.363354	-0.78019	-0.422584	0.381803	-0.026017	-0.580228	-0.806211	0.548968	-0.997014	1.25341	1.09955	1.14511	-0.839319	1.20519	1.12499	-2.16754	-0.835921	-1.51185	
0.570718	-1.56673	-1.77682	0.474916	1.98108	0.424812	-0.282019	-0.00596876	-2.55231	-1.37789	0.561831	0.0461009	1.1962	1.06375	-0.542559	-0.972212	0.401917	0.822425	-1.57438	0.340622	
0.211962	-0.837756	-0.223006	-0.350915	1.14516	0.165537	1.54929	-0.856238	1.43801	-0.972368	1.4534	0.759351	0.763979	-2.1743	-0.580863	0.935526	0.154441	0.304836	0.558145	0.186397	
-0.0713572	0.230062	0.211266	-0.558178	0.676683	-0.707571	-0.930682	-0.456282	0.145078	0.119466	0.272333	-0.534891	-0.0727697	-0.319691	1.39476	-1.24781	-1.73353	0.0480803	-0.955328	-0.299368	
0.496327	0.801279	0.823938	2.40034	-0.803772	-1.25335	-0.420766	0.714102	1.93247	-0.396413	2.82709	0.0430151	1.4407	1.77187	-0.175368	0.516547	-0.976043	0.439438	-1.0049	0.164443	
-0.847339	-0.528423	-0.11818	-1.3453	0.318017	-1.01838	-0.209445	-1.34392	-1.4249	-0.188238	-1.0704	0.914204	0.334715	0.938027	-1.35587	1.09797	0.387046	-0.944963	1.86385	-1.33379	
0.548771	0.648347	-0.0227712	-1.54805	0.321024	0.360013	-1.05883	1.60305	-1.31811	2.05628	1.41341	-0.0814561	0.695638	-0.86241	-1.13094	-1.32681	0.962624	0.370017	1.36062	-0.394532	
-0.43767	-0.793846	0.31581	1.19948	-0.942199	-0.207789	-0.709241	-0.0777407	-2.07394	0.798322	1.08627	0.0434472	-1.14036	-0.964297	0.603884	-0.700107	-0.215728	-0.895334	0.472449	-0.6184	
0.0699555	-0.170946	-2.09942	-0.638131	-0.293129	-0.745393	0.430171	-0.709255	-1.16603	-1.21459	0.726717	0.841565	0.0317025	1.233	0.312461	0.569184	-0.11151	2.45583	-0.681559	-1.50545	
0.208564	0.335595	-0.826122	-0.796809	1.74751	0.534006	0.0425379	0.45944	-1.27586	-0.636036	0.777397	-0.541935	1.13335	0.1941	1.56138	3.50234	-0.680021	0.914368	-1.68078	-0.650638	
-1.69854	-0.119083	-1.40383	-0.443938	-0.220652	-0.772618	-0.198593	1.42642	0.835105	2.60828	-0.572299	-0.508763	0.290438	-0.764289	0.0569914	0.867597	0.837867	-1.59908	1.81541	0.845205	
2.0924	1.277	2.55117	-0.193472	-0.309539	1.88155	-0.592347	-2.70895	2.02881	1.47102	0.650741	-1.79316	-1.14714	1.06022	2.3876	-0.591693	-1.04462	1.05812	0.458364	-0.684646	
-15.8538	0.664164	21.6586	-3.98221	7.03503	-2.70475	1.82712	3.56892	-14.8459	-3.65187	-2.3306	-6.61736	7.56683	0.00400943	-7.53942	-18.034	9.51881	-10.8911	-1.65074	2.05449	
-0.779322	-2.05046	0.827148	0.598309	-0.309543	0.444924	-1.0905	-0.545676	0.471483	-1.85808	-0.399603	0.701006	-1.33986	-0.980374	-0.590782	-0.878736	0.387807	-0.679426	-0.195159	-0.409473	
-0.187153	0.280016	-0.0865122	1.01327	-0.743576	-0.415229	0.174264	-0.625952	-0.202621	0.861023	0.69199	-0.981871	1.21938	0.288417	0.159301	-1.89215	1.23698	-0.365576	-0.45434	0.552156	
1.75134	-1.55025	-1.78835	1.60928	1.60783	0.869045	1.34069	-0.449556	0.875218	0.939062	0.234172	-0.0426426	-1.08091	0.280297	1.19371	0.752829	-0.567402	-1.10107	-0.0261449	0.492891	
0.484864	-2.63094	-0.316024	1.23073	-0.950609	0.0187464	-0.698734	1.00119	-1.71855	-1.24954	-1.61802	0.0328944	-0.25172	-0.744806	-0.00834733	-1.3926	-0.160929	-1.41626	1.66278	0.656924	
-1.63842	1.99097	1.17852	1.11999	1.16067	1.367	-1.00808	0.922564	0.492618	-0.374757	-1.95628	-0.374739	-1.08306	-0.524147	0.270064	0.231985	0.250075	-0.0694955	-0.845898	-1.08399	
0.588753	1.09175	-1.29216	-0.999367	0.74522	-0.835013	-0.565863	0.35944	-1.76832	0.6495	1.3117	-2.17213	0.676129	1.12819	0.328466	1.32541	-0.486194	0.778066	1.02674	3.28864	
0.718645	-0.77472	0.609637	-0.130356	0.969348	1.532	-0.854535	0.0176755	-0.369938	-0.491348	0.161456	-0.482088	-0.421218	0.223809	1.42867	-0.460749	-1.24223	1.83424	-0.159834	-0.705461	
3.8184	-0.807779	-6.20986	1.33369	-2.37131	0.548713	1.48153	0.771417	5.60826	1.13547	2.08067	2.12169	-1.84985	1.42798	1.27185	5.79939	-2.16919	3.49457	-0.928384	-0.0271291	
-0.642263	-0.723129	-0.314279	-1.06311	-1.39343	-0.22865	-0.725542	1.22253	0.767171	-0.968071	0.527413	-0.509322	0.832545	1.50874	0.302495	-0.822573	0.949921	-0.139762	1.15423	-1.23458	
-1.1477	0.301222	-0.439626	0.972777	0.167997	-1.90988	0.761335	-0.961908	-0.135455	0.446898	0.772945	1.02619	0.597023	-1.43297	0.220061	-0.894823	-0.161412	-0.743718	0.00489482	-0.985179	
0.988004	-1.35327	-1.17511	-0.363918	-0.486166	0.0832581	-1.88272	0.357955	-0.346709	0.393218	0.998039	0.0108575	-0.979501	-0.139755	-0.37829	1.12725	0.395221	-2.72782	-0.00822829	-0.160504	
0.00320812	0.458518	2.10836	-0.313617	1.58987	-0.102111	-1.03097	0.483479	0.351639	1.16185	-0.56476	-0.653117	-0.0398669	-1.23735	-0.664173	-0.470778	1.11421	-0.56115	0.45983	-0.228099	
0.421004	2.1663	0.373833	0.324155	-0.814639	0.319748	1.6885	-0.383285	-0.757883	-2.44324	-0.208662	-1.25952	0.63009	-0.604744	0.9484	1.27851	1.29158	0.567571	1.21415	1.67138	
-0.271167	-0.828293	-0.858626	2.46569	1.91224	1.16958	0.313667	-1.17762	1.24328	0.253722	0.678631	-0.318351	-0.952822	-1.23842	-1.002	-0.908464	0.488626	1.4235	0.434843	-0.210335	
0.816946	0.170687	-1.32349	0.975084	-0.796324	0.147439	0.872302	0.267196	0.671555	-1.36606	-0.965536	0.629102	-0.303555	0.0897187	0.467681	0.844887	-0.753216	1.0963	1.77905	1.22845	
0.352408	-0.58104	-0.671255	1.01691	-1.59696	0.878391	1.86431	1.22178	-1.30275	0.75323	-0.901806	0.603124	-1.48568	-0.442742	0.0268962	-0.320209	-1.86694	0.0414894	0.985498	0.97652	
1.20363	0.611155	-0.517401	-0.324226	0.486469	0.0279665	1.1571	-0.543407	-0.0997266	0.440403	-1.22686	0.0634961	0.370154	0.326642	-1.36028	0.870221	-1.41353	-0.881179	2.20068	0.342717	
-0.418272	0.547321	-0.905542	0.59548	0.391192	-0.197755	-0.454255	-1.81085	0.704482	-0.144888	-1.20553	-1.04633	-0.443616	-0.458914	-0.189764	-0.504165	-1.66683	-2.15204	-0.0344598	1.9006	
-5.79393	-0.387531	7.26338	-2.62162	1.80989	-0.743404	0.261027	-0.725194	-5.89972	-2.43585	-0.645686	-2.09667	3.08126	-0.0244526	-3.34982	-7.65763	4.27047	-4.85979	-0.378677	0.105779	
-1.5034	0.248671	1.16772	0.593808	-0.507623	-0.0854614	1.31831	1.00526	-0.73268	0.348267	-2.06211	0.671706	0.245997	0.396399	-0.279657	-1.64174	1.90452	-0.00352478	-0.576887	-0.133383	
