-0.521212	-0.147989	0.724779	0.588938	0.0779508	-0.830372	0.747805	-0.252199	0.22186	-0.402626	-0.572013	1.35292	-0.642226	-0.491811	-0.0856506	-1.24344	-0.483671	-1.53266	0.619595	-1.47969	
0.0931382	0.699872	-1.0211	2.00925	0.361822	-0.800048	0.362233	-0.405462	0.932682	0.715291	0.0724739	-1.75683	0.607965	-0.396195	1.73105	0.191112	-0.50268	-0.7583	-1.0278	1.20893	
-9.0218	3.95972	2.87191	1.99764	-6.67066	-5.05918	-3.91598	-2.98502	5.16189	-1.42109	1.30392	3.1257	-1.03795	5.51967	-2.63409	-3.89239	9.37039	-7.60229	-1.30681	-3.31105	
0.959038	-0.443718	0.316332	0.030866	0.474607	0.762777	-0.45381	-0.00516669	0.170551	0.391676	-0.587712	3.25824	-0.141453	0.538673	-0.878112	0.173204	-0.970428	0.795344	0.42165	1.82647	
0.64688	-0.332136	-0.4077	-1.13273	1.03352	2.0144	-1.11001	0.737165	0.104187	0.020135	-0.0319957	0.284941	-1.72394	0.40244	0.998806	0.241885	1.52918	0.430813	1.13657	0.766077	
0.171215	-2.001	1.19561	-0.150122	0.353377	-2.3867	-1.58466	-1.22224	-1.0775	0.40082	-0.483382	0.350065	0.541641	-0.737684	0.170779	-0.642791	2.70127	-0.50452	0.217524	-0.101781	
0.327196	0.043793	1.0474	1.33978	0.160048	1.5837	0.0891566	-0.445722	0.414035	-1.0918	1.10174	-0.22611	-0.170267	1.54481	-1.74197	-0.574465	0.0350657	-0.931777	1.23468	0.420375	
0.099163	-0.134278	0.808077	0.48382	0.767664	1.02019	1.4391	0.740937	-0.78045	-0.211185	-0.869239	-0.787959	-0.751717	-0.0138234	0.343064	1.61834	-0.383907	-0.281032	1.12469	1.39322	
-0.666481	1.07283	-0.171842	0.794264	-0.652662	0.821833	-0.814365	0.294464	0.0571928	-0.678574	1.50606	0.630973	-0.427021	1.76726	0.0455954	0.429183	0.120907	0.954865	1.97561	0.432608	
-0.741185	-2.40608	-0.367366	-0.144906	0.308946	0.721825	0.262925	-1.49465	-1.72502	-0.546225	1.46167	1.65952	0.822351	0.474721	1.62976	-1.17757	0.701732	-0.423652	0.824691	0.399833	
-1.96032	1.50314	-0.653851	0.988828	0.628162	1.13791	1.08721	-0.427002	0.203496	0.580891	-1.62036	0.316237	-1.03617	-1.38563	-1.53861	0.129379	-0.0147583	-1.64386	-0.517014	-1.67647	
-0.0427305	1.44097	1.42299	1.66545	0.966767	-0.670975	1.55222	1.80949	-1.49039	0.50851	0.296651	0.132634	-0.0548732	-0.582562	-1.90756	-0.277388	-0.25827	-0.812506	0.79998	-1.2696	
-0.572065	0.812592	0.414235	0.0466857	-0.950383	0.635585	1.15751	-0.0660795	0.238434	0.516032	-0.514595	-0.495549	-0.139311	0.278177	-0.493874	-1.54221	0.47122	0.464218	0.464369	0.416335	
1.43835	1.16144	-1.44255	0.242822	-1.51795	0.0631567	0.477727	0.130218	0.686473	1.55296	-0.109829	1.5883	-1.97639	0.533004	1.09777	-0.645097	0.919028	0.993271	-1.8016	0.938861	
-1.32349	-0.159083	-0.695079	-1.30923	-1.49183	-0.0749806	0.0132492	-0.920912	-0.88424	-0.611051	-1.14209	-0.992359	-0.91211	0.641387	-2.51407	1.1299	-1.35028	-0.347354	1.87886	0.394248	
1.16543	-0.918328	-0.990607	-0.670053	0.447813	1.2799	0.307395	-0.867551	1.68568	-0.00079129	-0.544563	-0.530004	-1.55453	-0.43717	1.4351	-0.938104	-1.14308	-0.7691	0.299301	-0.438231	
-0.112778	-1.9396	-0.0972457	0.388485	-1.02681	-0.0926666	-0.596291	-0.709774	-0.665914	-0.957384	-1.01723	0.267556	0.370162	0.436228	0.860358	0.281976	0.695134	-0.871588	-0.201871	-1.20315	
3.04072	0.884382	-1.63792	-2.0114	1.63816	1.94236	0.866975	1.64294	-0.351612	1.16873	1.2469	-0.528332	1.04594	-0.549531	-0.197208	0.395904	-1.34687	2.60607	0.740504	1.0962	
0.170281	1.1154	0.955867	1.19202	-1.47431	0.609528	1.12179	0.719143	-0.657941	-1.0665	-0.205915	-0.483346	0.776198	-0.533201	1.2169	-0.683468	-0.475046	1.23921	-1.04697	-0.294149	
-2.75364	-0.231453	0.0279464	-1.45958	-0.139211	1.22812	-1.08848	1.59358	0.767423	-1.4749	1.62678	0.261779	0.981952	-0.747701	1.43765	-2.15403	-0.374961	1.28975	0.899809	-0.750119	
-0.549559	0.317666	0.680202	0.717133	-1.72629	0.192	-1.6012	0.163837	0.152431	-0.892588	1.34774	-0.252158	1.00476	0.574411	-0.150261	0.277476	0.034164	-0.129507	-0.350343	1.1952	
1.59874	-1.32831	-1.64442	-0.939652	-0.260284	-1.38351	0.0390253	0.892385	-0.185886	1.65857	-1.43073	-1.0089	-1.09265	0.854928	1.00472	0.824468	-1.32732	-0.701848	-0.600352	-0.483764	
1.3699	-0.935565	1.21421	1.81236	0.178131	0.488319	0.053441	0.351115	0.0829318	-0.910406	1.08762	1.84387	-0.159435	1.33252	-0.812038	2.26799	-0.528787	-1.46125	0.607463	0.447342	
0.254256	-1.31829	1.76351	-0.0190063	0.264719	0.727823	-0.544287	-1.70527	1.54535	1.11094	1.07289	1.04424	0.7315	-0.5265	-1.33124	0.750514	1.94479	2.31035	-0.882727	1.33507	
0.589298	-0.505957	0.276536	0.439796	-1.22909	-1.00627	1.57212	-1.22734	-0.10644	-1.11396	-1.16868	0.0892441	0.211273	-2.08562	-0.0521532	1.27897	0.337352	0.246885	-0.631067	-0.43228	
1.54985	-0.128748	1.19357	-0.0671905	-1.36397	0.333138	0.444245	1.19304	-0.745434	2.52637	-1.70844	0.292458	0.915899	0.379148	1.1264	-0.646527	0.671387	-1.58769	-1.136	-1.65208	
-1.02581	0.862926	1.21441	0.378233	-0.211017	-0.536716	-0.937869	0.132553	-1.66941	0.903718	-0.333429	0.60948	0.437553	-0.247755	1.68161	-1.6452	-1.64199	-0.665396	-1.32018	-0.975113	
-0.071205	0.337513	0.642693	-1.07736	-0.979579	0.783942	-0.944435	1.10889	-1.20393	0.215379	-0.301369	0.659427	-0.339867	0.562239	0.567734	1.68982	-1.10115	0.225615	0.751906	0.25287	
1.69327	1.76986	0.333492	-1.43655	-0.790635	0.197026	0.158692	-1.05264	0.850205	-0.276677	0.825758	0.314412	0.0677646	-0.893735	-0.132124	-0.332308	-0.756212	-0.163998	0.469776	-1.44176	
-1.52764	0.489881	0.266175	-1.02715	-0.946966	0.350629	0.0389113	0.378312	-0.00433035	1.94411	-0.196675	1.77351	0.281945	-0.434837	-0.187297	0.40202	-2.36339	-1.23417	0.335282	1.21783	
-0.941248	1.09199	-1.53602	-0.726786	1.57626	0.473704	0.0694764	1.73123	1.33152	-0.366784	-1.71925	-0.775685	-0.253679	-1.52507	-0.0179092	1.34996	-0.287828	1.28358	-0.0958227	-0.384179	
-0.679192	-1.59883	-0.304028	-1.30076	-2.26546	-1.97586	-0.226777	-1.04425	-0.335236	1.10465	-0.449154	-1.31761	-0.0510884	-0.614717	1.08316	-0.283225	-1.92946	0.389381	-1.24389	0.0464726	
-0.258122	0.400026	-0.304575	-0.642847	0.108117	-0.632736	-0.107506	-0.523912	-0.222044	0.678171	-0.732714	-0.0651974	-0.449225	-1.01597	-0.40708	-0.0555564	0.556807	-0.125397	-0.930543	-1.50088	
2.19049	-0.946354	-1.57885	0.623416	1.60678	0.185687	0.230394	-0.0141163	0.391505	0.0844342	0.227852	-0.544834	0.594997	-1.5275	-0.143143	0.467063	-0.4033	-0.38866	1.61895	0.666926	
-0.278627	0.50056	-0.197431	-0.600908	2.57109	-1.12523	-0.463319	-0.0293087	-1.17803	-0.501922	-0.375934	0.172756	-0.117616	-1.52101	2.62061	-0.094134	-0.472432	-0.809743	-0.640428	0.0879153	
1.00992	1.45005	-0.731681	2.03134	-1.68924	0.757883	0.57686	-0.576936	-1.06801	0.981415	0.519477	1.86991	1.22892	0.938706	1.54086	-1.33606	0.497251	-0.235877	-0.576583	0.512848	
-0.409419	-0.122762	-0.297778	1.66602	-1.31285	-0.566616	-0.549885	0.604405	-0.14273	-1.26193	-1.73731	0.0191791	0.937885	-0.389887	-1.39396	-0.0772329	0.424674	-0.178268	-0.0969159	-0.524888	
1.78868	-0.0273363	-0.990051	0.694696	1.75076	-0.90319	0.350062	0.771735	0.474237	-0.676095	-1.00127	-0.692918	-0.654751	-2.85251	-1.84733	0.822721	0.120761	0.0259377	0.765894	-0.163269	
1.3276	-4.5012	1.14374	-2.79088	4.6197	7.83696	13.2012	1.15519	-0.29726	-2.58431	-10.1982	-3.57299	2.46414	9.11229	-2.27142	-8.68272	0.922039	-3.53494	-10.0733	-4.61862	
-4.90582	2.28198	0.0153375	0.263208	-1.12298	-3.00322	0.3878	-2.7359	2.48394	-0.204636	-0.650062	0.144601	-2.65379	1.6635	-1.27992	-1.61911	4.26734	-1.40016	-0.82503	-1.38509	
0.0825474	2.37312	0.29042	1.16839	0.914131	0.883078	0.0871718	-2.2289	-1.95946	1.08637	-0.00645161	1.2925	-0.0466709	-0.165544	-0.867353	1.00312	-0.813022	-0.92096	-1.01618	-0.455445	
0.555747	-2.42324	-0.679677	1.53678	-0.662995	-0.793544	-1.4632	1.53145	1.42265	-0.495564	-1.20221	-1.49211	-2.16778	0.341996	-0.601513	-0.0792403	1.75494	-0.352359	1.20778	0.137089	
0.861144	0.0773838	0.168841	0.448568	1.56894	0.908079	-0.0983132	-0.731699	-2.10258	0.993312	-0.650432	0.209079	-1.01806	0.840881	1.87143	0.436743	0.939971	1.64426	0.47841	0.60603	
-0.550896	0.0492437	0.830776	-0.912848	-1.93357	0.920428	0.050454	0.905564	0.243399	0.400238	0.624676	0.107682	0.599909	-1.48806	-2.05385	-0.802897	-0.736565	-1.95639	1.36933	0.83475	
-0.380457	-0.0293334	-0.290578	0.694921	-0.651571	2.12607	-0.65934	-0.357738	1.41744	0.00974957	0.0411407	-0.00386805	0.73477	0.718153	1.81272	-0.630718	0.253793	0.553153	-0.614696	-1.38042	
-0.867633	0.696119	1.093	0.738663	-0.398034	-0.788157	-1.04719	0.318924	-1.48291	0.147442	0.640507	0.754615	0.419753	-0.99512	1.44513	0.837585	-0.0736621	-0.932492	0.207055	1.10059	
1.83837	1.31317	1.08384	-1.33405	-0.00728081	1.13207	-0.76499	-0.214933	1.05881	1.10492	0.480903	0.0241218	1.82031	-0.978096	0.578315	0.196488	0.329989	-0.385635	-0.543014	-0.798421	
-0.622815	0.293118	0.0178518	1.11038	0.278955	0.366165	-0.671808	0.378023	-0.454938	-1.72282	0.735457	1.11652	2.77252	-0.961078	0.014865	1.34588	-0.692751	-0.51347	1.07027	1.67925	
0.576676	0.31826	-1.0217	0.330001	1.30865	-1.77131	0.827927	2.1622	-0.632112	-2.01504	0.911119	1.02814	-0.328168	1.26157	-0.136443	0.360143	0.525018	-2.43081	0.261614	0.085573	
-0.516232	-1.79143	0.416808	0.599051	-1.65246	-2.08876	-0.0808854	-0.427611	-0.526651	-0.284695	-0.225629	1.92119	0.5848	-0.48088	-0.998502	-0.43209	0.361211	-0.48405	-0.457381	-1.46695	
-2.07101	1.49863	-1.79355	1.02665	0.181184	1.21716	0.00461375	0.209559	0.233421	-1.28106	-0.453796	-1.43203	-1.53161	-0.470795	-1.16151	-1.30795	0.781543	0.386969	1.01231	-0.965558	
1.25436	0.395829	-1.0372	-0.811857	0.630362	1.87754	0.98245	1.2485	1.33337	0.00765425	0.477045	1.22078	0.493627	0.300473	1.55521	-0.0242269	-1.21107	-0.39904	1.7763	0.340841	
-0.89377	0.0823924	-1.26406	-0.487132	0.376894	-0.053133	0.054668	1.45905	-0.207546	-0.684051	0.305144	0.827803	-0.183173	0.0185431	0.658731	-0.665414	-0.0687051	-0.0470407	0.153638	-0.274712	
-0.616215	2.53707	1.15905	-2.41945	1.21235	0.688059	1.57386	-1.18314	-0.328474	-0.133708	-1.07577	-0.263027	-1.04915	-0.734621	-0.869197	0.273493	0.428145	0.222787	0.774663	1.31852	
2.37252	-3.77536	0.464195	-1.78003	3.7961	5.90852	7.47697	0.519623	0.865319	-0.173032	-4.65495	-3.17142	3.54144	6.15427	-2.70859	-6.9718	0.163677	-1.49652	-8.99714	-4.06593	
0.970008	0.883672	-0.552224	0.921565	-0.683589	-0.684737	-0.283209	-1.21593	-0.770902	0.969534	0.657548	0.1816	0.771298	-0.706732	-0.337975	0.33151	0.497323	-0.319386	1.20659	-2.05506	
0.019742	-0.443935	0.483298	0.965038	0.859611	-1.24073	-4.88351	1.19645	1.2734	1.60496	3.26065	-1.15149	-0.305653	-3.9194	0.727051	2.64317	-0.853343	2.13175	1.39859	0.533938	
0.115484	-0.291011	0.740061	-0.314076	-0.606118	-1.67692	0.69473	2.316	-0.160322	0.257115	1.04683	-1.13666	-0.774048	-0.065384	1.38597	-0.783148	-1.05304	1.90837	-0.366147	0.875924	
-0.233503	0.557582	0.236149	0.161627	1.214	0.646779	1.645	-0.463736	0.76804	0.572038	2.0977	-0.856051	0.172278	-1.58029	-1.63922	-0.266383	-0.803062	0.533192	0.560499	0.0107447	
0.389402	-1.08345	0.195463	0.087299	-0.811371	0.208358	2.55379	0.207556	0.168193	-0.616123	0.218237	-0.706766	0.525898	-0.115713	-0.86448	-0.402609	-1.31867	-0.724107	-0.576745	-1.11925	
-1.56676	1.03825	-0.538579	-3.0314	1.61093	0.81125	0.385553	0.687454	0.234057	-0.0860808	0.0421197	-0.722139	0.822447	-0.187944	2.18235	0.699069	0.133329	1.42956	1.60855	-1.15887	
0.753031	-0.794026	0.833679	0.0405058	1.10207	0.0921737	-1.11433	-0.271652	-0.737671	0.1569	0.864491	-0.611336	-0.867967	-0.900961	0.0381017	-0.169852	-1.64668	1.15353	-0.248452	-0.679238	
0.89524	-0.168528	-0.529003	0.500075	1.36648	1.01388	0.672024	0.68835	0.835899	2.02318	-1.10525	1.133	0.272972	-0.214437	-1.77573	0.199469	1.48573	0.196947	-1.88874	-0.175541	
1.63276	-0.545399	-0.308408	-0.059877	-0.770723	0.296882	0.57066	1.65881	-1.78166	-0.532708	1.62959	0.982506	-1.35503	-2.20866	1.19842	-1.70951	-0.724686	0.660515	1.02467	-0.741635	
-2.33248	1.29643	-2.50882	1.78897	-4.75017	-4.66599	-5.49135	0.127544	-0.087491	1.28774	7.06804	3.16627	-1.93644	-7.61898	2.02375	5.51531	-0.98645	1.11082	8.61239	3.86561	
-0.128376	-0.684244	-1.85715	0.220851	1.82868	0.203324	0.733323	-0.0901177	1.70491	-1.5032	-0.478829	-0.265434	0.252055	0.438459	0.342167	1.47744	0.232895	-2.43922	1.15604	-0.277808	
1.62578	0.812106	-0.900259	0.691742	-0.171522	0.804514	0.161537	0.769471	0.941839	-1.7352	-0.902901	0.19256	-0.852739	1.08799	0.644315	-0.0420663	-0.0225252	0.578901	1.3071	-0.466016	
0.950191	0.0481794	-0.527038	0.189879	-1.20054	1.42406	1.34106	0.412715	0.324091	0.569034	-0.261366	1.4617	-0.537073	1.35886	-0.233481	-1.18202	0.737032	1.73086	0.378084	0.616466	
0.726965	-0.152059	-0.0166907	1.56108	-0.226015	-0.430829	-2.96302	-0.816197	-1.22148	0.0520728	0.445037	-0.0394175	-0.159409	-0.903633	1.52253	0.179553	0.216085	-0.037167	1.21423	-1.01	
0.32465	0.173801	0.407843	-1.4176	-0.903861	0.761134	-0.478728	-1.32584	1.13936	0.81132	1.9818	-1.1359	-0.164959	-0.445327	-1.1441	-0.223515	-0.680028	-0.0815284	0.327465	0.114385	
0.560856	0.416401	0.790313	-0.0417659	1.03155	-2.44696	-0.704351	1.52372	0.0622152	0.671433	0.350905	-1.5785	-1.05271	-1.9102	1.17374	2.42432	-0.143349	1.68746	-0.34502	-0.312264	
-0.00917453	-0.999328	1.74768	0.236288	1.57825	1.42716	-0.205122	-0.228044	1.87094	0.548441	0.419631	0.685211	2.12313	-0.579951	-0.679891	1.76724	0.851158	-0.564908	-0.608742	1.43369	
1.20147	1.3689	0.504036	2.22482	1.71078	0.792949	0.352732	-1.38007	0.891758	-0.289453	1.16805	-0.972665	0.643043	0.0970294	-0.442804	0.228449	0.00898271	-0.570553	0.633939	-0.945265	
0.380746	-1.01094	0.445015	0.0675734	0.376174	0.826441	-0.0739517	-0.686405	1.47595	-0.258937	-0.0506832	1.02717	1.3069	1.99904	-0.63157	-0.31068	0.911539	-0.617942	-1.23511	-0.275869	
1.05035	-0.299828	1.26791	0.238677	-1.1652	-0.111779	0.110518	0.0572096	-0.664654	-0.797569	0.480561	-0.208701	-0.211258	-2.83535	2.55785	-1.8192	1.58371	-0.211031	1.02831	-0.0983678	
-0.233695	0.59687	0.184745	-0.0602746	-0.388347	1.81096	0.983662	0.204083	0.319907	-1.22506	0.215395	-1.03699	0.835629	1.37943	0.55401	-0.0465549	-1.42673	0.595847	-0.372995	0.296565	
-0.0366859	-0.240277	0.292722	-0.00736886	-0.565714	-2.14273	-0.630687	-0.0637871	-0.665085	-0.989258	-1.31023	-1.65205	0.0868157	0.778812	-0.499026	-0.00680491	-2.01263	0.106505	-0.437646	-0.773735	
-0.204306	-1.08166	0.434516	0.266951	-0.278156	0.671805	0.755801	-0.462357	-1.33888	1.54251	0.00271018	-0.318903	-1.98154	-0.781669	0.649726	0.0146101	2.19111	0.494482	0.492467	-1.65645	
-1.00846	0.965036	-0.131073	1.09329	1.43109	1.00848	-0.656405	0.517315	-1.05458	-0.0501426	0.661815	0.783378	2.15392	-0.0832765	-0.721206	0.00107141	0.25675	0.370981	0.084922	0.715238	
-0.445021	-1.02384	0.184164	0.717721	1.01138	0.722645	1.80974	-0.270483	-0.750088	1.06929	-0.217851	-1.18321	-0.683536	-0.547065	-0.15098	0.0342248	-0.485637	-0.581822	0.626071	1.35421	
0.876562	0.300189	0.436224	2.70964	-0.0810641	1.04883	-0.190715	0.389026	-0.284923	1.82843	-0.310029	-0.3338	-1.91321	2.20575	-1.08324	0.72653	-0.0553177	-1.54905	-0.251463	-0.392291	
1.171	0.474933	-0.531596	-1.54635	1.63095	0.97847	0.270342	-0.0419814	0.24731	-0.0920137	-0.947105	-1.51694	-0.0187948	-1.13908	-1.73155	1.37031	-1.60597	-0.316277	-1.41409	0.832824	
0.843635	-0.67268	-0.623214	-0.560918	0.939757	0.00485706	-0.174116	-1.1067	-1.04485	-0.310686	0.683902	-1.70581	-0.86179	-0.0806426	0.287221	1.2956	-1.1828	0.862088	-0.415981	-2.32238	
0.955694	1.13091	0.441246	-2.54859	0.596978	0.492517	0.911459	-0.752071	0.534952	0.461708	0.296242	-0.169895	-0.97281	0.189211	-1.08924	-0.746239	0.0285195	-0.315199	-0.528268	-1.41755	
-0.457576	0.114432	0.701269	0.761693	-0.441562	0.635617	0.200713	1.0585	1.53623	-0.171639	-1.9253	-0.905795	1.30866	-0.133955	0.207438	-0.359407	1.18128	0.875971	-0.310318	-0.0775529	
-0.605588	0.345977	-1.55793	0.550734	0.0756818	-2.13994	-0.761486	-2.48013	1.75803	0.421702	-1.15379	-0.282413	1.77331	-0.547152	1.70037	0.4041	-0.140466	0.60972	-1.41048	0.21954	
1.68582	-2.41131	0.971217	-2.13643	2.32905	6.74712	6.20448	1.56605	2.16534	-1.12604	-7.84229	-3.41956	3.64117	6.62319	-2.24269	-3.84935	0.426699	-2.33872	-8.21374	-2.35461	
-1.59387	-0.293561	1.81497	-0.579264	1.57124	-1.66778	0.0541841	-0.899694	0.368666	-0.708181	0.546804	-1.452	0.446774	-0.129513	1.48066	-0.175695	0.687633	0.366729	-0.86795	1.07281	
-1.54651	1.43647	1.37692	-0.102069	0.369693	1.03283	1.14432	-0.58889	-0.119502	-0.388585	-1.01309	-0.904672	0.077365	1.11146	0.444491	-0.158944	-1.87133	-1.15932	0.74224	-0.0387723	
1.04356	-0.288164	-0.464034	1.24091	-0.848501	0.348929	1.05524	-0.63875	1.02952	1.21606	0.50861	1.26186	0.851001	-0.443411	0.29715	0.173963	0.308035	2.24788	0.113474	0.193484	
-0.668406	-0.245169	-1.61143	1.09258	-0.29272	0.748165	-0.0896659	-0.149797	-1.16289	-1.48585	0.164318	0.261329	0.736238	0.933969	-1.00557	-1.40495	1.26501	0.202305	-0.258631	1.63366	
0.242213	-0.679375	1.11746	0.117228	-1.70716	-0.363779	0.505982	0.476517	0.547154	0.757729	-0.407333	-0.00249453	0.727963	-1.8125	1.96749	1.70385	-0.363082	2.29229	1.78994	-0.49722	
-7.04909	3.06166	1.42145	1.10935	-4.3843	-2.19645	-0.747823	-2.09525	4.20114	0.886196	1.25813	1.9057	-0.213713	4.6735	-1.10951	-3.00039	4.89327	-4.87771	0.776237	-3.09747	
-1.84522	5.59071	-2.14387	3.6863	-4.57697	-8.94048	-11.0607	-1.60053	-0.373485	2.28807	11.3213	3.64012	-0.132592	-10.4009	2.83858	9.0763	-1.8415	3.84037	12.7491	6.47445	
-0.98657	0.133275	-1.80813	-0.188312	1.98803	-1.89065	-0.333698	1.86228	0.457658	0.761689	-0.683902	-0.521581	-0.792262	-0.355565	0.377949	-0.544376	1.43978	0.115739	0.827455	-0.496505	
0.238633	-0.770526	-0.211583	-0.375395	-1.97253	0.945761	0.664455	-1.07706	0.255367	-0.12776	-0.739841	2.26465	2.45122	0.107411	-0.367596	-0.421951	-1.15717	-0.608492	-0.368917	-1.57077	
-2.10354	-0.352336	-0.209367	-0.773318	-0.668125	-1.38341	-2.52054	0.445844	0.375432	0.721397	1.11988	1.18746	0.617224	-0.624385	-0.146818	-0.586791	0.572153	0.190846	-0.511363	-0.332867	
-0.294067	1.53681	0.323473	-1.14975	0.983453	-1.08954	-1.1071	-0.190951	-0.536518	-0.0379164	-1.20725	-2.22734	0.468119	0.342101	-1.07339	-0.385717	0.871328	-1.57802	-0.111629	-1.09139	
-0.442085	-1.91715	0.193796	0.177681	-0.1923	0.894494	1.33385	0.157483	-0.363925	-1.37983	0.965083	-2.40324	-1.16147	-1.15791	-0.616945	1.61093	-1.38259	-1.06439	0.782602	1.20156	
-0.162892	1.35917	0.433305	-0.0347726	-0.500671	-1.68045	0.600964	-0.921618	0.235405	0.982714	-0.539526	1.76476	0.654643	-2.76339	2.20702	0.216242	-0.250284	-0.940727	-0.981112	-1.24605	
-0.317011	-0.0309364	-0.117892	-0.301563	1.94576	-1.89435	1.24901	0.603364	-0.350227	-0.550386	0.879645	-0.823699	-0.0877723	0.518869	2.70729	0.249566	-0.678346	0.662702	-0.408625	-0.440048	
-0.239357	1.63204	-1.75399	0.949807	-0.731048	-0.406745	-0.00614059	-0.2262	1.88278	-0.362084	-0.147331	-1.54611	0.036607	-0.777264	-0.787952	-0.531933	-1.19988	-1.83639	-1.46172	-0.124583	
-2.30455	-6.07448	4.84322	6.74285	17.7673	-2.71813	11.6999	-3.08601	-6.17965	-5.60612	-2.56442	-3.86359	-2.94474	-0.0398459	0.101724	-1.3302	-1.14344	3.08447	-3.09993	-6.11392	
-1.33188	5.24208	0.0641186	-0.0889613	-3.42573	7.51076	-8.40565	-1.5296	2.90765	-6.10642	5.73279	1.92734	-11.3329	3.26016	5.27812	7.34111	10.6121	-8.90464	-2.15831	-2.89723	
1.5364	1.71118	-0.853799	0.789252	-0.345215	0.623788	0.463876	1.0762	0.283938	0.27467	1.54528	2.12189	0.175884	-1.70355	1.15628	-0.673941	0.51859	-0.0670049	1.79627	0.251581	
-1.58792	-2.07167	0.580397	0.633285	3.44316	-1.97894	1.91606	-0.266943	1.02741	1.95684	-3.12973	-0.637293	5.50633	0.750398	0.828401	-1.50997	-2.08092	2.72004	1.24688	0.779196	
-1.58046	6.87071	0.558884	2.55583	-4.74301	7.02042	-8.33283	0.531143	3.44243	-5.26732	7.90417	1.90986	-12.1639	0.381753	4.50934	6.31353	10.7611	-11.2467	-3.58312	-2.31556	
-4.42076	-8.20565	7.22988	7.82282	16.6574	-0.00792063	12.719	-4.31089	-7.53381	-3.50396	0.192239	-3.28815	-3.24312	-0.112903	0.756655	1.04931	1.05166	1.93485	-5.30434	-7.74464	
0.43195	-1.52195	-0.818896	-0.0976073	1.71091	1.08961	-0.345705	1.21342	1.91641	-1.28439	-1.50023	-0.656261	1.62508	0.347534	0.566874	0.542749	1.43831	1.22263	-1.11282	-1.37817	
-0.176057	-1.69693	4.32144	3.93063	6.77707	-2.11411	4.99612	-2.35077	-5.12187	-2.58868	-1.5411	-2.25758	-1.8659	-0.0500103	-0.53139	1.12755	0.81194	1.96458	-1.76302	-2.56199	
1.02564	0.61991	0.0998579	0.736881	1.31597	-0.199576	1.22119	0.704872	-0.747632	0.248384	1.33774	-0.59506	1.0534	0.453956	1.32176	0.762861	1.14132	0.00174983	0.626899	1.54705	
5.7308	-1.50423	-3.68825	-0.639998	-4.14322	-3.95886	2.26835	2.46911	-8.14992	5.1225	5.23904	-7.35673	4.453	6.42279	-1.74806	1.00431	6.93528	-1.25443	-0.522585	2.46842	
0.441538	0.389627	-0.459631	-0.743684	1.08831	-1.31589	-1.18201	0.00652143	-0.241711	-2.48121	1.13465	-0.508189	-0.475468	-0.89128	-1.23431	-0.656169	-0.331149	1.88011	-0.0210758	-0.164486	
-0.779607	-1.78978	0.0878775	-2.2493	-1.70006	-0.277323	-0.42897	-0.677804	0.509885	0.0343685	-0.78333	0.824319	1.60995	-2.26782	0.0307011	-0.0754053	1.58896	0.0323288	0.33039	1.17323	
0.0711407	-6.10844	4.53792	5.74518	12.141	-0.96031	10.9358	-2.50992	-5.33359	-5.03952	-0.142418	-3.09131	-3.47596	1.23203	0.073074	-0.561666	0.00278141	1.25807	-3.03659	-5.65466	
1.13817	-1.52807	0.355032	-1.75279	-1.6833	0.570687	-0.323768	-0.206269	0.366392	0.713918	0.082423	-1.9406	0.587207	0.874685	-1.25446	-1.50079	2.58052	-0.147007	-1.9037	0.201765	
0.697113	0.00107224	0.479091	0.869665	-0.501368	1.66927	-0.75845	0.129956	-0.844251	1.32163	-0.591972	-0.32272	-0.296867	0.986197	0.448769	0.604248	-0.667682	-0.252016	-1.5835	2.04275	
1.73601	0.735532	-0.682697	2.04871	0.183314	-0.0487023	0.37457	-1.23258	-1.59918	-0.242968	0.0272274	0.503095	-0.471954	0.0537729	-0.0653066	1.63625	-1.00955	1.23654	0.444986	0.768573	
-0.725599	2.31156	-1.00355	1.92384	-1.64698	1.49312	-2.45323	1.0939	-0.505153	-2.39765	2.07188	-0.322902	-3.70386	0.780227	1.47333	1.88624	3.91296	-3.70221	-2.16587	-0.0203034	
-1.15986	0.282481	1.00412	0.175405	0.846286	1.55693	-0.354503	0.620791	0.251918	1.08588	-0.651798	-0.130935	0.10615	-1.43176	-1.76507	-0.0772113	0.324931	0.326872	-2.26854	-1.24272	
-0.108862	1.23055	0.370837	-0.247493	-1.82832	-0.845464	-2.00586	0.507018	2.02429	0.799344	-0.0110885	0.285102	1.70201	1.40476	0.0460699	-1.5977	-0.97388	-1.61929	0.78113	-0.15634	
1.13446	-0.432398	-0.674764	-0.580829	0.595873	-1.1856	1.98277	-0.476365	1.39747	0.583033	-1.35439	-0.521989	2.03797	1.92225	-0.294904	-1.80614	-1.06945	1.28156	0.608743	1.81696	
0.74575	-1.48685	-0.614077	-1.40442	0.833611	-0.99303	-0.789992	2.23858	-0.760984	-0.573068	1.27538	-0.114914	2.13994	-1.31965	-0.870795	-1.11388	-2.45162	0.501055	0.478282	-0.600335	
-0.475541	-0.580249	-0.831834	1.46088	0.335647	-0.782363	-1.31859	0.0166841	0.0496339	-0.528652	-0.554011	-0.143053	0.732927	1.794	0.566367	-0.42898	0.523313	1.79172	0.065227	0.558784	
-1.58258	-0.254485	-0.620191	0.349692	0.834383	2.7634	-0.989581	-0.918501	-0.209726	-0.449746	-0.0391219	-0.366534	-1.16042	0.423949	1.96347	-1.63251	0.417876	-0.709858	0.962602	0.084776	
-0.179546	0.191173	-0.153097	0.329106	1.46577	-0.845243	0.313111	1.27393	-0.500898	1.80747	-0.59186	0.683044	0.207064	0.0374722	0.10711	0.0811394	-0.63482	-1.35571	1.04416	0.844455	
-1.18731	0.357975	-1.7541	-1.21043	0.621167	-0.795973	0.312071	-1.39361	0.162354	-0.422228	-1.48116	0.740215	-0.172376	0.775819	0.346997	0.323665	1.49333	0.406693	0.490759	-0.161464	
1.14371	0.0716429	-1.69281	0.0291229	0.606814	-0.144937	1.88335	1.04193	0.278144	-1.26454	-0.241191	-1.65268	-1.51123	-0.404985	-0.150017	0.0336275	0.667248	-0.132268	-0.509151	-0.142074	
-1.36584	-0.629242	-0.0400697	-0.772695	0.0301758	0.324006	-0.635111	0.271215	0.821414	-0.645134	-0.550828	-1.46216	0.537559	-1.0862	-0.294241	0.996697	-0.849831	-0.426177	2.51373	-1.4222	
0.395795	-1.37129	0.310188	-1.37006	-0.356071	-1.77501	-0.639787	0.114711	0.00219068	-0.526416	-1.41245	-1.58199	-0.95066	-0.279481	-1.2594	0.0698798	-0.0483002	1.22408	0.879493	0.278119	
-4.41193	2.44447	1.52614	-0.654859	-2.1084	-1.77909	0.0646704	-1.77196	0.796652	-0.97497	1.10726	1.72633	0.729849	2.16258	-0.922443	-1.1476	3.63823	-2.78965	-1.38	-1.83601	
1.48691	5.70498	-3.37208	-2.03801	-9.62078	2.40965	-8.47511	-0.00678828	4.52875	4.3767	-0.331135	2.68644	0.66876	-0.763067	-0.727558	-0.116943	-0.396157	0.0645003	5.10777	3.021	
0.549386	0.508817	1.01653	-0.509535	-0.489195	0.0643562	1.66827	-0.103676	-0.46465	-0.596769	1.17967	0.202247	-1.42379	-0.251372	-0.642197	0.163188	-0.246714	0.144472	0.103223	-0.826235	
2.08947	-1.07792	1.58588	0.101911	-0.179676	-0.62194	-0.486942	0.052451	-0.900852	0.261753	-0.0128866	0.134334	1.64861	1.23157	-1.37649	0.429444	-0.0326837	0.563167	0.615428	0.132541	
0.0524775	6.62671	1.13645	1.92532	-3.3515	5.10699	-6.37638	-0.161289	-0.10823	-3.7584	3.9581	1.28177	-10.8606	1.54583	4.40831	5.45678	8.28291	-8.23157	-2.54492	-0.710883	
0.782297	0.846565	-0.162669	-0.107708	0.184315	-0.476688	1.52843	-0.513203	-1.33382	-0.559683	1.30024	1.33641	-0.613649	-0.0405852	-1.02314	0.109716	1.15676	0.0875554	1.7906	-1.44088	
-0.321302	0.959104	-1.37351	-1.40169	0.609314	-0.198417	-0.725124	-0.412468	0.718599	-0.305162	0.881825	1.66506	-0.491787	1.63948	-0.0889098	-0.786016	-0.43806	-1.17569	-0.708205	-0.813643	
2.50304	8.25563	-6.13609	-5.72791	-12.8953	2.48754	-7.82547	2.86242	6.23809	5.43128	-0.0527949	2.27747	3.00766	2.12681	-0.13439	0.539897	0.250108	-1.89317	5.47749	3.33559	
0.120306	-1.46835	-0.802822	-0.128567	1.62126	-1.07747	-0.772362	-0.185744	-0.834644	-0.0892921	0.864013	-0.607554	-0.292749	1.00654	1.06279	-1.62205	0.0361571	-0.0337295	-1.40939	0.36994	
0.673464	0.19865	0.459261	0.35676	0.450503	0.986325	1.90946	-1.3794	1.21958	0.953033	0.00657712	1.95369	-0.522198	0.920884	0.906251	0.816217	-0.578345	-1.45733	0.651411	-1.61065	
0.731205	-0.260173	2.30465	0.233298	0.594812	0.719592	-0.511118	-1.627	-0.0311421	-0.0224956	-0.560662	-1.33228	0.788332	-0.0347272	1.45969	-1.02333	-0.139125	0.050868	2.61851	0.251141	
-16.7779	8.45014	1.59333	2.45652	-8.92386	-5.5474	-5.61747	-6.30994	7.04135	-1.29688	3.29544	3.41817	-1.87322	6.97419	-6.16265	-7.73412	10.7489	-12.2002	0.410445	-7.62737	
0.597592	-1.7887	-0.15437	1.57082	3.37257	-1.53813	4.1032	-1.35563	-2.27125	-0.34056	0.336849	-3.27543	-0.459824	-0.431213	0.992401	-0.526003	0.798443	1.184	-1.70335	-1.61023	
0.331769	0.671726	0.864755	-1.1122	-1.31585	0.297422	-0.176768	1.14029	-0.0751642	-0.291678	-0.268022	-1.28225	0.885245	-0.101173	0.248455	0.0834724	-0.229517	-1.76861	0.241961	0.775851	
-0.707621	2.01943	-0.817362	0.419716	0.739165	0.952258	-0.112282	0.10853	-0.238165	0.436307	-0.517776	-1.25828	-0.325034	-1.56505	0.123274	0.832721	-0.95406	0.00645893	0.924934	0.147476	
1.34152	-0.978799	0.261854	0.183129	0.0580385	-0.111601	-1.36566	-0.276466	-1.11773	0.236202	-0.989041	0.400015	-1.0776	-0.42009	-0.0305622	0.142672	0.439151	0.436298	-0.506158	-0.206954	
0.318364	-0.405014	1.44411	0.553695	0.30964	0.156158	-0.227388	-1.55903	-0.0852081	0.155667	-0.40702	0.5169	-0.422677	-0.349766	-0.888163	-0.704238	0.374611	-0.13704	1.42338	3.02641	
0.705714	-0.752579	1.09459	0.964427	-0.508008	-0.629236	-0.777775	0.23381	0.475455	-0.103899	0.700192	0.212314	-0.299774	-1.35769	-0.600601	-0.589251	1.4624	-0.390108	-0.449229	-0.356406	
0.276205	-1.02275	1.78218	-0.388858	-0.488576	-0.616115	-0.599483	-0.561613	0.509686	0.34789	-1.31634	0.244726	0.0207043	-1.5844	-0.967717	0.0475182	-0.583851	-0.0693958	-0.616682	-0.578055	
1.45549	5.13655	-2.56283	-2.25505	-6.00283	-0.52282	-6.73033	1.07401	4.62081	2.28026	1.47776	2.08144	2.45519	-0.319075	1.24349	0.887995	-1.63879	-1.26758	1.82893	3.67522	
1.3335	-0.278353	-1.66075	0.593942	-1.01947	-2.83447	-0.253422	-3.20766	-0.185277	0.574095	-1.03181	-2.78692	0.778511	0.0452379	0.58135	0.970903	1.50348	-0.632012	1.79702	1.76666	
0.521087	-0.524387	-1.44039	1.76724	-0.0767794	-1.1411	-1.39377	-0.758452	0.430947	0.719872	-2.706	-0.393304	-1.19506	0.869118	0.0254513	1.52039	-0.0226338	-0.593214	-0.342652	-1.34906	
-1.81057	-0.908146	0.816402	0.836526	0.974076	0.152685	0.647491	-1.06255	0.788538	0.634485	-0.00675025	-2.08835	-1.28383	-1.48518	1.5314	-0.957407	-0.523413	-0.89852	1.92735	0.1661	
-4.44787	1.05203	4.51385	-0.0956545	3.0807	0.891007	-2.90989	-2.29943	4.35011	-3.74476	-4.58525	1.96933	-3.28541	-6.55545	0.975818	-0.908475	-3.75287	-0.673938	-1.82019	-0.188959	
0.230122	6.07684	0.719026	-0.909633	-5.50334	7.17768	-9.76951	1.62512	4.2622	-1.03314	4.85389	0.463718	-8.06542	2.01607	4.83876	6.45372	6.29796	-8.42788	-2.45409	-0.339873	
-2.40929	0.13395	-0.710587	1.30904	-0.94946	1.47663	-0.646275	-0.518802	0.725769	1.00202	0.436648	-0.553971	-0.917065	1.1792	1.97948	2.47226	0.836986	1.41023	-0.473397	1.38841	
-0.350156	1.53465	-1.26276	-0.0698005	-1.31831	-0.279346	-0.153172	-1.16792	-1.1117	-0.83493	-0.18644	-0.869026	-1.72772	1.04351	1.42908	-0.0401277	-0.393031	-1.74604	0.371788	-1.27706	
0.770195	0.962756	-0.746938	0.95861	0.272375	0.0154212	0.542816	-0.17289	1.31044	0.512105	1.15266	-0.586981	-0.0740601	-0.782726	-0.466961	0.970522	1.07307	0.411232	0.568081	-0.0259229	
-1.22804	-0.00263881	1.84389	-0.419858	0.00448088	-0.0550877	-0.207473	0.724838	0.539395	1.8701	0.0368047	-0.951636	0.734964	-1.01431	0.823379	-1.45283	0.130377	0.242943	-0.530351	-2.82332	
-9.49807	3.48018	1.97741	-0.549356	-5.70878	-4.69858	-2.77974	-0.982025	5.31924	0.76333	0.355878	2.58559	-1.87467	3.8632	-3.33721	-4.1836	7.45466	-8.49756	0.264487	-3.3496	
-1.51905	1.14627	-0.121436	0.0757075	-0.582533	-0.962809	-0.0647674	-0.620803	-1.27969	0.461217	-0.49591	-0.201479	0.565531	-1.21888	-1.53331	0.847034	-0.704726	-1.42092	-2.37914	-0.465289	
-0.141569	0.470389	0.0457896	0.535377	2.15103	3.45021	0.455703	0.0426315	-0.772444	0.184028	1.06849	-0.449418	0.0776875	-1.51413	2.01615	1.87499	1.965	0.196853	1.34587	-1.76344	
1.16669	2.60435	0.891074	-0.825343	0.288038	-0.718915	-0.782935	-0.501829	0.0522864	0.949756	-1.58236	-1.38854	-0.774599	-0.664614	0.697707	-3.18775	-0.559917	-1.60709	-0.203973	-3.6219	
1.91879	-3.02521	0.939083	2.68898	3.94766	-0.674683	0.791396	-1.01593	-0.959661	-0.525409	-1.11847	-1.78748	0.332084	-1.13817	-0.732243	-0.451417	-0.504036	-0.248008	-1.25124	-1.29608	
-0.0973475	0.658554	-0.189709	-0.624053	-1.04003	-0.11248	0.305261	-0.159265	-0.650862	-0.268898	-1.74593	-0.27687	0.871025	1.05391	0.276015	-0.156591	-0.920865	-1.27474	0.771229	0.716838	
25.0122	-21.5915	-3.66586	-3.50365	17.3765	1.59394	15.4395	7.63922	-12.6474	8.26947	-11.739	-7.03154	18.0002	-13.7998	0.391924	0.920511	-27.6809	28.9612	7.49618	12.0399	
0.646566	0.229955	-1.48623	0.0129411	1.71088	-1.90258	-0.0565674	0.127584	0.999458	-0.966869	1.16919	-0.485823	0.477458	1.08356	-1.07998	0.463536	0.495996	-0.159374	-0.678131	1.4613	
0.741629	0.407308	-0.505281	0.141919	-0.0897792	0.693481	0.690184	-0.817833	1.32305	-0.0542251	-0.417431	-0.135908	1.06012	0.0436444	0.232607	0.0532518	0.118056	0.265127	0.568478	-0.536378	
-1.13565	-4.78048	2.52622	4.44732	6.70937	0.229422	4.66113	-2.81604	-4.09099	-3.18783	-1.88541	-2.75402	-0.470876	0.0837982	-1.61164	0.228776	-0.440158	-0.300084	-1.12423	-2.22105	
0.981533	-0.226111	-1.24299	0.400364	-0.449432	-0.507279	0.516461	-0.208995	-1.31257	0.371204	-0.152123	-0.516347	-0.203326	-0.851068	0.385767	-0.134034	0.361003	-0.0375437	-0.582233	-1.15951	
0.392788	-1.01023	1.37051	1.15353	0.653762	1.04077	0.661596	2.37949	0.642844	0.48299	-0.181378	0.0755815	1.04101	-0.545993	1.16962	1.22901	-1.66085	1.29401	1.94834	1.93781	
0.806352	2.25309	-0.242384	-1.08669	-1.4929	1.95145	0.374918	-0.745586	-1.23847	-0.897933	1.61812	-0.0404215	1.34111	0.269249	0.590584	-1.37929	-2.67938	1.50579	-2.07794	-0.134721	
0.150689	2.00489	-1.0509	0.70505	-2.67199	2.83451	-2.91078	1.1373	3.01918	-4.0496	4.12552	1.16126	-5.30001	-0.305451	0.779387	2.83901	5.17029	-4.51025	-4.26105	-0.499153	
-12.3924	-0.371491	8.90553	0.201647	13.0581	8.01986	-6.49913	-5.08556	18.9443	-12.3452	-13.3547	15.946	-6.95856	-19.8823	1.31158	-2.10313	-14.4626	4.3053	4.20138	-6.72926	
5.26188	-0.81357	-6.57211	2.01313	-7.47817	-5.91118	2.8994	4.03151	-10.8101	6.69564	7.01621	-10.162	4.36077	8.78979	-3.44872	1.21849	7.27978	-2.12754	0.453264	1.83739	
0.314951	-12.426	-0.882726	-2.91448	5.31588	-10.6256	13.8864	0.39919	-2.54562	6.34754	-12.4256	-2.96827	18.2499	-3.5021	-8.93302	-11.029	-16.1822	16.3394	6.05248	4.32645	
0.616017	1.25034	-0.439436	-1.46551	0.734623	1.70436	0.592186	0.652214	0.698053	0.278078	-0.191149	0.340386	0.354864	-1.02281	-1.15537	0.480534	-1.27737	-0.238489	0.224446	0.375821	
-25.6121	13.2252	4.75176	1.48551	-14.0731	-10.259	-6.51684	-5.97735	11.8181	-3.53397	4.23268	6.56486	-4.22792	11.9582	-5.97143	-8.55846	16.9008	-16.4431	-0.554418	-9.86431	
-0.29111	0.729174	-1.37231	-1.24035	0.11341	0.174941	0.935011	-2.55323	-1.99812	0.449042	2.13082	0.898995	-1.41713	0.0371901	-0.36763	0.189109	-0.408726	-0.603555	0.902665	-0.673628	
-2.42472	0.715005	-2.02623	-0.469625	-1.10087	1.52474	-1.89598	-1.03427	1.98625	-1.89992	2.20284	1.01189	-0.366782	-2.51433	-0.0883755	-0.420953	-1.08537	-0.812859	0.155732	-1.14337	
-0.348328	0.600924	-0.54532	1.23901	-0.263073	-1.12062	0.548184	-0.00151449	-0.226274	-0.333582	0.23317	-0.165714	-0.975133	-0.693944	-0.518591	-0.341503	-0.667877	0.479691	0.21246	0.441166	
0.420785	-0.880069	-0.874487	0.536832	-1.28623	-0.142923	-0.243747	-0.915879	-0.112697	-1.59831	0.31308	0.180621	-0.423607	0.72094	1.54001	-0.436705	1.2149	-1.4419	0.843716	0.478443	
0.638359	0.460931	-0.60008	-0.996252	1.78536	-0.56796	1.03521	-0.136547	-0.697098	-0.416233	-1.03536	-0.911868	0.670445	0.945978	-0.0373661	0.988591	-0.294921	0.323268	-1.44725	1.1211	
0.321228	-1.77609	-0.691355	-0.974047	-0.374556	1.63789	-0.841072	-1.02516	0.985615	0.730961	-0.490294	-0.0759685	0.418664	-0.213546	-1.21947	-1.29808	-0.136208	1.06536	1.06957	0.683468	
-9.7095	5.30993	3.96186	0.690538	-5.82116	-5.43638	-4.78583	-2.33222	3.36717	0.310013	-0.359184	3.13046	-1.49297	4.49506	-1.53252	-4.56711	7.54179	-6.40041	-0.260712	-4.33081	
1.07166	2.31579	-0.930235	1.54583	1.44734	-1.35649	-1.79564	-0.254613	1.15785	0.757757	0.358249	-0.790857	2.17891	-1.55044	-0.0967131	-2.0872	0.68724	-0.808315	-0.0835481	-0.659918	
-0.447983	0.535003	1.45825	-0.755543	2.14776	2.01695	-0.225248	0.120104	2.80773	-1.14696	-1.89651	-0.89309	-0.389737	2.19579	-0.0406944	0.118895	0.809871	0.67604	-1.62283	1.91175	
7.10555	-3.99694	-0.179245	-0.633675	4.14421	3.86944	1.83653	0.735727	-3.25682	-0.00277866	-0.312864	0.147568	1.51237	-3.19529	0.0134146	0.46369	-5.26846	4.37828	1.7954	3.48968	
-0.0239115	-0.0293866	-2.08486	-1.37942	1.59785	-1.53591	-0.279933	-1.2186	0.910015	-0.0182132	-0.899926	-0.587346	-2.51309	0.674318	2.06064	-1.80413	-0.489745	-2.96861	-0.523912	0.632415	
-0.21728	-1.21092	-1.68676	-0.0999605	-0.302513	-1.24419	0.650047	-0.100836	0.592049	-0.0807029	0.961907	-0.412372	0.999295	0.9156	2.05062	-0.912266	-1.20517	-0.258787	1.30711	0.659035	
0.0295391	1.34624	0.41774	-0.125814	1.63732	-0.575106	-0.243223	-1.11491	0.829914	-0.614958	0.0850125	-1.22596	1.02008	0.650653	1.26326	-0.248311	-0.355829	-0.166588	-1.03178	-0.882335	
0.824352	-0.347463	1.32671	-1.04096	-0.466896	0.392956	0.126045	-0.0892143	-0.948916	1.36657	0.251553	0.711487	-1.36446	-0.448827	1.62764	-1.29828	1.92552	0.859588	-0.536408	0.360198	
2.06905	4.20036	0.270002	-0.0725033	-3.11694	2.91019	-1.94354	-1.00885	0.415332	-3.17177	3.28044	1.7787	-6.72138	1.64081	2.14958	5.32274	5.24545	-5.08763	-3.35833	-1.42139	
1.65122	0.0385368	0.333483	-0.0936691	1.70289	-0.395525	0.584304	-1.27276	0.198328	-0.561501	-0.321425	-1.35801	-1.01757	-1.32134	-0.68174	-0.29326	-1.68977	0.828465	-1.9023	0.425035	
-0.189512	-1.32664	0.734242	1.18774	0.702812	-0.470281	1.16492	-0.599007	-0.321416	0.809907	0.0208004	0.0681396	0.386658	1.02364	0.39964	0.666827	-0.266591	-0.106306	1.1406	0.826596	
-0.332403	-1.71865	0.0346947	0.75333	0.429692	-1.01171	-1.35057	-0.2278	1.15472	0.138207	1.95441	0.827409	-1.2726	0.983321	0.869486	-1.13447	2.64914	1.25692	0.266545	-0.904984	
0.654786	0.360365	0.51111	0.718854	1.55493	0.359137	-0.717577	-0.308756	1.26367	0.808856	-0.176394	0.449184	0.385916	1.9696	-0.66406	0.571081	2.43323	0.730367	2.25142	1.96755	
-0.157277	-0.588985	-1.36985	-0.453118	-1.22758	-0.656765	0.0667782	-0.596688	0.405328	0.412353	0.157373	1.01531	-1.07513	-1.05698	-0.44914	0.0252031	0.243983	0.352391	0.641095	0.136946	
0.301796	0.702065	1.55833	-0.446887	-0.728131	-2.44995	-0.727843	0.749092	-0.642541	-0.784847	1.87659	0.416449	1.602	-0.0391178	0.733533	-1.65294	-0.524897	-0.560843	1.14409	0.434849	
1.16274	0.417784	-0.926872	0.291366	-0.258248	-0.180375	-1.38221	-0.0984122	-0.069336	-1.06428	1.10111	0.0413075	1.28193	0.514069	-0.0360901	-0.583711	1.07405	0.977126	-0.974977	-0.298244	
1.42445	0.557377	-0.657985	-0.0716634	1.16317	1.45598	-1.05859	1.6289	0.8525	-0.744312	0.215999	0.704419	0.130214	1.18891	-1.12957	-0.213197	0.454043	0.196949	-0.190669	-1.45691	
-1.32246	-0.120839	-1.13947	1.53663	-0.881267	-0.365796	-0.695249	-0.14915	-2.79135	1.04233	0.974968	-1.74087	-0.386521	0.66566	-1.11947	0.429516	-0.596783	1.11868	0.805073	0.0773462	
1.23017	-0.222493	-0.0473478	-0.942232	-0.97265	-0.903201	-0.443611	0.0716993	-0.93835	-0.390006	-0.181942	-0.889031	0.949743	-1.61495	-1.4448	0.153017	-1.68373	-0.105121	1.00888	-0.695841	
-7.89987	-12.5072	5.52753	3.0319	-16.7304	7.41153	8.34407	-0.590664	-8.48711	2.31595	-11.583	-10.628	0.318972	-2.39302	-9.04306	-4.34537	8.19833	-3.59166	-12.6607	13.6221	
-0.127717	0.72982	-0.452838	-1.83027	-0.781449	-0.0205577	2.65627	0.49922	0.42519	0.542745	1.41818	-0.288649	-2.41224	-0.13456	0.42186	-0.326952	-2.00192	0.17087	1.53895	0.996966	
1.13835	-2.46661	0.0913416	-1.25511	0.758076	-0.645405	0.719281	0.100533	1.40469	-1.36579	-1.20092	-1.60549	-0.47376	1.1631	-0.452258	-0.0916187	1.41133	1.16176	0.789519	0.179609	
0.114712	0.828141	1.36418	1.17199	0.691031	0.824474	0.298561	0.0453301	-0.629959	-0.685677	-0.612484	1.02438	-0.418569	-0.863922	-0.127938	-1.02577	0.36443	0.724734	0.303374	-0.869568	
0.0692385	0.481552	1.32414	1.36052	-0.631606	0.534459	-0.692083	0.726122	0.447197	-0.0451215	-0.753252	0.837568	1.10563	0.321056	0.854026	-1.06346	0.478201	1.05064	-0.0116884	3.10096	
0.678726	1.28251	1.15342	-0.863918	-0.0360417	-1.5296	-1.02642	0.832692	1.24239	0.280176	0.980645	2.13383	0.472217	-0.780875	-0.81481	0.423531	-2.06118	0.310028	-0.996733	0.611217	
-0.74592	-1.27139	-1.16346	0.127601	-1.92105	0.240262	0.341882	-0.147365	-2.63829	0.682565	1.27759	0.423792	-0.227998	0.327472	0.0467681	3.40277	0.14213	-0.344274	0.569403	1.09237	
-2.27009	1.51118	0.387198	-0.614833	-1.58961	0.918639	0.473605	-0.773626	-1.49282	0.167775	-0.398359	-0.674308	-0.411889	-1.71668	-1.28942	-1.60457	0.618832	-0.0828833	1.1555	-0.321527	
-0.629466	-1.19177	0.0342377	-0.500743	0.387756	1.52215	-0.0261112	0.387935	-0.255431	-1.00697	-2.02687	1.81074	1.16946	-1.66402	-1.5995	-1.11147	-0.915751	1.02912	1.30473	-0.565624	
1.64467	1.34907	0.464723	-0.228752	0.90554	-0.748373	-0.420259	0.229987	1.67325	1.11716	-0.660743	-0.429404	0.578884	-2.85611	1.92133	0.908254	-0.323635	1.59235	1.73522	1.0249	
-1.61945	1.12046	0.425295	-0.961915	0.471587	-0.649739	1.25731	2.03532	1.26995	-1.3881	-1.41514	-0.0750397	-0.696491	0.0437286	0.0395332	-0.294453	0.192155	-0.328615	1.46795	1.42055	
2.35421	7.08476	-5.55956	-4.50076	-12.6944	3.05144	-9.27907	4.58652	4.52577	5.21725	2.58732	3.016	-1.3492	1.53439	0.0748601	0.979717	0.0873193	-3.42842	3.63095	4.63183	
0.508974	-0.509386	-0.281934	-1.98198	-0.267148	0.562677	1.76574	-1.98441	-1.42833	-0.0488212	0.720572	-0.571804	1.88064	1.22782	-1.33325	0.885795	-1.05057	-0.77771	0.332564	1.59616	
-0.92442	-0.750972	1.29059	3.13684	0.166913	0.613575	-0.806202	0.654221	0.124691	0.963699	-0.817496	0.720524	-0.243151	-0.747545	-0.551849	0.00493724	0.255157	-0.00329184	0.454341	1.17898	
3.40189	3.66384	-2.26275	-2.90449	7.20892	-4.71927	-4.27791	1.44122	3.70766	-0.719238	5.48858	5.5276	0.91125	1.08759	4.88712	0.964029	-3.43271	1.41998	6.60203	-7.12681	
5.53086	10.6007	-4.29029	-2.45459	11.176	-4.5896	-6.25825	1.67904	5.68345	-1.13307	8.5292	8.88516	0.427242	1.65945	6.32045	2.64644	-7.98059	4.33147	9.52911	-10.8692	
0.514875	-1.35311	-0.173922	-1.5608	1.51923	-1.42763	0.321431	0.621556	1.53816	-0.0632339	2.9051	0.913836	-0.729997	-0.83961	-0.416207	0.665363	-0.327526	-0.116764	0.0714003	0.614373	
0.0525922	-4.06599	2.59288	0.8034	4.87436	-0.245941	3.84091	-0.4386	-2.50122	-2.46936	0.635839	0.133792	-0.389227	0.803078	-0.587963	-2.11927	0.240451	0.700982	-0.272457	-0.2075	
0.132842	-0.741743	0.685737	-0.260131	0.177795	1.66239	-1.09499	1.65243	1.90652	-1.05107	-0.550886	0.462021	-0.535213	0.429611	-1.7953	-2.17091	1.9787	0.833331	0.127704	-1.3419	
-0.340558	-0.864125	-0.383705	-0.655317	-0.672049	-0.193134	1.23388	-0.00359924	1.14778	1.21976	0.258742	-0.232318	1.14491	0.895369	-1.12881	0.192155	0.447876	-1.59894	0.806494	-1.39675	
0.0926012	0.734933	-0.761016	-0.193081	0.515714	-0.235237	0.776353	-1.25815	0.220267	-0.519148	-0.572106	0.830506	1.6899	0.0633081	0.108457	0.957952	-0.896077	-0.318424	-1.53432	1.02671	
-2.02413	-1.08774	-1.1446	0.710313	-0.0588583	-0.0949662	0.321877	-1.12381	-0.913996	-1.21497	-1.49788	-1.3775	0.672145	0.355498	-0.44365	1.57433	1.85382	1.88781	-1.30656	1.78807	
0.240949	-1.25491	0.727096	-2.84619	-0.220776	-1.91747	0.641059	-1.33365	0.836818	1.05297	-0.675538	-0.590253	-0.316002	0.207598	1.25878	0.857508	-0.857516	-0.54341	0.671814	-1.0333	
-0.157863	0.892052	0.33444	-1.62391	1.63894	2.46143	1.93778	1.7855	-0.0532539	0.939545	0.92465	2.64178	1.18324	-0.527533	2.59488	-0.271055	-0.0376491	-0.30648	0.644483	0.404646	
-0.151061	0.170815	-0.490412	0.268717	-0.917182	2.59071	-0.652638	1.4439	0.976529	-0.800075	-0.648233	-1.15035	0.664428	0.590321	0.0815481	0.4609	-1.80093	1.73227	1.30819	0.451665	
-0.154652	-0.722629	0.0997488	1.55913	-0.160973	-0.160178	-0.111213	0.0314439	0.582008	-0.871445	0.339077	-1.63928	0.323499	0.323169	-0.541272	1.00299	-0.164408	0.955236	-1.22726	-0.169346	
0.216368	0.453037	-1.0836	-0.0313737	-0.484661	0.317945	-1.52655	-0.751978	-0.041806	-0.0409622	-0.0963964	0.153339	1.11178	-0.738861	-0.516523	-0.168909	1.21865	-0.277924	-0.734329	-0.812533	
0.237763	0.127137	0.260533	0.310517	-0.527637	-0.487347	-1.47199	0.113924	0.330326	-1.78352	1.85219	-0.886494	1.14321	1.5389	-0.255731	1.31626	-0.808752	1.00992	-0.0350885	-0.280535	
0.0391239	1.34553	-0.816141	2.13223	-0.208544	-0.315529	0.373456	1.25344	-1.69075	0.559343	0.657148	1.43057	0.166596	-0.83535	0.677848	0.435605	0.936488	0.0556111	-0.715063	-0.7597	
0.356044	0.3373	0.517976	0.28223	-0.24922	-0.124325	-0.71419	0.886193	1.42225	0.641946	0.270998	0.273296	-0.788578	-0.394103	-0.162522	-0.277712	-0.348864	-0.339148	1.48072	1.01238	
0.957942	2.10101	-0.448721	0.0881722	0.720152	-1.2854	-0.583217	0.488615	-0.128705	-1.87001	0.809499	0.367112	0.199656	-1.34167	0.932411	0.336474	-1.01404	1.27377	0.854025	1.70661	
-0.265104	1.04101	-1.47782	1.53389	-0.266377	0.543509	0.947339	-1.2243	0.750006	-2.26676	0.543042	0.67819	0.983232	0.149962	-1.17264	0.182199	-0.281258	0.753391	-0.160692	-0.166102	
-1.27566	0.349595	-1.94549	1.19042	0.880673	0.179658	-1.75327	-0.544191	0.170359	-2.35095	0.0306358	-0.44934	0.302433	-0.812267	2.05796	-0.331714	-3.79999	-0.0793189	0.399128	1.17948	
-0.248908	-0.0811241	0.410706	0.630505	-1.01173	-1.92525	0.95513	-0.377855	-0.867128	0.93539	0.945313	-0.266781	-0.919028	-0.474989	0.395427	1.14186	0.339901	-0.149007	1.19479	-0.0598231	
-3.50057	-5.44392	3.04263	2.52819	-7.0184	3.37395	4.77601	-2.04563	-0.741001	2.08215	-6.46423	-6.11263	1.01009	-1.76393	-3.91256	-0.820318	4.94223	-2.07217	-5.98862	5.37596	
0.51392	-1.01491	0.151726	-0.168547	1.48964	-0.799648	0.674498	0.541674	-0.410857	-1.36501	-2.17786	-0.864602	0.663474	-0.433266	-1.03749	1.20224	-0.334419	-0.0941175	-0.372981	0.327703	
0.0361994	-0.0877456	-0.683315	-1.86671	-1.42206	0.606964	-2.13705	0.78189	1.51016	-1.1167	0.988442	-1.5741	-1.14299	-1.55009	1.09814	-0.190946	-0.229986	-3.46512	-0.187383	1.17436	
0.973702	0.0570312	1.05701	-0.969914	0.468378	-0.977777	0.193251	2.01753	0.980981	0.321882	0.323272	1.72129	-0.854299	-0.507098	-1.71922	1.53699	0.122161	0.632571	0.218011	-0.784237	
-0.111333	-0.868213	1.00795	-0.333645	1.00195	-0.0233792	2.19446	0.191038	0.133187	0.651734	-0.878831	1.84987	-0.0417032	-1.1247	-0.41286	0.194139	-0.117491	-0.20781	0.430148	0.160128	
-0.177266	0.59605	-1.34265	0.272842	0.0228144	0.855627	-0.308043	-0.884613	0.314032	-1.42135	-0.024584	0.479313	0.363935	1.75559	1.51242	-1.35361	0.876936	-1.2804	-1.36877	1.98197	
0.996348	1.02197	0.0909166	0.749712	0.601958	0.25923	0.398067	-0.913269	-0.533235	-0.595618	-1.13796	-0.69744	-1.5614	0.909469	0.150049	1.1773	1.18159	-1.35549	-0.844425	-1.08861	
0.537539	-1.04891	1.16955	-0.444048	-0.00579003	-0.564927	1.56102	-0.00319354	-0.230192	0.128344	-2.07848	0.830476	-0.0796725	-1.61785	-0.530773	1.1981	0.433467	0.579701	1.12498	-0.0379227	
0.156515	0.0351474	-1.42925	-2.05852	-0.745604	-0.597757	-2.36178	-0.202743	0.893901	0.763806	-0.105706	-0.127983	-0.699524	1.25299	0.446179	-0.718748	-0.130032	-0.856354	0.0445702	-0.34174	
-0.523227	0.868943	0.560103	-1.63414	-1.51647	-0.344163	-0.929245	0.352943	0.065368	0.52396	-0.880917	0.111313	-0.141832	-0.0691638	0.354903	0.16951	-0.220078	2.76878	-0.172029	-0.440121	
0.0704404	-0.431302	0.654262	-0.45936	0.469064	0.202117	0.2313	-0.332662	-0.0719987	-1.29561	-0.412593	-1.97644	-0.518385	-1.92728	0.0742324	-1.00033	1.78924	1.61838	0.549745	-0.457084	
0.484024	0.647945	0.17916	0.590342	1.33215	-1.04212	0.205583	0.300478	-0.949716	-0.206428	-0.960375	-0.691823	-2.90507	0.368974	-0.854588	0.626566	0.828598	-1.66629	0.915523	1.18722	
-0.166804	0.247238	-1.6893	-1.39982	-3.15428	-0.99435	-1.39133	1.33626	1.8566	2.75888	-0.231561	0.451324	-0.948239	0.97167	0.840527	-0.502137	0.501628	-1.53845	-1.28382	0.930719	
1.37992	-0.297325	-0.708916	1.26558	1.12451	1.19794	1.71287	-0.405481	0.734961	0.509973	0.18171	0.683304	-0.556176	-0.435916	-1.33478	0.70725	-1.32033	-2.5078	-0.396786	-1.08051	
2.00768	7.25391	-7.79826	-7.30259	-16.7165	2.02775	-10.6638	2.30686	8.15424	6.60736	1.53675	3.60107	3.69622	-2.51477	-0.176023	3.05146	-0.718828	-1.60052	5.40273	5.66378	
0.251434	-0.196481	0.621318	-0.623289	-0.63651	-1.93304	-1.66146	-1.33385	1.79359	-0.483648	-0.117065	1.02379	1.01148	1.72638	-0.1801	-1.13601	0.889255	-1.17435	0.778823	-0.040054	
-1.51448	-0.822383	-1.05018	-0.591492	2.96561	1.04165	1.00707	1.03244	-0.400408	-1.64611	0.7552	1.28544	0.0981993	0.951458	1.84335	0.81228	-0.0726475	-0.732909	-1.52268	-0.122849	
0.3281	-0.656939	0.16011	0.0877574	-0.121759	0.0059387	-1.03146	1.16773	-0.0200271	0.811056	0.377036	2.9449	-0.869755	0.878296	1.47248	-0.941777	-0.554226	0.32749	0.0148458	1.12395	
-4.51638	-7.50365	2.65187	1.71887	-9.21519	4.72096	4.44568	-2.31119	-4.55169	1.00926	-7.3775	-7.0157	0.0829671	-1.50665	-7.03282	-2.20789	6.54828	-1.75539	-6.8216	7.47918	
-0.627729	1.56846	0.282819	0.3454	0.885253	0.42258	0.0622689	0.86734	-1.09743	-0.363313	-1.40908	-1.13916	0.629726	-0.225418	-0.284589	-0.641267	1.96143	0.0339415	0.205171	-0.337136	
0.290406	1.66802	0.263205	0.947615	1.87593	-2.40472	-0.288574	2.32396	-0.364749	1.82052	0.868701	-1.09088	0.626583	1.60253	0.654416	0.160582	0.827619	0.225801	-0.878024	0.936635	
0.642386	-0.146634	0.526715	0.397352	-0.202418	-0.0281011	0.0821854	-1.24518	-0.416508	-1.807	0.0798183	1.48253	0.862639	0.220228	-1.4203	-1.3665	0.65748	-0.442526	0.0357634	-2.04162	
2.79646	2.85453	-3.58175	-3.873	-8.67178	0.841073	-2.62602	2.175	3.21591	3.34095	-0.0217058	1.52274	1.50504	1.14838	-0.328278	1.45263	-3.60035	-0.389411	0.656903	3.27717	
0.780662	-0.89393	1.51084	-1.19493	-0.388497	-0.9089	2.7784	-0.089588	0.964346	0.00885356	-0.196364	-0.392523	-0.61238	0.327974	-0.00358594	-0.35761	0.0318155	-0.765862	0.228082	0.837125	
0.549892	-1.55733	-1.00431	-1.65781	0.11437	-1.89863	0.252064	-0.324747	-1.453	-0.922177	-1.36387	1.62249	0.191262	0.0925844	1.4666	-0.944562	0.863207	-0.408736	0.516679	0.754129	
1.36626	-1.13906	0.5154	-0.295673	0.531903	-1.49428	-0.840762	0.822497	2.68921	-0.233785	-1.55662	0.586096	-0.0195093	-1.14427	-0.244671	-1.61548	-0.48497	0.936506	0.0777224	1.52662	
0.862848	-5.22624	-1.86509	-6.12743	-3.1502	-7.40137	2.81877	0.935422	2.16829	7.11509	-6.37101	-1.90643	14.3603	-2.05229	-3.77274	-7.49314	-10.5619	10.9575	4.30739	3.2383	
-0.199356	8.41685	0.294425	0.844538	-4.3097	9.52567	-10.3464	-0.561798	1.22513	-4.70404	9.2584	2.83494	-14.732	0.0771543	5.08463	8.68303	10.6842	-9.5336	-3.34931	-1.9551	
-0.0113805	-0.893259	0.381686	0.06905	0.629206	0.131147	2.12017	-0.472338	0.584065	0.694878	0.55258	1.2288	0.215531	0.180599	-0.220342	-0.621475	0.316152	0.77921	-0.737062	-0.23226	
0.165521	1.81022	-2.03205	-1.23234	-1.15045	0.507944	-1.18331	1.52922	0.756596	1.00399	-0.499931	-1.28373	-1.59509	1.74918	-0.759918	-1.10835	-0.209161	-1.69144	-0.545355	-0.0217088	
-0.934337	0.252298	0.544044	-1.52013	0.192885	-0.441509	0.231475	1.45959	-0.490709	-0.973821	-0.556256	0.431185	-0.185751	0.467619	1.89973	0.0934941	0.334369	0.367067	0.699911	-1.49491	
0.325382	-0.965909	-0.507086	0.402	-1.67455	2.25318	0.122829	0.306497	0.554146	0.172495	-2.45202	0.893723	0.319607	1.26962	1.17951	0.603047	-0.543958	-2.09247	0.418024	-0.492332	
-4.30597	-4.75465	1.36543	2.08458	-7.19258	1.88148	3.35427	0.251207	-1.91757	1.09064	-6.04142	-4.58573	-0.677872	-1.99103	-4.48478	-0.399086	4.2754	0.752216	-7.09317	7.02582	
-0.383212	-1.31405	0.094989	1.77778	2.59279	0.287679	1.94336	-1.37359	-0.383828	-0.979819	-1.90835	1.82617	-0.466459	0.393225	1.11369	-0.149993	-0.341526	1.80968	0.966137	-0.682414	
0.580382	0.106068	-0.063913	0.380085	-0.839173	-0.146956	0.962035	2.28354	1.25945	-1.53989	-1.71544	0.753638	-0.544708	-1.53483	-2.21862	0.713014	1.22453	-0.302555	1.55045	-1.06926	
-0.553865	-0.198836	0.602473	-0.477383	-0.735372	-0.301381	-0.898219	0.134707	-0.602614	-0.802177	1.48838	-0.244036	-1.12893	-0.230738	-0.389241	-0.292644	1.12346	-1.75452	0.0311714	0.0353952	
1.00292	-0.648645	0.64676	1.6851	-0.895672	-0.710742	0.338017	2.11793	-0.547202	-0.688363	1.62766	0.518485	-0.983105	1.57668	0.259656	-0.216948	0.73768	0.884122	-0.77637	-1.16351	
1.12334	-0.100238	0.136931	-0.299414	0.278933	0.928624	1.01934	-1.08254	-0.363846	0.00925104	1.35906	-2.18346	0.316183	-0.95785	0.106277	1.07266	-1.6273	-0.418283	-0.729587	1.31718	
1.53976	0.173224	-1.84176	1.62302	0.962216	0.732051	0.313583	0.270537	0.0990123	-1.14867	1.29265	-0.285873	2.43872	1.46383	1.52821	-1.03928	-2.28294	-0.456647	0.999241	-0.524473	
-1.0858	-3.6797	3.01417	5.28865	9.49484	-3.53227	6.80792	-1.03173	-2.29372	-3.45502	-1.73386	-0.845694	-3.67224	1.13474	-1.9002	-2.16619	0.228633	2.70733	-2.37139	-1.76673	
0.235595	-0.503696	1.91841	0.263995	1.13002	-0.265678	0.134741	0.812413	1.72956	1.42482	1.4479	1.32106	0.605146	-0.146764	0.432833	0.304784	-0.182468	-0.0816725	0.0136144	-0.204773	
-0.355227	0.441839	-0.436919	-0.0833727	0.922335	0.429116	0.821499	0.864353	0.216168	-0.667362	-0.452099	0.4905	-0.756238	0.434652	0.927448	1.23308	0.108714	-0.260377	-1.12044	0.531388	
-2.02918	1.02507	0.19428	-0.0943851	0.839409	0.583705	-0.916563	-0.36411	-1.22499	0.137512	1.36345	-1.29254	0.809187	1.02489	1.33604	0.112869	0.243902	0.459032	-0.586003	1.22789	
0.400883	3.82503	2.3671	-0.485629	-0.874677	2.33901	-3.31053	-0.551579	0.54757	-1.30213	5.23992	-0.384139	-4.53664	1.66191	1.74083	2.94679	4.21931	-4.8573	-3.35385	-2.51134	
1.04846	-0.854945	0.402816	-1.35729	-0.475312	0.0680641	-0.156103	-2.72349	-0.0886562	0.550592	-1.84166	0.40908	-2.07298	0.296983	-0.0457656	-1.02643	1.20842	-1.21274	-0.221427	-0.263533	
-1.09523	-1.66451	-0.370685	1.14097	-1.35224	-2.03026	-0.322296	0.356374	-0.713788	-0.911973	1.21485	-1.42356	1.92222	0.385684	-1.90709	-0.483617	-0.154916	0.381645	-1.07639	1.7468	
0.362902	0.841598	1.21413	-1.58353	-0.882693	-1.92122	-0.228045	1.06197	-0.664077	-0.672527	-0.836282	0.309665	-0.062927	0.61414	1.04646	0.250672	1.58202	0.138541	-0.182362	-0.109061	
-0.0821073	-0.290307	-0.129086	-1.70148	-0.776113	-0.734057	0.130443	0.545929	0.290255	1.02907	-0.0828686	-2.06404	-1.47875	0.660466	0.780232	0.31387	0.360585	-0.118283	0.500692	0.185079	
1.17036	-1.56912	1.40983	0.58395	-0.586138	-1.49188	-0.683252	0.846096	0.846717	0.988254	0.816337	2.28382	-0.983007	-0.856459	-0.623627	-1.66832	-1.33914	-1.20938	0.106411	0.0836215	
0.420251	-0.422235	0.448876	1.24332	-0.954197	0.0107352	-0.422238	0.149192	-0.251191	-0.201307	0.665965	-2.18814	-0.672494	1.30207	1.04561	0.46702	-0.200811	0.437138	-0.229491	-0.0790854	
-0.47373	-1.21621	-0.48367	-1.34782	1.06939	-0.624022	1.1218	2.34892	-1.43399	-1.39752	0.765281	-0.698062	0.531255	0.485596	-1.94882	-0.492611	-0.21258	1.24902	-1.54	-1.31804	
2.22919	0.568537	0.150213	-1.08136	-1.74009	0.391485	-1.39835	1.46596	-0.237086	-1.12632	1.72927	1.01593	0.0405854	2.36946	0.405298	0.48614	-0.238668	0.3316	0.519495	-0.0714036	
-0.109951	-3.38072	1.39559	-0.334846	-1.75489	0.0318901	3.10401	0.187959	-2.62416	-0.134553	-3.48569	-1.48132	1.57873	-0.404963	-1.30419	-0.811828	1.63713	-1.00871	-1.4094	2.15364	
1.57461	0.110137	-0.0616353	0.158558	-0.501558	1.44792	-0.819624	-0.877946	-1.76289	-0.553209	-0.582819	0.932865	-0.743736	0.984726	-0.744398	-0.591072	-0.236818	1.1865	-0.497989	1.01742	
-1.63182	0.345235	0.49269	1.66924	-0.577834	-2.4915	0.902942	0.656348	0.541702	0.828688	0.788724	-0.284044	1.26985	0.861418	0.886584	0.988684	-0.542166	1.07732	-0.529116	-1.06534	
1.12051	1.56725	1.2316	-0.919893	-0.855117	1.81981	-0.194886	0.875048	1.58099	0.309766	-0.68651	-0.258435	-0.926435	-1.14183	-1.01699	0.631679	0.408003	-0.548811	-0.484381	-1.78803	
-0.906048	-2.24338	2.17895	0.475095	0.223498	1.16574	-2.36491	-1.43144	0.929213	-1.32268	0.70258	-0.528074	0.108958	-1.42916	-2.0372	-0.246778	0.766485	-0.210332	-0.649968	-2.58951	
-4.3347	-10.7766	2.05303	2.04934	-13.4439	5.0374	7.27344	-2.286	-6.71392	2.69598	-9.86509	-8.73431	-1.5245	-1.90138	-8.46086	-2.51693	6.70038	-3.46391	-10.6216	10.914	
-1.77292	-1.56099	-2.31881	1.04006	-1.27599	0.509484	0.902474	-0.789253	2.52757	0.277025	1.5418	1.07995	0.92435	-1.28583	-1.61562	1.24944	0.0314828	1.55602	0.437319	0.690861	
-0.805415	6.75624	-0.534471	2.39902	-3.06406	9.96724	-10.4398	0.0468276	2.94043	-4.39074	10.2637	4.80183	-13.5523	3.43211	7.30417	8.92219	14.1281	-12.6246	-5.16164	-1.32391	
-0.456467	0.190443	-0.197543	-0.23104	0.138497	-1.60189	0.210814	-1.22087	0.9105	0.0934123	-0.52563	1.13337	0.128096	0.359627	-0.0681418	-0.217204	-0.845632	1.04717	-0.221611	2.45368	
1.89325	3.24768	-0.0144937	1.82927	-0.467734	2.58383	-3.04804	-0.304644	1.28391	-1.9122	3.59412	0.297729	-5.73294	2.16471	1.67355	3.91221	3.23899	-6.21212	-0.230617	-1.21963	
-1.52336	1.51873	-1.0881	-1.46359	-0.29012	-0.130625	-0.269727	0.441481	0.176795	0.427739	0.495413	1.48478	-0.652214	-0.719974	0.402814	-1.00902	-0.192498	-0.615882	0.297532	-0.0620263	
0.692041	-0.67519	-0.802853	0.749368	-0.865403	-1.03577	-2.2065	-1.18091	-0.809847	-1.23288	-1.30868	-0.169281	-0.559838	1.38196	0.294219	0.680129	-1.59556	-0.45613	-0.0113794	-2.19113	
-0.397794	-1.46328	-0.60718	0.702662	0.712875	0.338505	0.474204	0.911581	-2.23457	-0.772764	-0.401991	0.271691	-0.270099	-1.03651	0.207333	0.80262	-0.740544	2.00305	-0.190624	-0.311811	
0.90902	0.279788	0.100711	-0.31862	0.490663	-0.0108969	1.94662	1.14608	0.580419	-0.74121	1.59782	-0.00613385	-0.555549	0.888661	0.554966	0.667136	0.628356	-1.11896	0.343997	-0.405994	
1.01775	-0.756092	-1.56695	0.611594	0.492239	1.40193	-0.0980724	1.767	-1.40426	0.673857	1.33974	1.02383	-0.187153	2.26399	-0.7826	-0.0688915	-0.562531	1.52149	-1.04483	-0.230585	
0.0374404	-0.585817	0.407347	0.247658	0.527433	0.0351889	-1.00811	0.473834	1.33872	-0.846181	0.0197688	-1.14506	-1.12774	-0.497683	1.59032	1.37198	2.27116	-0.516848	-0.781836	0.162727	
1.90024	-1.69913	-0.472381	-0.0134553	0.63008	0.480249	-0.743712	0.316554	1.89265	-1.09568	-0.577478	1.47343	-0.517298	-0.70496	0.662116	-0.471653	-0.456676	0.316628	-2.13788	0.763404	
0.577346	0.772415	-0.895824	-1.41545	-1.55194	-0.0924442	-1.4839	-0.0911396	-0.55371	-1.1076	-0.0138388	0.534926	1.35658	-0.198023	-1.07487	-0.0210088	-1.34115	0.43229	-0.524263	-1.08288	
-1.00163	1.20164	-1.79913	0.730274	-0.274675	0.232008	0.295866	0.0780583	1.42484	-0.744073	0.274654	-1.47006	-0.667029	-0.00695737	-0.219047	-0.247449	0.730388	-0.337956	-0.564521	0.327496	
-1.03969	-4.28751	2.7301	1.74009	5.48904	0.90065	5.02777	-1.58724	-2.53034	-3.65731	-2.08237	-1.08192	-2.64244	-0.0337744	0.0864336	-0.106885	-1.92043	1.19412	-2.17368	-4.34717	
-1.54596	-0.54194	1.04543	0.319169	0.275763	0.0132147	-0.234766	-1.70769	-1.13459	0.832423	-0.760012	0.563727	-1.5684	-0.0904999	-1.49176	-1.19818	0.211203	0.85218	-0.210992	-0.21371	
-1.60397	-1.07288	-0.71864	-0.644416	0.656188	1.35343	0.226492	-0.715692	-0.0553801	-0.189091	0.128995	0.727615	0.937285	-0.21121	-1.19852	1.17611	0.232604	0.828894	-0.297596	-0.894827	
0.357304	-0.518496	1.48428	-0.55669	0.0361356	-0.641364	1.09433	-1.45643	-0.136766	-0.0094238	-2.49245	-0.30994	0.466226	-0.010974	-1.15307	0.508167	-0.531119	0.550843	-1.50925	1.12745	
0.966224	-1.06537	1.65399	-0.891984	0.386351	0.188374	0.196509	-0.241675	0.579383	-0.291754	1.17745	-2.82528	0.410331	-1.55076	-0.522932	0.740668	-0.991464	1.68236	2.05728	0.979407	
-0.302704	0.911916	0.888416	-0.436955	0.980676	-2.56234	0.21647	-0.773278	0.745018	1.0126	2.48882	-0.933856	1.35899	-0.247332	0.320156	0.19327	2.42804	0.249897	-1.32522	1.00717	
0.772563	-0.177906	-0.123295	1.27525	0.0924256	0.397254	0.00682444	-1.33899	0.1625	0.0580449	-0.584467	-0.981654	-0.491824	0.692544	-0.917165	0.100421	-2.87309	1.91671	-0.214337	1.45788	
0.581082	0.364565	-1.06749	0.509138	-1.17461	0.117259	1.50728	1.07693	-0.527391	-0.455247	-1.43244	-0.0609325	0.0504989	-0.587247	-0.0526542	-0.555458	-0.347024	0.0408172	1.46314	-0.324681	
0.750056	0.00131048	1.35253	-0.603274	0.804514	0.0841351	0.490315	1.60616	0.0547984	0.228899	-0.167124	-0.260215	0.958187	0.0320724	-0.026661	-1.35934	1.25424	0.60133	-1.52772	0.477419	
-1.6797	0.459464	-0.421393	-1.93281	-0.801316	1.35742	-0.954121	1.1252	-0.488025	-0.241988	0.999726	-0.599577	-1.41279	-1.12182	-0.304726	1.54257	-0.292751	0.610498	1.07018	1.93538	
0.0392767	2.1123	-3.23627	-1.19313	-6.13222	2.8706	-2.93805	0.608155	1.44579	2.23989	0.473265	2.19208	0.79148	0.384191	0.107197	-0.455582	-0.685963	-0.508683	1.78144	1.14615	
0.906357	4.44233	-3.81388	-3.5904	-9.90127	-0.231816	-10.0288	1.88124	6.36959	4.0434	0.502792	4.45868	1.77484	0.903904	-2.09074	1.77823	0.368912	-3.39512	3.96285	4.77596	
-0.869659	0.686189	0.556637	0.335619	-0.705885	0.724531	0.254945	1.44627	-0.267738	-1.22891	0.698719	-0.292818	1.17096	-0.0779743	0.047805	1.37989	1.20059	0.478066	-0.540053	0.220925	
-1.82858	1.01211	-0.798182	-1.2349	-2.75007	1.22137	-3.04266	-0.184425	-0.0565206	1.57263	0.438352	1.42244	-0.550149	1.0485	-1.51108	0.0171992	-1.01386	-0.0657339	0.0775672	0.523141	
0.992223	3.78784	-2.04427	-5.00987	-4.34381	-0.656147	-3.14791	1.86365	2.1205	2.30706	0.502264	0.797496	2.39719	-0.253943	-0.810655	-0.206502	0.256287	0.211244	3.68418	3.00293	
-1.85886	0.394905	1.27095	-0.225577	1.68097	-0.216629	0.970661	-0.618279	-0.309402	-1.41862	-0.720963	0.348078	-1.00347	-1.4065	-0.627271	-0.36782	0.326569	0.11571	1.62344	0.878253	
-1.2672	0.403343	1.2432	-2.35302	0.00436714	-0.620628	2.00883	0.672018	-1.1872	1.86045	-1.97354	1.40246	0.515527	1.00591	0.731969	-0.628854	1.27517	0.120084	0.496438	0.508557	
-0.554468	0.665345	-0.6533	-1.6639	0.36451	0.239031	-0.562332	0.629286	0.258699	-0.279801	0.251593	-1.66988	0.752883	-0.457604	-1.50623	-0.336085	0.304365	1.04003	-0.58123	-0.127215	
0.485904	-0.663157	-0.206275	-0.998557	0.663301	-0.233513	-0.357952	0.639882	-1.43354	-0.689169	0.795101	1.03375	-1.14825	-1.02082	1.27292	-0.418441	-0.603239	-1.45038	-0.77237	-1.0749	
0.388809	1.04704	0.258207	-1.24666	1.41046	0.424852	-0.0868439	-0.762157	-0.170986	-1.50359	-0.269191	0.401167	0.225085	1.04076	-0.767569	0.737081	-0.850928	0.287304	0.090211	0.934156	
-0.694074	0.42633	-1.70036	1.25012	-0.854847	0.37301	-1.02347	0.990035	-0.784331	-0.450347	-1.52344	-1.24831	0.0471905	1.22529	-0.99755	0.0299232	1.63346	0.0183114	2.17095	-0.354235	
0.588141	-1.62762	-0.323376	-0.0660896	-0.558652	0.849865	0.9684	0.453784	-0.131133	0.381834	0.118862	0.398966	0.00964433	0.754467	-0.652689	-0.00459221	1.77308	0.657367	2.15112	-0.0783256	
-0.961903	0.777211	-0.32999	-1.56935	0.788129	-0.7214	-1.8646	0.594556	0.35958	0.342896	0.430682	1.07374	0.086566	0.141934	1.10422	0.979689	0.321032	0.760597	0.117471	-0.491055	
1.27214	1.771	0.891872	0.906281	-0.932611	-0.359746	1.2919	-1.82432	-1.20975	1.07251	-0.449061	0.522308	0.471702	-1.62167	-0.212288	0.441135	0.449236	0.600599	1.07603	-1.00691	
0.106788	1.41078	-1.01143	-0.980732	0.655942	-0.349004	0.542207	-0.333285	2.0019	-0.88332	1.21521	-1.24828	0.835753	0.0725279	0.876869	-0.285358	-0.21005	-0.735041	-0.311696	-0.18193	
2.00909	0.277477	0.410109	0.965376	-0.893157	-1.4735	0.0937914	0.432374	-0.0792795	-0.268396	1.29468	0.244274	-1.05468	-0.364235	-0.721583	0.419858	1.10824	0.178603	0.751546	0.743033	
-1.22869	-1.47667	-0.909979	-0.24275	-0.938311	-0.262607	-2.26897	0.23212	-0.789955	-0.509231	2.01839	0.966008	-0.421446	0.153644	1.02511	0.00454776	-0.373788	-0.911678	1.08126	-1.22101	
-1.68452	-0.519122	0.652989	-0.195362	0.630249	-0.0262603	-0.29465	-0.792389	-0.856031	1.03747	-0.166153	0.167041	1.1306	-2.50758	0.60365	0.239701	-1.55235	-1.80278	-0.668252	-0.211154	
-0.579249	-0.489275	1.63443	0.671284	-0.356505	-0.059979	-2.41437	-0.905529	-0.522098	-0.263459	-0.0864389	-0.811332	0.658158	-0.591523	0.00677847	0.0382212	0.903932	-0.0395208	0.550783	-0.78704	
1.6157	-1.20345	2.25984	-1.79764	-0.704399	0.771492	-0.628442	1.923	0.0119269	-0.27139	0.307302	2.2542	-1.33074	0.764773	-0.265418	1.33577	-0.677748	0.441954	1.71146	0.45	
-0.518824	0.1771	0.72731	2.24629	0.164847	0.720348	0.693367	-0.576729	0.751421	0.608953	-0.678346	-0.212317	-0.412218	0.0802939	-0.811878	0.517746	1.19482	-0.503116	-1.01705	-0.190999	
-1.95443	0.600866	-1.4589	0.82601	1.13215	0.56088	3.11814	0.905506	0.438292	-2.11863	-1.14653	1.29949	-1.023	-0.77362	1.32165	-0.29288	0.54477	-0.790918	0.755799	-0.916102	
-0.245365	0.0727355	-0.577422	-0.888899	0.636619	-1.00451	-1.11635	0.721761	-0.911652	1.38383	0.234094	0.0623923	0.823115	0.70663	1.27512	-1.71948	-0.0879061	-0.656248	-0.00863659	-0.236408	
-0.729987	-0.112151	-0.0954744	0.376457	-2.0849	-0.606536	-0.853631	-0.600953	-0.080499	-0.27361	1.71526	0.747416	0.345031	-0.894916	0.618	0.285618	-0.296779	0.774212	-1.22248	-1.39845	
-0.766492	-0.205519	0.0688926	0.821019	0.508309	-0.359386	-1.47185	-1.17722	0.953348	0.0078775	-1.97212	0.577809	1.29501	0.306923	0.450549	1.53776	-0.795363	-0.821474	-0.055042	0.578174	
-0.735606	0.760702	-0.571593	1.28225	-0.553481	-0.604847	-0.197931	-0.284138	-0.244057	-0.303718	-1.18286	0.278793	-0.359781	-0.679578	1.44901	0.259567	0.841156	1.13444	-0.908055	-0.340732	
-1.98248	2.06277	-0.379249	1.23321	-0.238779	1.72717	-1.6949	-1.24277	1.66599	1.07465	-0.146792	1.14278	-0.318433	-0.674448	-0.318909	-0.485742	-1.90501	-0.504562	0.532648	0.168999	
1.98705	-0.116265	-1.21692	1.01407	0.290208	-0.296385	0.613667	0.255877	1.08159	-0.487534	0.95574	0.465154	0.820134	0.0723793	-0.0134397	0.383073	-1.1403	-1.31828	-0.871396	-0.950332	
0.207429	1.64357	-0.513002	0.786092	-0.613163	0.478905	-0.759141	-0.467357	0.399029	0.00296965	0.285722	-2.02642	-1.26043	1.46575	-0.944659	-0.375303	-0.741828	-0.215801	-0.0744789	-0.191499	
-1.31122	-0.883047	0.147333	1.35475	0.232354	1.02311	0.261898	-0.995807	-0.660655	0.837046	-0.51478	-0.542413	1.17245	1.18609	3.13673	-1.44939	-1.08165	-0.575808	0.618514	-1.0316	
-0.88196	-0.594688	-1.35005	0.268822	-0.381502	1.98757	0.215163	0.4201	1.56984	1.26348	-0.52557	-0.16548	0.774293	0.301475	-1.56523	0.0241022	1.11471	0.700973	1.42055	1.91062	
-0.701485	-1.06507	1.52844	-0.861242	-0.921734	0.498465	-0.118429	-1.07413	0.166945	0.875392	1.61383	-0.247588	-0.490092	1.48231	0.946681	-0.526466	-0.62305	0.947229	-0.164604	-0.107661	
0.174454	-0.411291	-1.03193	-0.855158	1.14529	0.0236786	-1.56163	-0.920663	-1.09807	2.16105	0.460035	-0.511707	-2.08014	-1.42829	1.11738	1.46131	-0.712257	0.421842	1.54972	-0.923026	
-1.73415	-0.608096	1.97287	-1.12984	0.777344	-0.841733	-0.518344	-1.85434	-0.967784	-0.00992219	-0.0227735	1.52081	-0.571966	-0.422477	-0.377871	1.11188	0.905015	0.950043	-0.702908	1.50857	
-1.00053	2.0287	0.792779	0.521909	0.667343	-0.811953	0.495147	1.73395	-0.0681107	1.55163	0.193653	-0.56553	-0.823408	0.350335	1.10176	-0.656124	0.338023	0.136886	0.154741	-0.619457	
0.588879	0.601384	-0.727145	0.363844	1.22402	1.0872	-0.229474	0.278757	0.193689	-0.883043	0.081306	0.0944694	0.0179014	0.980905	-0.907451	-0.383611	-0.202129	-0.973893	1.32684	-1.16146	
0.461058	-1.21693	-2.08294	2.00213	0.601527	1.91393	-1.19389	0.656767	-0.153264	1.31275	1.9523	-1.26266	0.357808	1.38049	-0.822307	-1.61539	-0.396853	-0.0754804	-0.0613831	2.12121	
-0.0627429	-0.994476	-1.85086	2.39203	-0.683431	-0.908227	-0.454977	0.777392	-0.0117154	0.702336	0.926402	0.451423	1.21511	-0.149835	-1.23055	-0.276848	-1.23582	0.655247	1.01851	-0.311025	
0.0242997	-0.449669	-0.250864	-1.39455	-1.11203	0.529124	-0.893319	0.0514099	-0.077159	-0.169576	-1.24126	-0.985887	-0.443591	0.165202	-0.164553	0.516041	0.188283	-0.120586	-0.799315	0.613043	
-0.386574	-0.202067	-0.457764	0.286439	1.69859	1.0414	1.25039	0.931109	-0.393661	0.423105	0.330334	-0.0831636	1.79277	-0.536362	2.1213	0.550501	-0.140968	-1.32887	0.876668	0.80344	
0.801433	0.536405	0.055912	-0.290985	0.251359	0.838466	-1.28824	0.515656	-1.0473	1.76612	0.369224	-1.16552	-0.787504	-0.0743124	1.27647	1.48401	-2.12488	1.86336	0.202529	-1.49977	
-0.816081	-0.563747	-1.03349	1.31947	0.27941	-0.225298	0.199837	1.18259	1.24692	-0.629737	0.396225	1.76781	1.5049	1.36363	0.0571029	0.424035	-1.69809	1.3915	0.272258	-0.74528	
1.59661	-0.516252	-0.347251	0.0953539	0.901233	-1.34111	-1.16889	1.18433	-1.10531	1.77787	0.448535	0.729295	1.33064	0.909014	-1.69349	1.37783	-1.47758	0.463643	-0.480928	0.24268	
-1.44334	-0.923765	-0.543226	-0.731814	-2.08432	-0.819679	0.750912	0.617022	-1.13058	-0.0491649	-0.776081	-1.13061	-0.120747	1.0823	1.16126	0.151914	0.439551	-0.529216	-0.558628	-0.637975	
-0.0872906	-0.286445	-1.55998	0.645534	0.868699	-0.0524491	0.478154	-0.211014	-1.25167	-1.72848	-1.66489	-0.937098	0.609648	0.0439547	-0.619319	-0.901236	1.87594	-0.280023	0.0959765	-1.80173	
0.930075	0.972649	-0.809222	-0.0634841	-0.360363	-2.36953	0.528044	1.48435	0.943942	0.175512	-0.558228	1.94211	0.347515	-0.687439	1.63752	-0.272747	1.64135	0.669183	-0.521184	-2.2467	
0.125879	0.251846	0.961112	0.972724	0.376594	-0.55074	1.72442	-1.36662	0.557267	0.0915852	0.371672	2.03685	-1.66507	-0.168794	0.932646	-0.737843	1.88914	1.18375	0.151526	0.30895	
-0.0908908	1.45778	1.32034	-1.50368	-0.0484593	1.09732	-0.73186	2.84552	-0.0607448	-0.308565	0.951412	-0.0527953	0.789841	1.16339	-0.953612	0.549939	-0.359794	0.0282435	1.47574	1.36697	
-0.850643	2.08495	-1.09094	-1.57068	-0.595571	-1.16844	0.836794	-0.65976	0.931119	1.50574	1.93194	-1.04495	-0.519596	0.398714	1.20963	0.518541	0.211389	-0.605517	0.980669	0.55532	
0.568178	-0.634516	1.0869	0.486493	0.08047	-0.500103	0.0923543	-0.193706	0.0239838	0.326953	0.639682	1.78492	1.33538	0.821645	-0.130635	2.22111	-0.755714	-0.408531	1.16494	-0.559083	
-1.53896	1.0952	-0.860313	-0.286924	-0.726334	-0.879769	-0.800277	1.29961	-0.599194	-1.87137	0.385096	-1.03987	0.449356	0.0382032	-0.548399	-0.144945	-1.91235	-1.26657	-1.09497	0.0177107	
0.272311	-2.99067	3.87576	2.78896	5.06511	0.635678	4.79425	0.0868279	-3.58685	-2.87197	-0.669424	-2.42243	-3.39887	-0.39599	0.495902	0.393402	0.798179	0.485675	-1.42902	-2.7056	
-0.675816	-0.131074	-0.357589	0.5474	0.570468	0.269094	0.146829	-0.446395	-1.60102	0.182906	0.368779	-0.501648	0.135435	0.408309	0.773216	-0.52089	0.324409	2.11255	-0.717238	0.026977	
-0.970755	0.30879	1.03613	-0.197596	0.587713	0.690145	-1.14641	-0.769604	1.69565	-0.147664	0.406999	1.99907	-0.744316	-0.661189	-1.38693	0.0472504	-0.745982	-1.40759	-0.769286	-0.818179	
-1.73995	0.246438	0.193715	-0.441785	0.245518	0.617289	1.57482	1.03316	-2.21445	-0.0316749	-0.0888599	0.197828	0.472465	-1.60769	-0.677738	1.03722	-1.23068	0.918339	0.31369	-1.51184	
-1.00077	1.13255	-1.60838	0.257162	1.23891	-0.632125	2.82564	-0.0213097	1.02567	1.33073	-0.594345	0.346356	-0.845668	-1.39235	0.494055	0.326207	-0.702904	-0.65195	-0.238791	0.733298	
1.6054	-0.403073	0.413109	-1.57085	0.640854	0.770963	-0.233818	-0.415669	-2.02355	2.37697	0.615717	-0.750402	-1.0508	-0.329897	0.721858	0.399383	-1.65981	-1.26625	-1.19414	-0.687444	
0.380441	0.810206	1.14666	-0.00231389	-0.577854	0.616949	1.04623	0.654361	0.926558	0.038695	-0.973911	1.76702	0.216976	-0.551418	0.978639	-0.198134	-0.525301	-0.280412	-0.582836	1.04108	
1.2398	-1.10482	-0.839536	0.395926	0.011295	-0.589174	-1.14099	0.82014	-1.38239	2.21879	0.121335	1.25159	1.25208	-2.40512	0.73825	1.04785	-0.125293	1.87004	2.02307	-0.689138	
-0.273266	0.2065	1.85263	-1.26116	1.01311	0.115919	-0.857707	-0.0174533	0.221476	-1.4325	1.42468	1.4182	-1.10819	1.16149	0.641514	0.365642	-1.51785	-0.133072	0.479813	-0.204923	
-1.60524	1.29607	-0.0458807	-1.29429	-0.168888	-1.37414	-1.10831	0.0831371	1.37435	0.824853	0.450838	-0.825555	0.214745	0.925918	-0.163074	0.358842	1.04666	1.42843	-0.0558314	-1.13249	
1.35069	1.4623	0.379643	0.455746	2.10988	-1.89574	-0.227762	-0.111525	2.37028	-0.128315	-0.133563	0.444061	0.53509	-0.652141	0.436632	0.427807	-0.0499831	-0.0241672	2.3335	1.17684	
-1.65069	-1.81261	1.02169	1.53699	-0.284943	2.644	-0.109548	0.460957	1.21455	-0.228418	-0.285081	-0.911636	0.437884	2.16423	-0.0146765	-0.606612	0.524327	2.04181	0.691272	-1.04977	
0.0567039	-0.108002	1.48412	1.39904	-0.871933	-0.335382	0.281827	-0.75187	-0.744571	0.218037	-0.102376	0.980131	-0.154676	1.92357	0.893508	-0.351111	0.656065	-1.48224	-0.0374519	-0.321282	
1.94847	-0.174989	0.824048	0.108669	1.78151	-1.14475	0.576077	-0.70694	-0.299536	0.216828	-1.46448	-0.607138	1.06698	-0.846902	-0.856591	0.635359	0.234583	-0.248825	0.283341	0.558702	
0.594859	0.630117	-0.0106298	-0.63783	0.130203	-0.315966	0.514564	1.05852	-0.0776647	-0.449057	0.320059	-1.92057	0.384921	-1.01172	0.618321	0.539932	-1.35007	0.0277897	0.0242708	-0.0201697	
0.167043	-0.779944	0.666595	0.66159	-1.66082	0.340582	0.342004	1.03438	-0.0722583	-1.20379	-0.140071	-0.0884785	0.0933193	-2.12831	-1.71358	0.148732	-1.67425	0.210443	1.43255	-0.466577	
-0.113807	-0.578463	-0.555089	0.500052	-0.918784	2.0602	-0.772914	0.376946	0.912646	0.0654001	-1.90987	-0.944242	1.91553	-0.963874	1.0738	-1.53587	0.783261	-0.163563	-1.29957	0.565769	
-0.738848	-1.36299	-0.774107	1.01717	-0.545141	1.13383	-0.931276	-0.687727	1.06048	-1.67107	0.579333	0.4427	-0.888419	0.585458	-1.36587	1.06054	1.9792	1.2129	-0.0477316	1.06997	
-0.794252	-0.803914	2.33984	-1.3967	1.57923	0.647935	1.23808	0.348368	-0.564029	-0.136463	-0.279337	-0.248834	1.28454	1.08393	-0.914574	1.4224	-0.0114162	0.0379146	0.956258	0.849111	
-0.89868	-1.65518	0.421357	0.0836969	1.3225	1.57953	-1.06944	-1.09124	1.01467	0.312928	2.00518	-0.148066	1.66664	1.14474	0.545417	-0.127323	1.28133	-0.79272	0.833877	0.661335	
-0.0418727	0.444377	-1.45632	-0.835896	0.551768	-0.702219	-0.868728	0.280282	0.660573	0.184178	1.4023	0.211	-0.0691807	-1.25701	-1.5263	-1.21602	-1.62334	0.210606	1.08186	-0.572718	
2.09144	-1.62245	-0.636295	1.33521	0.0350821	0.143956	-1.6643	0.430773	-0.708123	1.31273	-1.95935	0.477955	0.565234	0.0255154	-0.312751	-0.869062	1.73497	0.511921	0.466088	0.861272	
-1.68705	1.28672	0.251747	-0.0788883	-0.305925	-1.38144	-0.242936	0.364175	-0.597081	0.68966	0.221194	0.312741	-0.495523	1.50636	0.345369	0.515072	-1.6584	0.525787	-1.65843	-0.948169	
0.735365	0.0995766	0.117043	-0.949494	0.13752	-0.500286	0.833639	1.48855	1.18485	-0.0617061	-1.04685	-0.0563905	0.804467	0.546175	0.0554028	0.515288	-0.0582688	0.617052	-0.0292725	0.186433	
1.72591	-0.48562	0.631319	1.87859	0.902932	-1.22957	0.0420104	-0.250757	1.38837	0.0966739	-1.18425	0.685574	-0.218228	0.523561	-0.36143	-0.930189	0.543308	-0.629691	-0.15517	-0.683875	
-0.649396	-4.22829	3.04255	4.06974	9.33401	0.117673	5.01052	-0.121882	-4.23885	-2.86943	-0.847422	-4.26917	-2.53466	0.530657	1.05667	-0.281639	0.661261	0.84913	-3.76165	-4.11544	
1.2971	0.829807	-0.0377262	-0.333456	-1.74812	-1.77812	-0.578884	-0.335513	-0.521502	-0.50032	1.71934	-0.255457	-0.582763	0.52004	-0.580558	0.437379	1.27134	0.429461	-0.317954	1.0352	
-0.640412	2.55859	0.781127	2.06904	-0.285998	-0.113353	-0.189517	0.979453	0.132908	-0.820669	0.867124	-0.504463	1.79583	-0.0167372	-2.55021	-0.986312	-0.88529	-1.02085	-0.179661	-1.24894	
2.18297	-0.429643	0.463555	-0.457861	1.00617	0.723427	-0.95162	-0.641889	-0.170684	0.369786	-1.47065	0.144654	1.11054	-0.369026	-0.376302	0.320319	-0.0833392	-0.300262	0.410153	-0.145022	
-0.504498	1.63331	1.71877	1.08842	-0.53232	2.47319	0.899855	-0.434207	0.95588	-1.01644	0.642356	0.417325	0.952313	-0.460411	0.609149	-0.569365	-0.329281	-0.372706	0.442581	0.62249	
-0.889572	1.08883	-0.67652	0.809496	-0.587207	1.15205	0.142813	-0.0169444	-0.929293	-0.706813	-0.944148	-0.122219	-0.233935	0.071174	1.453	-0.331667	-0.36203	0.499107	1.25625	0.332242	
