-0.052256	0.188321	-1.25542	-1.63276	-0.89663	0.854479	-0.547214	1.0684	0.940479	-1.08011	-1.91763	0.393775	1.26578	1.63662	-0.292934	-0.357776	0.230648	1.24815	-0.706663	-2.28581	
-0.862168	-0.142054	-0.231478	-0.784127	-0.884342	-2.57644	-0.784724	-1.43648	-1.11681	0.0896598	-0.512155	1.03345	0.431848	1.40318	-0.271573	0.299445	-0.277055	2.86843	0.560797	-1.30324	
-4.90502	8.31917	10.5394	-10.9313	1.47073	-1.44871	3.7944	9.6956	4.22789	3.99058	-1.01099	3.83017	-1.19123	3.01672	3.70553	8.37267	6.85707	-4.2043	4.47292	4.03402	
-0.388334	0.375626	1.11018	-0.0920643	0.886112	1.13046	-0.490712	-1.77797	-0.486505	-1.28364	-0.866493	0.845702	-0.455039	1.03106	0.119478	-1.23347	2.12373	1.03966	-0.0882659	-0.130385	
-2.72034	1.30532	2.15233	2.70059	-2.19698	-0.201334	-0.401619	-1.97876	-0.89436	-1.51834	0.539494	-0.299318	-2.26216	-0.67748	0.141778	1.91683	-1.99544	3.72626	0.063605	0.98753	
-6.3189	7.25111	2.88022	4.16884	2.46991	1.75857	2.28243	0.187634	4.85701	1.61434	-2.72403	4.28808	-7.41897	-1.47903	2.51681	1.72747	-3.70945	9.00614	3.89252	2.43618	
0.0852861	0.701455	1.94688	-0.433025	-0.0393451	-0.986752	-2.16375	0.25264	-0.285674	0.305158	2.03689	-0.155602	2.09339	0.623328	0.851149	-0.633891	1.43754	0.567666	-0.172432	1.28136	
-0.3522	-0.663012	0.224578	-0.0979941	-0.487091	-0.00438872	-0.677339	-0.000224027	0.588064	-2.11672	0.79913	0.757922	-0.791579	0.0776342	-1.56698	-1.41942	-1.68726	0.379454	-1.21051	-0.654289	
1.15682	-0.911721	-0.153659	-1.43	0.885239	0.960203	1.74245	0.0983927	0.422593	0.943862	-0.962185	-1.87556	0.0207023	1.22329	-0.0663683	0.183211	-0.913512	0.754917	0.599062	1.82221	
-2.66425	2.89066	0.176444	3.56021	1.13221	1.55342	1.99279	-2.7997	2.87428	0.249899	-1.12481	1.20191	-3.3662	-0.986882	-0.502943	-0.498843	-2.83635	5.49579	2.63492	1.43684	
0.626826	0.601544	0.11589	-0.0365995	-0.353158	1.26165	1.25969	0.668533	-1.47802	0.229343	-0.0233849	-1.41199	-2.04766	-1.05153	2.4937	1.28048	-0.108284	0.030853	0.136479	-0.532618	
0.830529	-1.48866	0.737399	-1.49682	-1.19857	-2.61528	0.674321	-0.012636	0.375171	-1.52836	-0.0187338	-2.06442	2.69325	-0.52583	1.10374	-0.465623	0.171626	-0.409963	-1.2377	-0.792644	
-1.85203	-0.22918	0.169348	-0.305695	2.34399	-1.99443	0.0521179	-0.108181	2.40717	0.601094	-0.648633	-1.1025	1.13769	-0.312526	-0.114081	-0.33446	-0.721773	-0.703446	-0.988754	-0.325628	
-0.566369	-0.731502	-0.699702	-0.698287	0.125096	-0.331488	-1.07841	-0.968392	0.703149	0.00580641	1.25535	0.845293	-0.799652	0.10958	0.219658	1.38098	0.79703	-1.56031	-0.486034	-0.352951	
1.05789	0.0279666	0.82057	1.04022	1.85805	0.516678	-0.203195	-0.852516	-0.598302	-1.47744	-0.0822135	0.08385	-0.47253	-0.537772	0.931529	1.15905	0.739796	0.178592	1.04032	0.610227	
-0.592132	0.827414	-0.49313	0.965136	-1.51924	1.08171	-0.322865	0.252767	-0.181348	1.58981	-1.55478	-1.52074	0.0121928	1.42817	-2.46505	0.0921924	-0.425585	-0.637003	-1.11773	0.975597	
-0.0106292	-0.887922	0.673121	0.233167	-0.139987	-0.314457	-0.633959	-0.152391	0.330956	1.46246	0.0860242	-0.642392	-0.376852	0.932423	-1.59398	0.663558	1.94822	-1.18003	0.200261	-0.414832	
-0.40774	-1.93389	1.44681	0.0759947	-0.108552	1.50055	-1.1161	-1.28986	1.38724	-0.402406	-1.5775	1.03707	0.203202	0.258667	0.630563	-0.756402	-1.42233	0.224614	-0.0843445	0.358551	
-1.94963	3.26678	-0.758039	1.78561	-0.198991	0.501308	-1.04306	-0.539852	0.141105	0.244003	-1.73208	1.79206	-1.91342	-0.813196	-0.498518	1.42701	-1.83933	5.44668	0.218839	0.641385	
-0.5096	1.2698	-0.0125323	-0.630185	0.387161	0.339208	-0.819275	1.33009	0.693415	2.48938	-0.925721	-0.828456	-0.338615	-0.978576	1.14601	2.81463	-1.20936	0.269754	1.07844	0.636973	
0.902296	-1.22322	-0.843663	-2.47365	0.362702	-1.6741	-0.485025	1.07468	-2.62679	-0.849512	-0.395388	-2.54767	1.67755	-1.53448	1.02376	-0.397892	1.64739	-3.00804	-3.42465	-1.90032	
-0.909014	-0.449924	1.08713	1.36557	-1.13496	-0.46643	-1.34187	-0.180587	-0.91652	0.838775	0.662505	-1.06723	0.281964	1.07167	0.158127	-0.0169883	-2.1163	-0.203521	-0.558769	1.29459	
0.270826	0.0747062	1.8256	-0.599612	-0.463821	-1.28332	0.0364237	0.209401	0.85994	1.34381	-1.33829	0.901748	-0.556531	0.4458	-0.742687	0.741639	0.933546	-0.9151	2.08819	0.208291	
0.463809	0.606032	-0.438468	-0.402099	-0.108841	-0.696499	-0.756724	0.97908	-1.50856	-0.116328	0.390755	0.110982	-0.0465125	0.509532	-1.72875	1.80543	-0.114255	1.52657	0.324295	0.689147	
0.610976	0.795087	-0.336311	-0.869227	-0.552267	0.196902	-0.0346751	-0.731091	-1.24981	-0.828507	0.588131	0.485266	0.782296	-0.409055	1.06152	-1.64249	-0.099844	-0.407618	-0.744469	-1.44379	
-1.86055	-0.436816	-0.311751	-1.38375	-1.82658	-0.0517003	0.733871	-1.49588	0.475964	1.67442	-1.54852	0.152606	1.84888	-0.494109	0.110631	-1.95246	-1.03187	0.851677	-0.621828	0.362655	
-12.2319	7.22434	-1.80677	15.7303	-1.63567	5.87878	-2.58255	-8.64112	7.66673	1.40842	-0.770365	11.7519	-12.3136	-1.48455	-1.20875	0.869281	-15.7099	21.2445	7.76003	4.03062	
-1.25256	-0.0405978	0.826472	0.325522	-0.089789	-0.299603	-1.71318	1.61084	-2.23463	0.616925	1.39361	-1.23592	0.401557	0.0177191	0.413907	0.999228	0.554455	-0.00670419	-0.358629	1.03573	
1.8247	-0.117223	-0.539142	0.962553	0.293789	-1.88075	-1.90764	-0.0774644	-1.10689	-1.20398	-0.0385043	1.18209	-1.99424	1.70325	-0.316253	-0.0025074	-1.50238	0.216789	-0.31415	-0.153518	
-2.10235	2.36647	-0.0774354	-0.764374	1.15365	-1.94733	1.78846	0.100995	0.254581	-0.411522	0.19008	1.11477	-0.830592	-0.719771	-0.896281	-0.441779	-0.648112	0.00237524	0.0387571	-0.126456	
-4.8694	9.55665	8.96922	-10.1202	1.15256	-2.9607	3.2231	7.64538	5.90458	2.51384	-1.44517	1.7987	-2.2716	3.41367	4.41233	9.41729	4.84823	-2.88218	5.7163	4.10742	
-1.45399	1.10677	0.872746	2.48756	0.457647	1.04384	-2.08642	-0.865117	0.547742	-0.490091	-0.785799	2.77863	-1.23839	0.348466	-2.6067	-0.33164	-4.08023	4.04958	1.87267	1.2522	
0.0912411	1.55989	-0.56918	-2.11523	0.999619	0.552661	-1.07619	-1.13705	0.998678	-2.06638	2.13202	2.16029	-1.50035	-0.320422	-0.179443	-0.317954	0.297915	0.0623886	1.00331	-1.67411	
0.164424	1.80869	1.35114	0.277111	-0.569284	-0.130342	-1.12634	-0.49925	-0.781337	-0.628022	-0.176246	1.3849	-0.230921	0.21033	-1.35138	-1.46126	-1.84657	0.475194	-1.0982	-1.07727	
1.22168	-2.90267	-0.855128	1.90568	0.776264	-2.09148	-0.618895	-0.590867	-1.24475	-1.40158	-0.919757	0.101925	-0.946269	0.962741	0.693411	-1.8379	-1.0105	1.10256	-0.926091	-0.311978	
0.672291	2.20263	-0.365682	-0.432146	-0.145351	-1.74107	0.224967	0.735131	0.253143	-0.0882292	1.19052	-0.29427	0.133444	-0.228125	-0.013253	-0.95103	0.174165	0.611987	-3.21571	0.312113	
-0.810065	-0.760826	-0.156364	-0.526933	1.51186	-2.64127	-0.462744	0.691798	-2.45001	-1.37826	0.393158	-0.154666	1.53993	0.922904	0.686223	0.485381	-0.771092	0.217946	0.0597607	-0.146859	
-0.719777	-1.35311	0.38179	-0.149859	0.185004	-1.07392	-2.00884	2.79557	-3.2159	-0.40063	-0.161766	0.153499	-2.18925	0.327165	0.517872	0.903922	1.39993	-0.608755	-0.198678	-0.433865	
-0.220708	0.350204	-0.48754	-2.25224	-0.453345	-1.20458	-0.882115	-0.0491126	1.85756	-0.18307	0.481254	-0.389504	-0.00489012	0.185334	1.02328	-1.06336	-0.297937	-1.357	-1.03799	0.0135464	
-1.87837	0.491272	-0.569907	0.148953	-0.93551	-0.559011	-1.10402	-0.670744	-0.613683	0.88863	-0.598434	0.114181	0.709145	-0.102778	0.684689	0.304909	0.76967	-1.66314	-1.10689	-0.373836	
-1.82445	1.57323	2.079	2.14133	0.143939	-0.268851	-0.82932	1.00127	0.313748	-1.15255	-0.960343	0.475076	-0.135389	-0.324536	-1.05024	-0.762328	3.23794	-0.784037	1.74526	-0.347498	
0.0703391	0.914616	-0.591403	2.60146	-0.510261	0.0261916	3.33103	0.885219	-1.69463	0.0538957	1.62946	0.593234	-1.18435	0.563321	0.434848	0.0126394	1.16092	0.282273	0.284286	-0.0367691	
-0.364535	1.5318	-0.472466	0.262417	-0.681767	-0.146988	-0.128047	0.805364	0.525649	0.547099	0.933787	-0.658108	-0.570491	-0.0625776	-0.114098	-0.492506	0.682448	0.985089	0.397467	0.454705	
0.67437	-0.39458	0.722472	-1.04145	-1.24174	0.117333	0.137984	-0.850299	-2.05312	-0.165943	0.688444	-0.109784	-2.48247	0.715687	0.320877	0.0406496	0.273136	0.469733	0.689744	-1.0422	
-2.25013	0.645389	0.786801	-0.521982	0.717976	-0.242257	0.670789	-1.29924	0.613809	-0.92666	-0.616827	0.790492	-1.67314	0.620842	-0.230232	-0.980254	-0.894343	1.58504	0.703993	0.120418	
-0.806835	1.29419	0.82668	-1.12905	-0.956046	-1.34324	0.320579	-0.976277	-2.07788	-0.520778	-0.96422	2.06111	-0.600459	-0.168764	-1.6355	-0.826578	0.671813	-0.146238	0.552791	1.48405	
-0.00801106	3.13011	2.38257	-2.98959	-0.55232	-2.00961	0.774593	2.72275	0.893111	2.22235	-0.152021	0.410133	-0.792347	1.10619	0.156389	1.46057	1.56704	-1.75545	0.64085	2.54357	
-0.0208388	-0.625004	0.6639	0.781334	1.96455	0.596699	1.78582	0.431456	1.31235	0.250271	0.364908	0.690703	0.620618	0.38193	-2.22035	-0.554907	0.70712	1.24024	0.614923	-1.71623	
0.399622	-1.27795	1.13309	0.115144	0.515369	0.889339	0.608782	-0.905882	-0.482223	1.56543	-0.887273	1.42486	1.68606	1.24999	-0.123061	0.153499	-1.26276	-0.244806	-0.0347735	-0.850286	
0.417594	1.65505	-0.717972	-0.872018	-0.232796	1.67735	-0.409724	0.00196603	1.44092	0.878519	1.25632	1.32425	-0.457112	1.49359	0.729658	1.26738	-0.61875	1.50292	-1.77729	0.608459	
0.691918	-1.19791	-2.23312	1.77809	-0.412479	0.968662	-1.13425	-2.57804	-3.13085	0.0510875	-0.242707	-0.00690207	1.12312	-0.492953	-0.0747497	-0.190303	-0.192605	0.305861	-1.42902	-0.524702	
1.2986	-4.29617	-1.566	4.66659	-0.940828	0.668379	-1.64365	-4.00245	-2.01653	-0.661343	1.73055	-1.23687	1.01181	-1.57684	-0.410964	-3.92422	-1.22528	2.36321	-1.05838	-1.37301	
0.720356	0.484721	-0.282442	-1.18846	-0.18645	-0.291679	0.997325	-0.0721642	0.856122	-3.50281	0.176233	0.353904	0.4626	0.273327	-1.00566	0.271212	-2.01394	0.377462	-1.20272	1.18934	
1.11095	-0.738436	0.111695	0.889795	0.297703	-1.26911	1.394	0.208461	-1.17503	-0.256907	-0.964496	-0.71191	-0.915915	-0.72231	-0.0809322	-0.716107	-1.03038	1.73445	1.18088	1.23989	
-1.03953	-0.559763	0.446921	1.48804	0.329037	-0.0225831	-1.37882	0.802374	0.193118	-0.122394	0.596303	0.229333	-0.489569	-1.45069	0.679191	0.690425	0.332778	-0.0245366	1.30286	-1.04318	
-0.567084	-2.31097	-0.38382	-1.70991	-1.42861	0.344886	0.0877008	0.840234	-1.00306	0.480736	0.464252	-1.02117	-1.8198	0.362897	-0.184786	0.147466	-1.8195	3.01408	-2.15592	-1.73553	
-0.897214	-0.253769	0.744778	-0.222966	2.26191	1.37513	1.08716	1.7098	0.597596	1.13564	0.494183	-0.0790145	0.268122	1.90369	0.695315	-1.58552	-1.10307	-0.339857	-0.140037	-1.02339	
0.176028	0.00179319	0.701566	-0.687397	-0.687289	2.14694	-0.64241	-0.634428	-0.771281	0.908827	1.30207	-0.978837	-2.12091	1.63739	1.02016	-0.923177	-0.652114	-1.00212	-1.07527	-0.340066	
-1.28328	-1.11796	-1.71121	-0.495181	0.0380236	-0.426929	-1.94987	0.358605	0.020886	0.881242	0.379128	-0.172567	-0.742391	0.183598	-0.948036	-1.2383	-0.169069	-0.747324	-0.88535	-0.770922	
-2.77582	2.31469	4.38465	-6.42561	0.709511	0.896575	1.8263	4.79417	1.76846	-0.40255	-0.119756	-0.115037	-2.30041	0.890596	3.49545	2.29705	1.16924	0.318626	0.410553	2.25315	
-0.191831	0.115129	1.81746	-1.17374	-0.860635	0.146257	-1.15413	0.820985	0.236875	-0.121899	1.03517	-1.11724	0.534037	0.101533	-0.478429	-0.428347	-1.0046	1.20728	-1.62856	1.91762	
0.22496	-1.37944	-2.75049	-0.75142	0.185963	0.35166	-0.332543	-1.27514	0.303425	0.113698	-1.98342	-0.589631	-0.403563	-0.275697	-1.69017	0.75861	0.268036	-0.0248376	-1.21297	-0.0406779	
-2.83671	1.81672	2.60167	-2.40976	1.32131	-0.471612	1.76108	3.37647	0.799216	0.737211	-0.460253	0.0321091	0.862053	0.685896	2.50585	3.52435	1.64773	0.177687	-0.179403	0.607944	
-0.235863	-0.476463	-0.119227	-0.564861	0.862022	-0.303806	1.6243	-0.0625077	-0.166632	-0.300617	0.150232	0.673372	-0.352615	0.0232212	-1.83848	1.12811	-0.836365	-0.447768	-1.25786	0.626345	
7.00639	-4.74713	-0.928557	-8.51368	-0.628322	-4.68113	0.413153	2.90122	-4.11496	-0.793394	-0.783325	-5.57285	7.06656	1.24541	0.724966	-0.231085	9.83834	-12.7198	-4.95384	-0.959117	
-0.451547	-1.65822	-0.188722	-0.986088	0.384357	-0.312395	0.380095	1.16931	-0.504381	0.480236	-1.43598	-0.975849	0.573436	0.335018	1.56559	-0.670723	0.789598	0.687791	-0.658694	0.514854	
2.61432	-0.939341	0.20963	-1.52597	0.368586	-1.80952	2.79761	1.76639	-0.888866	0.775237	-0.619845	0.455903	0.580649	1.58318	-1.00217	-0.187062	2.27572	-2.27111	-0.0756992	-0.899102	
-0.126548	-1.68533	0.248901	0.32855	1.1663	-0.714558	-0.666219	0.0123666	-0.245237	-0.708697	-0.899045	0.872932	-1.68018	-0.794062	-0.410816	0.438618	-2.05768	1.27265	0.2698	0.484043	
-0.193911	1.17574	0.767942	0.892271	-0.552587	0.623577	0.240229	-0.183925	-1.26183	0.479833	-0.138219	0.0370154	0.880975	-2.18577	-0.721629	0.0373972	0.394616	-0.791546	-0.421576	-0.658044	
0.2136	-0.374992	0.231632	-0.432608	0.0545487	-0.0716589	0.742718	-1.11392	-0.751896	0.609745	-0.548877	-0.42567	1.77135	-0.212079	-1.27272	-0.800153	-1.24552	0.981029	-0.138889	0.347796	
0.631283	0.0118597	0.633186	-0.639502	2.06803	0.823382	1.47196	2.15356	-0.171954	-0.40115	1.05722	0.817073	-0.738224	1.87718	0.535	0.615688	-0.00950036	-0.655686	-0.184203	-0.41077	
-0.453566	-0.292064	0.759586	1.57099	0.184163	1.56172	-0.457131	-1.05287	1.19355	-1.36252	-0.0840679	-1.38695	-0.512961	-0.264586	0.850805	0.63896	-0.68901	1.01018	-0.348093	0.525237	
-0.168689	-0.591929	-1.27757	0.253446	1.23288	0.512175	-0.0651479	1.03463	-0.0921853	-0.809448	0.996216	-1.64671	0.809706	0.467025	-0.810455	-0.670475	-1.12438	0.706106	-0.48366	1.83241	
-0.260685	0.277863	-1.00325	-0.108014	-0.916174	-0.0700522	-0.246438	0.272823	0.311241	0.359173	1.1095	-0.0939238	-1.52343	2.52836	-0.180981	-0.183003	0.862822	-1.23865	0.484904	1.12872	
-1.39675	0.652431	-1.61224	-2.73602	-1.29493	1.6198	-1.0502	0.244789	0.32756	-0.974933	0.739491	0.570584	0.107152	1.13506	-1.60995	0.63359	-0.281041	1.39557	1.13716	-0.8214	
-2.42911	1.54514	1.1324	4.7312	0.921944	-0.762687	-0.764561	-0.507912	-0.180361	0.669813	-1.63091	3.41994	-2.1362	0.17603	-0.053232	1.35906	-4.36724	3.6042	-0.943429	0.807124	
3.72319	-3.89575	-5.96381	5.15005	-0.0716029	0.487076	-0.41388	-4.68502	-3.87593	-1.29197	3.00674	-1.01941	0.0892263	-1.17505	-2.13093	-2.99741	-3.60166	1.03886	-1.71025	-2.56518	
-0.640702	-1.78553	0.918781	-0.233191	0.176767	-0.257733	0.138852	-0.336027	0.609833	1.19367	-0.68484	1.90991	-0.388072	-1.09649	-1.29286	1.58409	-2.25934	-1.8405	-1.18601	2.04867	
-0.251195	0.316669	-1.22809	-1.2983	0.620076	0.200362	0.193956	0.756504	0.0820812	0.126256	1.08397	0.259972	-0.293101	-0.771593	1.08998	-0.988538	0.630287	1.0702	0.718676	-0.987957	
-0.849599	-0.66022	-0.614132	0.932791	0.339341	-0.0981718	-0.421222	0.59798	-0.527729	-0.355382	1.51401	0.970902	-1.29422	0.728263	0.863319	0.563442	-1.49522	0.786043	1.28362	-0.532026	
0.454971	0.358225	-1.67773	0.0570714	0.362304	1.57458	-0.26918	1.90606	1.3231	0.246266	-0.353115	-1.43497	-0.326917	0.778742	1.68492	0.488258	0.00827115	-0.556528	0.149693	-0.546973	
-0.368952	0.588522	-1.09778	1.21735	0.689907	-0.430021	-0.983405	0.454907	0.45133	0.122415	1.28517	1.0569	-0.781986	3.87985	-0.578144	0.544522	-0.0348968	0.7073	-0.364324	0.333234	
-0.925152	0.910037	0.661216	0.0409435	-0.771872	-1.56924	0.923989	-1.10408	0.109346	0.380303	0.135313	-1.09271	-0.473588	-0.0991223	0.743467	-1.16253	0.85119	-0.054629	-0.309003	0.928215	
-4.72179	3.18662	-1.58144	2.86054	-0.0972882	1.98445	-0.250462	-2.70476	-0.346999	1.94341	-0.657225	4.23851	-4.08931	-2.00795	1.14399	0.745622	-4.51676	6.57124	0.352423	-0.184031	
1.23261	-0.500829	0.185089	1.10108	0.560257	-0.487698	1.07804	0.202818	-0.608671	-2.04658	-0.648669	2.18369	-0.176982	1.14099	0.967193	-0.599262	1.08994	0.949142	0.460561	-0.104253	
1.45522	-1.26523	-1.15109	-3.76463	0.795591	-1.30394	-0.413942	-0.391279	-0.149717	1.26586	0.925009	-2.37661	1.67315	1.04124	-0.769069	-0.922666	4.28237	-3.0852	0.102895	-0.435761	
-0.299119	-1.42577	0.194043	0.443879	1.2797	0.308934	-0.063199	0.622293	0.445361	-0.603201	-2.67423	-1.04108	-0.735959	-1.37548	-0.480375	-0.893094	-0.506245	-1.37839	-0.854701	-1.4851	
0.230325	0.538052	-0.367751	0.690476	-0.738687	0.142265	-3.28656	1.53438	0.792781	-0.159024	0.632784	-0.120348	-0.539255	0.662884	-1.65856	-1.02853	0.874768	0.156191	-1.87512	-1.58261	
0.468093	0.142372	-0.45889	-1.58572	0.952266	-1.23942	-0.0663259	-1.38416	-2.78333	0.45502	0.0623644	0.293091	0.865456	-1.49441	1.84777	0.434311	-0.120132	1.34104	-1.59123	-0.346917	
1.00223	0.0513579	0.664973	-1.41343	-0.225193	0.624452	-1.01203	-0.801274	0.41356	-0.68834	0.732493	-1.31767	-1.0649	-1.04987	1.29136	0.69845	0.612615	1.0107	1.12386	-0.271084	
0.899387	0.435879	0.41386	-0.481208	-0.477097	0.744172	-0.0480208	-1.01713	-1.45013	-0.0630394	-2.43402	-1.35889	0.461151	0.191644	-0.73453	-1.24662	-1.26181	-1.45201	0.192465	0.246747	
0.760211	1.7956	-0.292931	0.116016	0.482951	0.341818	1.14107	0.106151	0.461375	-0.756859	-0.377335	-1.18831	1.03952	-0.396977	-1.66172	1.1469	1.64158	-0.375923	2.71663	-0.349625	
0.697303	-0.884078	0.518454	1.1081	-0.51722	0.878895	0.965675	-0.137948	1.02337	0.425388	0.335143	0.222909	0.828235	0.84096	-0.749421	1.3443	0.734203	-1.14392	1.93372	-0.681714	
-1.82311	1.49288	-0.469725	-1.0258	0.491508	-2.04595	1.12369	1.13506	0.22907	-1.86059	0.360305	-0.81449	-0.405939	1.75811	1.36209	0.76759	1.36	-2.26111	0.084406	0.421097	
-0.83428	0.52233	2.34968	0.830928	-0.809383	0.79964	-0.758548	-0.204118	0.672596	-0.491936	0.751663	-1.47104	1.25314	-0.598687	-1.82616	2.6386	-0.105698	1.59376	1.76235	-1.77157	
-0.983051	-2.10228	0.29594	0.141158	-1.23525	-0.45745	-0.894402	0.00763016	-1.04786	-0.00422667	-0.26856	-2.20901	0.703406	0.422707	-1.29116	1.70728	-1.91016	-0.0999799	-2.15962	-0.642996	
-7.99547	3.28224	-1.27699	9.32181	-0.586239	3.1911	-0.385559	-4.27155	3.10988	3.20373	-1.59457	5.88562	-7.33579	-3.51219	-1.40986	-0.900806	-10.0181	13.0743	2.61387	0.838616	
-0.0631389	-0.171662	0.441158	-0.86645	0.366116	-1.30976	-0.607128	-0.0565717	0.967998	1.27185	0.889682	1.13943	-2.4304	0.864169	0.103725	-1.62096	1.1024	-1.27024	-0.389998	0.544124	
-1.84764	0.939015	-2.13316	-0.911023	-0.584464	0.891279	-0.781599	-1.24487	-1.46839	1.55716	1.06838	1.33174	0.231102	-0.062189	0.63758	-0.707961	0.15801	1.21277	-0.866897	0.668414	
1.34007	0.622205	0.0298298	-1.04271	-0.570003	1.00596	1.56293	0.488066	-0.194346	0.0227862	0.517043	2.01008	-0.250301	1.20541	-0.817826	-0.845117	-0.00210628	-0.532009	0.561186	0.987508	
-1.17942	-0.975736	-0.220705	-0.774608	-0.411632	0.133096	0.912593	-0.0496871	0.8918	-0.06992	1.4183	0.663405	0.842013	0.379612	1.11879	0.695873	1.01131	0.853766	-1.02297	-0.658792	
3.93722	-2.14462	0.361348	-1.36528	-1.13131	0.0446354	-2.859	-2.88779	1.06925	-2.12135	-1.31084	2.2592	0.890079	-2.91766	1.65333	-6.65432	-0.54662	-2.22939	-0.967412	1.49766	
2.96286	-3.47782	0.661752	1.20206	-0.492734	-0.144927	-3.01559	-4.17119	3.57536	-3.13885	-3.32641	1.49617	0.455452	-0.617882	-0.554852	-5.04385	-0.890997	-1.91774	-0.361541	1.58952	
-0.650254	-0.700248	-0.820752	0.166837	-0.267457	-0.403406	0.303173	-0.91734	0.94124	-0.517565	0.763887	1.44634	0.830264	1.45979	0.553374	-0.542551	0.384446	-1.02947	0.21177	0.70581	
-0.193797	0.0708436	-0.352697	-0.672757	0.837375	1.03341	0.958134	-0.752125	0.254714	0.0968515	1.02726	-0.0021149	-0.138903	-0.205967	-1.50361	0.245522	-0.407601	0.020744	-0.238445	-0.546411	
3.09775	-2.85059	0.612489	-5.24556	-0.743176	-2.62119	0.14293	3.94507	-3.35735	-0.635277	0.473297	-4.31753	3.87883	1.53968	2.29887	-1.63682	4.62181	-8.2478	-1.28732	-1.87633	
-0.165429	-2.92199	2.22147	-1.5669	0.004628	1.29853	-1.1446	-3.86468	0.663027	0.229112	2.53071	2.21385	-0.733601	0.140352	0.234509	2.36678	1.20861	0.248772	2.1609	0.357539	
-6.78565	4.82581	1.02495	-0.793333	0.45083	-0.805305	4.86603	3.19436	-3.65786	4.74326	4.5556	-3.35002	0.966812	-1.58179	-1.90396	8.23816	-1.18327	1.61936	-1.19708	-5.71103	
0.558394	2.74398	4.14734	-1.37045	0.515015	-3.75944	1.74865	-4.27731	5.22245	2.21188	-1.88216	-1.92268	3.20403	-1.09349	-0.918007	3.73709	-3.43297	-2.68551	-4.3984	-10.3129	
-1.621	0.96821	0.323	-0.394377	-0.599004	0.920847	-0.544343	0.309024	-0.700613	-0.389535	-0.663014	-0.683176	-0.907711	-0.446159	0.875908	-0.224478	1.4032	0.843846	-1.57734	1.41119	
-3.20393	22.9609	-10.8398	5.7235	4.99586	-6.76921	5.24682	29.5987	-14.7313	-5.63389	-7.69262	-4.23663	9.22383	-6.1218	-6.0279	-1.42669	-1.8366	1.00892	-8.95026	5.17754	
-2.82174	0.895366	-0.567885	3.38266	-0.855038	1.01042	-0.957257	-0.116761	2.25517	1.6184	-0.356835	3.13152	-1.88708	-0.593756	-1.48388	-0.854929	-2.46029	5.06973	1.1661	1.67821	
-0.722265	0.908202	1.90697	0.615631	-1.39294	0.71081	-0.461485	2.21992	-0.651317	0.527812	-0.520043	0.109574	-0.678379	0.650633	0.381515	-0.849087	-0.839054	0.105744	-0.517743	-0.494244	
1.63877	1.77506	5.22015	-1.42436	1.96642	-2.60127	0.965018	-5.52365	7.24116	3.294	-0.575266	-0.238896	3.0816	-1.2745	-0.426255	3.57728	-5.88893	-0.836346	-4.15595	-11.9148	
0.901358	-0.211213	-0.921013	1.54052	1.90671	-0.927958	0.902416	0.747455	0.540119	-0.0337726	-0.619215	2.35181	-0.125445	-1.36935	1.67396	0.541238	-0.317735	1.46556	-1.60113	0.738649	
0.59043	0.653892	-0.357189	-1.05763	-0.425287	-0.34276	1.00146	-0.717041	0.263513	-1.01792	0.431881	0.465085	1.58241	-0.00665333	1.57815	-0.526651	-1.28237	1.0472	-0.39306	0.273399	
0.559167	1.17555	0.416385	1.26236	-0.34691	-2.10863	-1.36045	1.19738	1.17658	1.02805	1.80243	1.30275	-0.575047	2.03563	-0.583	0.237164	-0.566243	-2.77616	2.81091	0.964533	
-0.219698	-0.962414	-0.0788241	0.43371	-1.92062	0.0370993	0.927224	0.0471202	-0.836724	0.567489	-0.760904	-0.601109	2.41394	0.212233	1.90163	0.739142	0.717747	0.91608	-0.178119	-0.0139583	
0.43641	0.172146	-0.276128	0.108535	-1.22944	0.677455	0.213569	1.02666	1.58776	1.99496	0.304448	0.511003	-0.013924	-1.12744	-1.15196	0.161082	-0.939163	-0.459403	-0.421455	0.187314	
-0.438613	-0.924231	0.194432	-0.618218	0.0233348	-0.484531	-0.893462	0.383008	-0.641111	0.289176	0.0381333	-0.726542	-0.0669104	-0.168626	-1.53829	-1.07438	0.640474	-0.202543	0.370189	0.638929	
-6.34683	2.40768	0.29647	2.48158	-1.14528	0.83466	6.99009	5.61048	-5.61292	4.97618	6.98673	-2.76383	-1.20432	1.41707	-2.63634	10.4091	2.19765	3.53145	2.22429	-4.19359	
-1.48581	-0.0923095	-0.197022	-0.205597	-1.8458	0.545355	-0.34964	-1.05768	0.380667	-0.445822	-0.779239	-0.648241	-0.275417	0.734257	1.40266	-0.143058	0.499382	0.0178539	-1.31774	0.421524	
-0.0449784	-0.186938	-0.283964	-0.423356	-0.580495	1.10183	0.653538	-0.872483	0.341419	1.38274	-1.28381	1.13699	0.159892	-0.801964	-1.56924	0.836929	-0.551585	0.454242	-0.144792	-0.839239	
-0.700763	-1.4475	0.766218	-0.791792	-0.978285	-0.0481464	0.824909	0.276556	0.430331	1.78451	0.671026	-0.27559	-1.24685	1.09597	0.741429	0.617605	0.282898	0.892973	1.77225	-0.188146	
-0.516145	0.401488	0.404539	-0.668792	0.45774	-0.26706	-1.28553	-1.08951	0.147203	0.716282	-0.915202	-0.651452	1.95619	-0.253808	-0.778206	0.446354	-0.620764	0.348031	-1.99589	-0.277079	
-1.22446	1.13002	-0.120639	3.12032	-1.33703	0.640625	1.08568	0.586207	0.120867	-1.92707	-0.46819	-0.655418	-0.476424	1.10772	0.450046	1.38694	0.494593	-0.406121	-2.21239	0.984879	
-3.25231	3.25501	0.192333	5.94389	0.560741	1.85648	-0.61547	-2.30861	0.820646	0.994137	0.397436	2.6926	-5.23947	-0.242277	-0.0276724	1.03356	-4.40089	6.45014	0.837672	0.369846	
1.55027	-0.97568	-1.13511	0.0756694	1.28886	0.825814	-0.368111	-0.82336	0.527959	-0.269735	-0.0334857	-0.203442	-0.204708	2.34451	-0.292423	-0.231009	-1.15546	0.980382	-0.826523	2.19417	
0.275472	-0.429308	-1.25263	-0.444878	-0.78138	-1.65512	0.182681	-0.559133	1.0302	0.927612	0.911109	-1.48543	1.40366	0.610568	2.71017	0.400533	0.875774	1.01111	0.674912	1.39466	
0.143588	0.199565	-0.405612	0.722351	0.373525	-1.20115	1.14022	1.36274	2.51365	-0.431477	0.578962	-1.02278	0.133938	-0.354471	0.645948	-0.370761	1.88089	1.71347	0.895701	0.77497	
0.0961111	-1.07787	0.0830789	0.00947646	-0.776074	-0.199528	2.57777	0.947804	1.18801	3.09989	-0.51634	0.865235	0.203821	0.449209	-0.830487	0.316415	0.309584	-0.146659	-1.17988	-0.197273	
-1.46987	-0.156118	-0.107958	1.35657	0.103951	0.166748	1.485	-0.179775	-2.68784	-0.10432	0.0885816	-0.310536	1.07597	-1.80856	1.33063	-0.25038	0.764652	-1.18324	-1.11671	0.555555	
-0.471459	-0.714263	-1.61203	0.304025	-1.92675	-0.962257	-0.45434	2.14966	0.411619	0.074122	0.0401675	0.038366	-1.86038	-0.208963	0.481763	-1.41945	-0.547501	0.123116	-0.576579	-0.916038	
0.0474169	-0.32193	0.339689	-0.187125	2.0454	0.994758	2.56335	1.45874	-0.522481	-0.6871	1.41614	-2.03061	0.41409	0.20661	0.890689	1.5139	0.20684	1.04398	1.71925	0.234653	
0.389806	0.662368	-1.04708	0.376852	1.76257	-0.379202	-3.09173	-0.710515	-0.951072	-1.92207	0.449373	-1.34483	-0.446745	1.79688	-0.661714	-0.571407	-0.862014	-1.15996	-1.26709	0.19195	
0.324321	1.76321	-1.5785	-0.971866	0.458112	1.54009	1.98924	-0.363691	0.673783	-1.61259	1.398	0.801809	0.552643	-0.25278	0.12367	-0.357951	0.95393	1.00079	0.00309961	-0.727203	
-1.60354	-1.37983	0.212449	-0.802437	-0.184567	-0.950157	-0.47348	-0.730469	0.392408	0.299362	-1.30566	-0.851689	-0.57484	0.227388	-0.859309	-0.22772	-0.667861	-1.13672	-1.54466	0.790976	
0.645151	-3.18457	1.59033	0.944366	-0.379376	-0.780044	-1.44893	-2.66052	1.22621	1.71758	1.66172	-0.674261	0.103154	0.784698	1.90286	0.443432	-0.420547	-0.223237	-0.418802	0.957512	
0.087459	-0.626688	2.58365	1.62285	-2.2548	-0.675726	0.353609	0.519035	-0.864719	1.24907	-0.820777	0.129203	-0.255977	-0.984983	0.842812	1.14143	0.0600855	-0.70656	0.0379295	1.64958	
-1.33724	4.03271	-2.65582	1.16672	0.576526	-1.9668	1.64628	6.27009	-2.33639	-1.7701	-0.581904	-2.81142	2.78003	-0.0910719	-0.876878	-1.8309	2.2717	-0.329692	-3.14343	1.01421	
-0.460519	-1.27849	-0.521077	0.472256	-0.332256	0.440981	0.432971	-0.00126379	1.07538	1.47253	-0.87535	1.13887	-0.765476	-0.581316	0.420817	-0.0180516	-0.446431	0.189621	-1.09125	0.188841	
-0.680008	-1.24142	1.74623	0.0812397	-0.0308008	0.848312	-1.19406	-0.717776	0.681361	0.638422	-1.09677	0.34794	-1.32675	-1.13346	-1.26549	0.581756	-1.12677	0.0176116	0.828662	0.730975	
0.577612	0.439125	-0.0570591	3.02024	1.36541	0.589398	0.0786657	-0.210401	-0.910255	0.283211	-1.70234	-0.448219	-0.217809	-1.04028	-3.53251	0.246487	0.296054	-0.512105	0.388917	-0.806996	
0.130433	-1.69944	-0.0904652	-1.29052	-1.4899	-0.779529	-0.799804	0.465004	0.703211	-1.0463	-0.628116	-1.09755	-1.48215	1.26839	2.04981	-0.430991	-1.13937	0.338105	-0.263974	0.76838	
-0.346337	0.223566	0.14478	-1.10238	-0.487183	-0.748808	-0.538676	0.204295	-0.547112	-0.858743	0.61036	-0.918852	0.472746	-1.90656	-0.512427	1.26626	0.546773	-0.86773	-0.348346	0.60887	
-1.6671	-0.559661	0.155235	0.19472	0.245614	0.481502	0.333378	-1.16099	0.162933	-1.18212	1.01628	1.93918	0.0288574	-0.149939	0.393198	-2.16348	-0.370931	-1.0149	-0.372382	-1.07994	
-1.3142	1.19642	-1.44639	3.39389	0.0794568	-0.852408	-0.628181	-0.847378	2.46464	0.28663	-0.32127	2.90414	-4.07983	-1.7549	-0.683221	0.577562	-1.66562	5.85839	0.274026	1.85128	
-0.619961	1.28074	-0.00985061	-0.118554	0.550717	1.7012	-1.67028	-0.0632004	-2.22261	-0.451342	-0.0883125	0.440605	-0.4074	-1.22651	0.654256	-1.22843	-1.55346	0.530429	-0.487824	-0.458641	
0.487037	-1.16888	-1.88923	0.75304	1.58301	1.37182	0.734897	-0.449322	0.767229	0.0183602	0.386304	0.887879	-1.26031	-0.522202	2.66336	-0.222795	1.75404	1.05621	-0.875594	0.0137668	
-0.286671	0.65517	-1.44158	-1.38654	-0.65738	-1.16123	0.473246	-1.45815	0.191061	0.581117	0.690441	0.473692	-0.752886	-0.163118	-0.158054	0.304083	0.327797	0.335534	0.604082	0.523108	
8.03689	-3.3725	0.611253	-0.502682	1.16937	-0.938998	-6.75538	-8.49372	7.0848	-4.1909	-5.20718	1.80737	3.45185	-1.43064	3.26051	-7.45684	0.222515	-3.21479	-0.175889	4.50778	
-1.17508	1.50027	0.196379	0.192769	0.521751	0.264428	1.64643	-1.25182	-1.26536	0.488492	0.351919	-0.463321	0.450986	-1.77084	1.16013	0.134421	0.902301	-0.164065	0.103252	-0.88124	
-1.83042	0.268506	1.873	-2.4771	-0.372292	-0.199552	-1.24388	-0.969521	0.237087	0.0974763	1.35112	1.30775	-1.35779	0.360043	0.873475	-0.829759	1.29112	-0.186597	-0.407089	-0.543023	
0.13631	-0.014523	-1.69181	-0.955853	-1.20301	0.815198	0.630249	1.13753	-0.45225	-0.0828541	-0.983409	0.636665	1.4914	-0.864571	1.84921	-1.06694	0.181484	0.799915	-1.73604	-0.289428	
0.119817	-0.935691	0.758846	-0.534791	0.0107364	-0.0878595	0.712977	0.834277	-0.206606	0.413345	3.08422	0.540653	-0.71594	0.00734674	0.714546	-0.297575	-0.652548	-0.146862	0.141937	1.13019	
1.06961	-0.923622	0.701322	-0.139097	1.53266	1.09491	1.56595	0.014882	0.370413	1.31823	-0.161329	-0.346853	0.415212	-2.39716	-1.59559	3.3104	1.25122	-0.146135	-0.831322	-0.680597	
0.00880944	0.922318	-0.640549	-0.049116	1.4907	-1.21936	1.00896	-0.372534	0.606974	-0.713827	-0.850694	-0.319816	-0.228482	-0.980176	1.04467	-0.133857	0.481869	0.11127	-0.588086	2.11581	
10.8975	-4.37546	-1.98552	-3.39665	0.605511	-0.720884	-11.7335	-10.3421	12.4281	-9.5256	-10.092	5.56685	6.58013	-2.41346	1.32991	-17.8816	-1.87211	-5.0124	-1.81853	6.8835	
-1.31395	2.37288	3.90468	0.177882	0.689569	-1.69678	0.801404	-3.77637	4.86064	2.01667	-2.39812	-0.191129	2.91129	-1.51248	1.07826	2.94266	-1.54558	-1.65751	-3.31751	-8.00069	
0.420101	-0.0569971	-0.86416	-0.0215414	-0.587679	-0.0854538	0.68522	1.14833	0.0571475	1.53613	0.296679	-0.441624	0.239779	-0.153167	1.71016	0.533403	1.57354	0.235472	-1.30341	0.501593	
-0.577876	-3.50501	-4.78154	3.2167	-0.421822	4.55373	-1.04644	2.6792	-5.85315	-2.85926	1.00387	1.29285	-1.58123	1.59997	1.0074	-1.60232	5.78571	0.71085	4.60734	9.82578	
0.53448	0.189828	0.427363	0.592184	-1.70526	-2.06526	-1.393	0.543786	0.999249	0.169274	-0.668823	-0.657264	-0.0469195	0.135099	-0.863099	-0.813433	-2.64506	-1.20751	-0.871766	-0.076421	
-0.396108	-0.335571	0.786253	1.62561	1.43797	0.33308	-0.333931	-0.899273	0.830722	-0.183659	-0.454758	-1.70025	0.00973602	-0.600407	0.425801	0.902606	1.2228	-0.266083	-0.600278	-0.165808	
-0.895244	-0.786847	-0.505146	1.63749	-0.778949	0.957349	0.0111228	-0.543207	-1.78251	-1.84559	0.171862	0.192591	0.340236	-0.443641	-1.7106	1.49055	1.74404	-1.87071	1.4011	-0.233047	
0.320151	0.488115	-0.513693	1.77789	0.423166	1.06705	-0.425748	2.6382	0.18257	0.106004	-1.34942	-0.729315	-0.262521	0.552721	-1.05677	0.14331	-1.25897	1.36691	-1.58292	-2.10627	
-0.581327	1.17996	0.371113	0.197189	-0.522292	0.114159	0.410108	0.997395	1.39035	-1.28497	-1.55335	0.5079	0.231847	0.582035	1.53461	0.785305	1.70805	-0.340166	0.222153	-0.124477	
-0.673858	0.11599	-1.21299	1.88418	0.960452	0.404013	-0.808536	-1.13957	-0.778339	3.09682	-1.82032	0.18259	-0.629771	1.63719	0.518484	0.436377	0.928663	0.616579	1.66071	-0.168642	
3.99507	0.327202	-0.513048	-0.301838	0.991659	1.09949	-4.41313	-4.44533	2.5605	-2.35989	-5.73788	1.40702	2.65487	0.207509	1.34117	-5.53489	-0.175597	-1.62554	-1.82542	2.59123	
-1.23689	-0.486922	0.426057	-2.07454	0.694312	0.210163	-0.733024	-2.06492	-0.420703	-2.57014	-0.423846	-0.775274	0.24924	-1.26549	-0.155674	-1.76087	1.16543	-1.41057	2.4995	-2.5398	
0.648954	-0.223751	-0.0390877	0.0993553	1.93404	-1.05107	0.619509	-0.294302	1.28348	0.548606	0.322049	1.22472	-0.919494	0.253344	-1.11098	-0.369782	-2.00838	0.0253425	0.557101	-0.914808	
1.14834	6.03127	-3.1304	0.950074	2.8826	-0.964515	1.67976	9.01172	-2.26603	-3.63893	-0.153573	-1.78489	4.05466	-2.1624	-1.34608	-2.84747	-0.958424	-1.00978	-3.15588	2.7029	
-1.38434	1.67095	1.63106	2.13261	-0.66316	0.664712	-0.0102564	0.432768	0.943603	0.568527	-0.493762	1.88447	-2.21304	-0.228682	-1.27666	0.568642	0.0807701	3.01501	1.34171	0.297399	
-0.11677	7.9838	-4.92321	-0.383385	1.84893	-3.56024	3.3375	12.9914	-3.67354	-1.78095	-3.68009	-1.62616	4.59769	-1.47433	-1.63153	-1.76137	-0.768765	-1.20909	-4.20609	2.23459	
-0.755836	-0.159666	-1.36536	-1.75839	0.743182	0.493318	-0.0929096	0.303005	0.540267	0.771682	-2.23153	0.275252	0.517014	-0.413286	0.742399	0.518619	-1.10415	0.0892434	-1.63365	1.24645	
-0.381473	-1.07891	0.301556	-1.11391	-1.54082	0.297061	-0.532101	1.28951	0.728452	-1.07125	-0.12241	-0.503035	-0.520396	-0.0148109	-0.211401	-0.179482	0.552579	-0.909593	1.60923	-1.06706	
0.281057	-1.22739	2.27948	-0.212777	1.86624	-0.0994566	-1.57665	0.533809	0.240172	0.878729	0.986623	0.719759	-1.0276	0.897914	-0.0768553	0.79453	1.16165	1.14847	0.604137	1.58639	
0.282513	0.968048	-0.461052	-1.272	-0.144033	-0.11862	-0.526219	0.733497	-0.78745	1.10654	-1.10487	0.526109	-1.38365	-2.77699	-2.00977	2.01047	-0.746727	-0.759405	-0.167532	0.108786	
-1.27464	0.0388971	0.217657	-1.01661	-0.275529	-0.799426	0.685589	0.758	-1.9667	-0.625746	-0.363068	-0.651649	0.152195	-1.58981	-0.852869	-0.228637	-1.74949	1.66833	-1.7757	0.376691	
2.54292	1.0197	-0.273253	-1.74599	0.288947	1.39049	0.570304	-0.48985	-0.419475	-0.830175	0.738355	-0.0798041	-0.199749	1.24555	-1.46312	-0.608682	1.20365	-1.22077	-0.419305	-1.98914	
1.35994	-5.92947	2.30022	-0.648245	0.184276	0.614364	-0.75205	-5.51684	2.81264	-0.219709	1.45409	-0.148792	-2.10671	2.10762	0.222267	-0.440616	-0.129567	-1.88449	2.13854	-0.95527	
0.150173	-0.0173015	1.08299	0.921348	-1.46595	-0.265123	0.35884	1.2214	1.08095	0.45687	1.85099	-0.187761	0.0585424	-0.953951	-0.535525	0.357872	0.185354	-1.01146	0.540856	-1.52124	
0.412055	1.83205	0.482869	0.719847	1.33165	-2.04331	-0.290627	-0.879518	0.501996	-0.506591	-1.79888	0.258449	0.457372	-1.03325	0.495123	-0.509386	-0.103033	-2.81995	0.462564	0.671138	
-0.239799	-0.363801	0.664052	0.684942	-1.11014	-1.33626	0.172249	0.124637	-0.55532	-1.20924	-0.924271	1.00219	1.69784	-2.30368	-1.07493	0.238162	-1.31788	0.557602	0.400853	-1.6648	
-0.066935	0.233331	1.6053	2.14943	-0.336722	-0.11734	0.814945	-0.599781	0.942366	3.14047	1.32636	-0.245524	2.57662	-0.305035	0.533702	-0.050273	-0.436551	-1.05886	0.871842	-3.02915	
-1.44393	-0.0659849	-0.757848	0.161693	-0.570755	-1.5168	-1.71913	-0.373019	0.276663	0.160932	0.0398565	1.32937	-0.651646	0.808807	-0.808709	-0.840103	1.2489	-0.868512	0.670223	-0.933101	
0.936736	-1.56427	1.65467	-0.0838387	-1.19539	-0.370778	0.338039	1.30815	-0.25522	1.40048	0.225958	-0.848659	-0.061844	1.19496	1.88606	-0.0262253	0.518843	-0.732757	1.01865	1.10064	
-0.717502	9.93792	-3.69603	0.522717	1.11202	-4.08462	2.51873	10.499	-5.84522	-0.471518	-1.45014	-1.52413	5.85256	-2.82097	-0.194634	-0.840146	-0.225935	1.48905	-3.15988	2.3495	
-1.08022	15.9764	-7.3807	3.52589	3.61375	-6.21263	6.26296	22.2299	-11.1629	-1.35533	-5.22292	-2.78279	9.33583	-5.90399	-3.42087	-1.59349	-1.01208	1.94501	-6.5881	3.88219	
0.0674041	-0.40849	-1.62415	0.249648	0.472264	-0.13266	-0.237397	1.69415	-0.506026	-0.361494	-1.45474	-1.12034	0.681491	0.746387	-0.693962	-0.584866	-0.182241	1.52079	0.444481	0.419332	
-0.822669	0.419047	1.18101	0.0977648	0.492314	-0.000606203	-1.08534	-0.225037	-0.0265267	-1.55412	-0.392845	0.00868254	-1.43108	-0.455747	0.626151	-0.296379	-0.270327	-1.47229	0.49133	-1.90466	
-2.59913	0.954322	1.6937	-0.874096	-0.0733583	-0.077323	-0.684396	-1.77756	-1.65937	-1.28183	0.570821	0.0215741	1.0299	-0.835829	1.85582	1.06631	-0.764902	2.29529	-0.715557	0.351929	
1.83867	0.75995	-2.41218	0.658744	-0.101469	-0.975771	-0.875597	0.291133	-0.0331592	-0.555934	-1.82633	0.412694	0.141068	0.592765	0.938755	-0.124772	-1.34315	-1.26902	-0.353803	1.7678	
-0.790978	1.22106	1.93927	1.02751	0.585328	-0.579734	-1.87242	-3.24139	4.98853	0.394067	-1.67937	-0.444823	0.167425	-1.47682	0.301348	2.47729	-2.94825	1.28947	-0.0178177	-5.0399	
-0.882931	0.499416	0.876806	0.532625	1.09894	-2.11947	0.2214	-1.10035	-0.164472	0.0217775	-1.09052	0.18212	0.193688	1.67983	-0.890199	1.06352	-0.0548898	-0.745336	-0.567842	-2.43193	
0.604403	0.010196	1.27289	-0.946292	0.229528	1.39519	0.556617	1.20965	1.05314	-0.866297	1.38857	0.239112	-1.4195	0.806983	-0.0498039	-0.851438	1.03448	-1.30274	-0.748958	-1.27065	
1.29311	-0.102062	1.66471	-2.34668	0.959404	-0.889206	-0.760531	0.872921	-1.52354	-0.712841	0.896564	-0.204437	1.14793	-0.224414	1.547	-0.470521	2.99205	-3.39719	-2.22665	-1.27529	
0.0616921	0.0554397	-0.648874	1.52599	-0.992946	0.18329	0.857962	0.540273	1.18221	-0.74828	-0.397959	-0.396559	-1.44443	0.859617	1.15965	-0.708854	0.508959	0.883985	-0.673691	0.0332771	
0.378566	-1.27031	-0.455681	0.866428	1.29696	1.55525	-1.42242	-0.429885	-0.784478	-0.139414	-0.290601	0.0114651	-0.547737	-0.020977	-0.597554	-0.149329	0.43714	0.250789	-0.218196	-2.07857	
-4.11421	1.65955	0.803432	2.78001	0.965328	1.73223	-0.0222144	-1.11653	1.80925	1.29452	-0.494527	4.92852	-2.55025	-1.44315	-2.26027	-0.399284	-3.62246	5.72393	3.87925	1.14899	
5.29757	-3.10103	1.19786	-6.67001	1.18443	-3.5543	2.65849	4.53245	-2.36201	-3.33582	1.02108	-4.0579	4.63596	2.7331	0.0860967	0.574909	8.65361	-9.64386	-3.08928	-0.999829	
-0.838017	3.19532	0.609608	1.39727	-0.154802	-0.189236	0.351579	-0.556105	-0.631874	0.894395	0.554412	-1.15294	-0.534672	0.261422	-0.380481	-2.26648	-0.703786	-0.836859	-2.21789	-0.471022	
0.570762	-0.69366	0.310575	1.47049	-0.197918	0.821543	-0.774883	1.4338	1.3167	0.453495	-0.754272	-0.712999	0.438596	-0.888193	-1.00828	0.739498	1.07661	-0.420568	-1.63587	-1.32663	
-0.957704	2.89756	-0.071415	-0.108972	0.38865	-1.13782	1.24015	4.66573	-2.78854	-0.710189	0.800147	0.0367163	0.0801319	-1.18448	-1.33413	-2.50352	-0.653666	-0.834919	-1.30059	3.65245	
-0.662834	2.12752	0.413508	1.04614	0.0158904	-2.45168	-0.0137895	-1.48787	-0.319244	-0.866819	-2.12776	0.0418989	-0.46652	-1.43051	0.231733	0.269483	0.973436	-0.865306	-1.27239	0.483634	
-1.54764	1.31149	0.204278	0.570898	0.507511	1.41477	1.36355	0.619436	2.39943	0.417525	1.31096	-0.069587	0.326247	0.997293	-0.00736321	-0.305469	0.660208	0.0465154	-0.800075	0.55494	
0.285736	0.41595	-1.0734	0.593267	-1.75908	0.738162	0.303952	-0.935101	-1.00502	0.153263	0.311113	0.264621	0.117141	1.0815	-0.687891	0.436409	1.19306	-0.00223812	-0.0806162	0.753922	
1.36387	0.0458896	0.436489	1.19171	-1.42745	2.18203	-1.0076	1.35968	0.640907	-0.93865	-0.732999	-0.153873	-0.454477	0.319029	-0.0316405	0.276544	-0.0861249	-0.684738	-0.0336396	0.0673486	
-0.74254	4.01676	6.5112	-2.80606	1.94637	-6.06836	1.82221	-5.11659	10.9056	3.00338	-1.95072	-1.49788	2.37695	-4.08163	-0.290217	4.49697	-7.38399	-1.42199	-5.4088	-14.8898	
-4.06779	5.42731	-3.44639	-1.50675	-0.875661	-5.80288	6.03459	2.28023	1.35551	-6.07764	-1.33249	-0.899984	4.93834	-0.418476	0.956456	5.04748	-2.07134	-1.4509	-4.36466	-4.80182	
1.10729	2.36566	-1.58232	-2.1105	-0.870782	0.526028	-1.18324	0.159033	0.240327	-1.42104	0.268738	-0.115999	0.278839	-0.689463	-0.571585	0.361826	1.32	0.517088	0.477917	0.375817	
-0.70986	0.59098	0.50701	-0.215354	-0.625341	-0.365598	0.256904	-0.356828	-0.577335	-0.768374	-1.0685	0.773692	0.639748	-1.84457	1.20476	-1.94551	0.447508	-1.98409	-0.0573921	-1.29476	
0.754282	-1.24863	-1.12612	-0.91028	-0.361002	-0.656429	-1.38517	-1.16824	0.291149	0.239915	0.881514	0.272708	0.744422	1.58728	0.279237	-0.579266	-1.06828	0.899983	-0.967628	0.624627	
-1.48321	-9.72753	2.74284	-1.88148	-2.18937	1.71165	-3.79485	-11.4182	5.54833	-0.152286	1.17854	0.21445	-3.87856	2.10204	0.480281	2.16008	1.45249	0.426646	5.5281	-2.99491	
0.610956	-0.463904	0.51951	-1.34227	-0.707822	0.402667	1.13843	0.664459	-0.815922	-0.589641	-1.90363	-0.448306	-0.594535	0.427975	0.466786	0.848896	0.333904	-0.603386	-1.16462	0.0380197	
-0.36874	1.1649	1.10309	1.48141	-0.0842663	-0.372816	-0.498949	1.13339	-0.472251	2.18416	-2.23126	-0.242508	-0.373542	0.170954	-0.206086	1.45817	-0.212782	0.774908	-1.2664	0.795851	
0.398165	0.420981	0.260997	0.798747	1.87698	0.968324	1.59514	0.823897	1.31634	-0.494801	1.05042	-0.249587	-0.293846	0.244081	0.572683	-0.0219075	0.467277	1.29338	0.363362	-1.57331	
-1.31194	1.32804	-0.413109	0.0964916	0.21611	0.183829	0.572068	-0.657389	-0.41223	-1.2298	-1.16715	0.993389	-1.13633	-0.167014	0.742456	-0.10411	0.444185	1.94288	1.26632	-0.75857	
0.491554	2.14487	0.792174	0.92807	0.57255	0.802322	-1.89448	-0.194753	-1.10636	-1.00911	-0.963749	0.190243	-1.09387	0.229811	-1.20561	-0.0453028	-0.817486	0.528355	-0.515488	0.956006	
0.578388	2.74443	0.423417	-0.127915	0.37857	0.837793	1.75783	1.35354	-0.559657	-0.592507	0.0283322	0.280596	-0.173794	-0.319717	-0.381524	-0.371576	2.02941	1.27125	0.647535	-0.147975	
1.02508	-1.16857	0.221205	0.580114	-0.0691511	-1.15477	0.524172	0.7379	1.05534	-0.144562	-1.66415	1.65202	-1.75767	-0.351975	-1.90192	-0.676329	-0.425918	-0.0148242	-0.392955	-2.02307	
0.226569	7.4402	3.20176	-3.06597	1.47703	-6.0839	2.84609	0.865694	4.46577	3.77715	-3.35664	-1.24333	7.29385	-5.50788	-2.42471	3.19027	-7.45055	-2.54764	-6.75295	-12.763	
-1.2311	-5.25456	-9.01938	3.77229	-3.62174	7.20529	-0.637478	8.36636	-9.0128	-5.43816	1.22661	-0.455153	-7.12531	4.56958	0.838049	-4.67348	9.52453	3.65978	6.24602	21.5044	
-0.014377	-2.05294	-0.264122	-0.586175	-1.64046	-0.0638862	0.487154	-0.833427	-0.0102787	-1.11921	0.011717	-1.66562	0.157101	-1.20759	-0.00827524	-0.479954	1.33273	-1.22292	-0.312593	0.000556819	
0.0228065	0.667532	0.831322	0.911289	0.999361	0.299222	-0.801819	-0.0132208	-0.0267652	0.3091	0.22903	1.4706	1.613	0.157083	-1.97556	-2.64075	0.143875	-0.221813	0.309424	0.774693	
-1.9231	3.90231	-2.6607	-1.78645	-1.23207	-5.48531	4.2954	0.531229	0.865432	-5.36314	1.58924	-2.38738	3.65797	-0.60327	-0.142688	4.41174	-2.44142	-1.24163	-2.75798	-3.37897	
1.14867	1.39119	0.414267	0.53907	0.023662	-0.669573	-2.00695	2.21135	-0.93645	1.09689	-1.14375	-0.30911	-0.65902	2.20382	1.43637	-0.0923053	0.904408	-0.127727	-0.408988	-0.38576	
1.0939	-1.6605	0.794742	-0.671411	0.716426	0.164131	0.264305	-1.0377	1.4799	1.5438	0.280297	1.23621	0.355138	0.848147	0.213223	2.42841	0.427236	-0.903524	0.741862	0.789665	
-0.259506	0.470359	-0.106833	0.509633	0.331315	0.0146425	0.0158622	0.258788	-0.736572	1.03729	-0.137811	-0.0686942	-0.908545	0.613288	-0.0159177	0.213394	-0.638851	0.905717	-1.00856	-0.210536	
-0.149902	-0.161931	0.544432	3.32251	-0.305492	0.537792	1.91055	-1.37246	1.43592	0.135435	0.228942	-0.656706	0.0044588	0.526475	0.425768	1.22831	1.58448	-0.790175	-0.187782	-0.106868	
-0.568821	-1.2572	1.67293	-0.327002	-1.03226	-0.225605	0.566127	0.593371	-0.095065	-1.34716	-1.23821	-1.91403	-0.144691	-0.66727	0.639897	-0.198043	-0.745555	0.694598	1.28865	0.68124	
-1.19075	0.406541	-1.52336	-0.968948	-1.76246	-1.88026	1.63157	-0.156184	-1.16485	-1.23463	-1.15741	-0.738685	0.95254	0.777979	0.45186	1.03285	-0.653291	1.12856	-0.0843923	0.508643	
2.39446	1.13901	0.815054	-0.590261	1.21123	-0.590706	-1.09368	-0.5322	1.72841	-0.349472	0.32786	-1.32124	1.1835	-0.411915	-1.90027	0.984584	-1.15223	-1.75018	0.235385	-3.28014	
0.0243276	2.55486	-1.12126	-0.147249	-0.306677	-0.0251112	-0.712384	0.905489	0.331999	0.096906	0.0672364	1.61949	0.0557036	0.486648	0.416348	0.11998	-0.165132	0.761523	0.62799	-0.389409	
-0.557357	0.172643	0.269837	-0.164822	-0.711768	-0.391485	2.99974	1.34321	0.884609	-1.6886	-0.610064	-0.17797	1.69195	0.508096	0.258557	0.926095	0.283822	0.84667	0.446715	-0.273117	
-1.42123	-0.737794	-0.801979	0.213747	-2.4724	-2.80204	2.09764	0.94377	0.407213	-2.44163	0.29342	0.355074	0.102947	-0.781918	1.19965	2.46904	-0.91925	0.30823	0.120354	-0.411752	
-0.0287177	0.728339	0.373231	-0.0201955	-0.974517	1.78594	-2.0374	-1.55947	-0.152964	-0.837547	-0.539603	-0.788428	-0.825668	-1.41503	-1.11854	-1.25909	-0.920009	0.556006	0.646408	1.45255	
0.672085	-1.08115	-1.79954	0.173072	-1.13731	-0.462279	0.745182	0.018829	-0.638474	-2.60091	-0.753837	-0.534825	-2.18922	0.236829	-1.41115	0.88264	-0.654943	-0.916588	-1.0533	-0.0185133	
-2.31755	-0.146123	1.21665	-1.35538	0.442627	0.157033	0.0296459	-1.08937	0.908192	-0.491474	2.56551	-0.154802	-0.0478859	-0.509567	3.45148	0.310788	-1.37911	-0.737521	-1.2069	0.469596	
-0.139671	0.675377	-0.237903	1.76246	-0.136937	0.358594	0.0557261	-0.881174	0.467993	-1.93354	-0.307026	1.72125	-0.808119	0.478158	1.19174	2.01552	-1.23244	0.361596	-0.730822	-1.1347	
0.881006	-0.793137	0.767119	1.12591	0.191432	-0.0862467	-1.1285	1.31956	0.718328	0.245787	0.416899	0.00827738	0.487348	-0.558764	-1.16812	-0.0793462	-0.592107	0.89499	-2.19055	1.90924	
-0.812432	2.0865	0.0246986	-0.911239	-0.194793	-2.08529	1.40855	1.47302	-0.855328	-1.37853	1.37538	-2.84246	1.56482	-1.43355	1.64127	0.17386	0.178627	-1.07606	-1.88538	-0.843603	
-1.62941	2.17669	-2.67587	-2.18898	-0.43896	-4.54475	6.27362	2.77283	2.78072	-5.2158	-0.462673	-1.57491	4.12679	0.332793	-0.416738	3.11395	-0.809377	-0.0278927	-1.89398	-4.82514	
-2.53927	14.3668	-6.30061	1.08367	2.4565	-3.40013	3.31644	13.6308	-9.58128	-1.68935	-3.46957	-2.83103	5.77496	-3.57107	-1.28467	-0.244736	-0.400418	1.12436	-5.42535	2.04463	
0.604057	-0.51414	-1.20476	-0.504539	-0.591296	1.61547	-1.57445	1.78926	-1.23471	-0.981583	-0.88212	-1.39807	-1.01286	0.0296055	-0.0704432	-0.567853	1.88	-0.417759	3.14209	2.92174	
-1.29263	-0.387509	-0.945307	-1.22541	0.250601	-0.904597	0.0975976	0.946972	0.365035	0.638097	-0.480928	0.903597	0.592834	1.70774	1.17709	0.425906	2.08842	-1.62337	-0.578456	-0.398317	
-0.080236	-0.0487913	0.397271	0.212775	-1.00316	0.398243	-0.633963	-0.819678	-0.90668	-0.444506	0.0611795	1.20957	0.120911	0.678688	1.11217	-1.32856	1.29373	0.346498	1.18162	0.209496	
-0.186745	-0.286894	0.636822	0.7446	-0.830934	-0.365502	-2.46036	0.114573	0.835012	0.332367	-0.658783	-0.458714	0.332949	-0.41323	-0.469026	1.08267	-0.174149	-0.799492	-0.854874	-0.404496	
-2.68852	3.30021	-2.66878	1.00162	-2.09286	-3.24424	4.68407	2.56341	2.17152	-3.706	0.114849	-2.70853	3.80698	-1.87044	0.569942	3.36333	1.87767	-0.642968	-2.10931	-1.9273	
0.304861	0.0870343	2.32628	1.37861	0.351543	0.268576	-0.363875	-1.76279	0.454206	0.450615	1.35899	-0.0851246	-1.46867	-0.55762	1.43436	0.279639	-0.716861	-0.0163836	1.23252	-0.566618	
0.316339	0.889566	-0.952162	-1.21802	2.32744	0.740177	-0.0765703	-1.26225	0.0919899	-0.319909	0.347403	-0.825403	1.18433	1.0364	1.55997	-0.731039	0.231163	-1.10219	0.112756	0.166438	
-1.6793	2.32112	2.15611	-1.21058	-0.519458	-2.38549	-0.329245	-3.30562	1.4141	0.492737	0.294765	-0.502856	2.32651	-1.12731	-0.514005	1.75002	-3.92154	-0.377268	-1.66932	-6.42938	
-0.951288	-3.14136	-6.22895	0.721089	-2.0155	5.50108	-0.863442	3.22632	-8.47967	-3.76961	2.41507	0.657757	-4.63824	2.57137	0.899789	-4.40093	7.37508	2.79698	5.26161	15.2217	
-0.791078	-5.09371	3.0957	-2.02612	0.744424	0.900137	-1.92115	-8.3711	4.38994	1.5611	2.51112	1.94354	-3.55883	2.08671	2.14437	1.08948	-1.44427	-1.42876	3.3893	-2.27449	
-2.50919	-0.330434	-1.03376	-0.49267	0.52791	0.293007	1.36474	-1.40396	-0.967547	0.0377808	1.61385	-0.808186	-0.814932	1.58853	0.582566	-0.467808	0.221382	0.259519	-1.29847	-0.218157	
-0.909352	0.0596837	-2.70751	-0.125834	-1.63607	2.28691	-0.988223	0.235304	-0.215564	0.479923	-0.513757	0.610244	-0.414857	0.922685	0.759521	-0.360911	0.22966	-1.34041	-0.366499	1.90552	
-0.595343	0.444366	-1.06394	-1.85912	-1.11559	-0.709528	0.2041	0.552291	0.472728	1.13468	-1.22518	0.25522	0.229444	0.595368	0.165318	1.01796	-0.139884	0.315619	-1.39176	0.163049	
-0.0395151	-0.111468	-0.355202	0.160447	-0.908584	-0.584549	-0.358201	-0.179741	0.384125	-0.524846	-2.25433	-0.313652	-0.916169	-0.449345	0.146095	-0.124719	-0.266855	1.08637	-0.636702	0.557231	
0.92953	0.785586	0.373017	0.448477	0.257425	-0.161175	0.308129	-0.225427	1.43651	-0.572374	-0.896124	-1.03787	-0.818788	0.590646	-0.493178	0.00693561	0.122395	-0.737702	-0.0833443	-1.10056	
-0.195924	0.759194	-0.828198	-0.310651	0.956579	0.11853	1.42585	-0.303586	-0.402425	-0.409911	0.390059	0.928206	-0.251611	-0.697868	-1.26319	-1.91025	-1.0161	0.0594889	0.533036	-0.769002	
0.251952	1.25938	-1.01226	1.46659	0.0376502	-1.17524	2.78528	1.76346	-0.767443	-3.42952	-0.5778	-2.0698	3.14469	-2.16474	0.823345	1.95276	-0.185662	-0.339436	-1.89262	-2.49227	
-0.155863	0.414039	-1.05187	0.725138	-0.357356	-1.78686	2.0437	-2.32006	0.399217	-0.430203	0.376645	0.875212	-1.44364	-0.893544	-1.06738	0.578727	0.774571	0.306	1.13598	-0.732879	
0.585269	-4.07707	1.90869	0.625152	-0.398875	1.33315	0.217218	-3.51921	1.25805	1.22057	0.900022	0.809119	-1.35023	1.35717	1.11224	-0.7048	-1.1357	-1.68599	2.32578	-0.617459	
0.154031	-5.83526	1.92366	-0.887787	-1.38603	1.08401	-2.18855	-8.18493	4.38422	2.85754	1.98021	2.08759	-3.51255	1.64626	-0.0722637	-0.98856	1.01398	-0.241253	1.57863	-1.30589	
-0.0510136	0.851602	-0.932132	1.27748	-1.22293	-0.877669	0.0573518	-0.959371	0.407302	-0.621108	0.451927	-1.08151	-1.39466	1.6924	-0.267542	-0.468596	-1.46164	0.0424717	-0.487252	-0.890997	
0.932844	0.626976	-0.812728	1.43306	0.732589	-1.84993	1.5092	-0.948771	0.322755	0.124486	1.02327	0.281564	1.42452	0.711909	0.465303	-0.721662	1.41212	0.628214	1.05231	0.988198	
-0.635873	1.47026	0.818686	0.94061	-0.965352	-0.842674	-0.418738	2.80326	1.26732	0.850206	-0.13878	0.997555	0.372422	0.382752	-0.898324	-0.472571	1.19897	-1.23475	0.753867	-0.837015	
0.266634	-0.319281	0.110104	0.229107	-0.540081	-0.793865	0.265432	0.3956	-1.1341	-0.641321	0.471437	-0.389611	2.3042	-0.820663	-0.13285	-0.914696	-0.131954	1.7643	1.47115	-1.98361	
0.907995	1.08367	0.227164	1.06342	0.580774	1.46352	-0.566228	-0.492619	0.0296651	-0.872078	-0.838332	1.04978	-1.24612	-0.464745	-0.928855	-1.25877	1.77006	-1.26936	-0.132763	-3.07813	
-1.53858	-0.23613	-1.08356	0.183651	1.33697	0.651973	-0.071466	0.041434	0.500586	1.47302	1.07093	-0.235095	-0.322843	-0.545651	-0.681991	1.63692	-0.181608	0.280998	0.460087	1.72979	
-1.2997	0.927273	-1.81627	-0.919206	1.62039	0.778862	0.751981	0.0280239	-0.0265318	-1.45888	0.408591	-1.83895	0.0231997	-1.12621	0.0970888	-0.751501	0.017585	-0.700527	1.25158	-0.513927	
2.35783	0.957984	0.492331	-0.485748	0.926153	-0.991789	-0.682901	-0.108358	-1.70681	-0.469049	-0.709802	-1.45129	-1.8385	-0.444215	-0.409346	0.185847	0.269664	-0.874275	-0.157535	-0.0649678	
0.0967711	-2.07925	0.0222545	0.0122058	-0.630048	1.57369	-0.993625	-0.299771	-0.878823	0.168961	1.08439	-0.271389	-1.25621	-1.96208	0.346073	0.167289	-1.12797	-0.230625	0.968817	0.553572	
0.178898	2.49874	-0.169096	0.936883	0.999372	-0.491824	0.0509893	-0.808007	-0.616572	-1.21565	-0.652223	1.96771	0.514196	0.701185	-0.98191	1.09656	0.955301	0.9688	-1.33497	-0.245884	
0.907546	0.264276	0.201657	-1.02599	-1.06517	0.10292	0.688464	1.80356	0.140423	-0.285714	-1.05237	-1.16283	-0.101393	-0.306514	-1.49529	-0.0308996	-1.99347	0.652599	0.189071	-1.00576	
-1.85208	-0.0011463	-0.271103	1.30394	0.47247	-0.337254	-0.575985	0.555232	-0.119694	-0.0286923	-1.1499	-1.23796	-0.986889	1.56301	-0.4331	-0.708323	-0.145261	-0.857223	-1.66009	-1.27807	
0.396892	0.891555	0.227621	-0.365971	2.63498	1.61037	-0.605682	-0.861549	0.549671	-0.40218	-1.04074	-0.98068	1.2476	1.37169	-0.550941	-1.79952	-1.52319	-0.936282	-0.884124	-0.482902	
-1.5689	1.33456	-0.464478	0.0782166	1.64897	1.09986	0.865313	0.871216	0.12133	1.24797	0.00253561	-0.828381	-0.463665	0.807448	1.0894	-0.0260399	1.18308	-0.0468336	-0.564911	-0.143012	
-1.32482	0.831062	-0.808461	0.220979	0.47315	-0.762002	-0.646533	-0.936061	0.605704	-0.264709	-1.72109	1.54422	0.355626	-0.154522	0.0990738	-0.272793	0.630551	-0.901573	-0.665765	-0.354197	
-0.0750986	-0.00343085	1.32908	2.26651	-0.210984	0.799729	1.12289	2.06903	0.423976	1.12035	0.128473	-0.14797	0.516063	0.888077	-1.07998	0.841133	-1.90966	0.380457	0.699217	0.872077	
-0.660693	-1.0782	0.898022	-1.64477	-0.32321	-0.412464	-0.514258	-0.220915	-0.307818	-0.394805	0.604602	0.588828	0.623944	-0.0174792	0.68641	0.798353	0.773178	-0.453413	-0.294138	0.0556286	
-1.0427	-1.27328	1.60314	0.38637	0.478967	-1.53865	0.902338	-1.25455	-0.00645857	-1.43376	0.198671	-1.06034	-1.20531	0.53534	2.28769	0.777586	-1.0482	0.990831	0.319904	-1.48372	
0.834626	-0.637766	2.23113	-0.732393	1.34953	0.0904602	1.42051	-0.631057	0.634184	0.274276	0.392262	0.157911	1.08251	-0.0884868	1.04367	-1.2346	-0.418152	1.00172	0.300386	-1.17702	
0.904839	0.639576	-0.49733	-0.089479	0.994104	-0.445002	0.718492	-0.520924	-0.603267	0.515427	0.356958	0.0889741	-0.0556495	0.239434	0.0405509	0.643243	-0.269603	0.474284	0.701548	0.582799	
0.504176	-0.611283	0.779533	0.776046	1.47134	0.967437	-0.561054	1.29527	1.21654	0.174598	0.554937	-0.164451	1.03663	0.191607	-0.727761	-1.98279	0.357	0.487599	-0.411	-0.157426	
-0.138947	-0.791874	0.804686	0.0560614	0.965752	0.368629	1.24726	0.378875	-0.0679366	-0.553617	0.108964	-2.52027	0.171152	0.312546	-0.745344	1.02686	1.11239	0.382895	0.0809165	0.849489	
0.931197	0.660959	0.414712	0.404578	0.287636	-0.0230536	0.435945	-1.45676	-0.254943	1.24886	-0.851198	0.172737	-0.00139645	1.68654	2.47638	-1.74758	-1.06937	0.0501461	-0.672066	0.415835	
-0.214794	0.428959	1.26431	-0.140906	-1.31567	0.220665	0.863751	-0.484757	-2.07319	0.285382	-2.87331	0.459626	1.79458	-0.512237	-0.186449	0.322288	1.44168	1.11862	0.87006	-0.357213	
-1.3834	0.580621	1.61844	-1.43228	-0.508553	0.979908	0.806642	-0.0557007	1.65105	0.132963	-2.24293	0.219768	-0.867192	0.116176	0.553259	0.195153	0.406299	-1.42524	-0.8886	-1.01734	
-0.234696	1.05329	-0.693687	-1.43785	1.62397	0.399785	0.650783	1.65425	0.475436	-1.36577	-2.11152	-0.20648	0.262173	-0.587517	0.521037	0.101404	0.542717	-0.32025	0.781495	0.0142352	
3.42385	-6.16857	7.21019	-0.916309	2.4813	7.1344	-7.06834	-4.61911	-0.831422	9.61831	0.466332	4.93592	-5.89354	-0.612906	0.736982	-6.24047	1.32192	2.79669	4.58551	6.12688	
3.29374	-8.04601	8.03896	1.42031	1.32834	11.4845	-11.8699	-3.64474	-2.29751	10.4243	0.0827001	4.83166	-8.2485	1.22261	-2.98666	-6.39351	1.37566	0.919091	6.02711	9.6684	
-0.618764	0.0711052	-3.40984	-1.77827	-0.555881	1.23871	0.987776	1.6683	1.27559	1.14391	0.525704	0.656242	0.586026	-0.366529	0.46632	-1.46108	-0.293939	0.3042	-0.197468	-1.56529	
-2.71133	0.0455367	0.0198576	-1.68953	-0.927478	-1.55683	-0.619445	-0.137146	-0.504971	-0.203868	0.257499	1.03802	-0.732201	1.43605	0.510367	-0.796573	-1.92542	1.38255	0.149687	0.0958865	
1.01987	0.342401	-1.10788	0.467123	0.793029	-2.43226	-0.0866964	-1.5428	-1.06799	0.436032	0.236292	-0.49602	-0.475655	1.8068	0.0509354	0.986915	0.651976	-0.906174	-0.201472	-1.46183	
-1.72338	5.23951	-0.382717	-0.735402	0.538682	-1.63383	1.58992	6.39343	-1.69021	0.188426	-2.36461	0.0989213	0.972779	-2.02543	0.610838	0.387057	-0.115521	-0.591895	-0.70117	-0.945866	
-1.03763	-0.365915	0.29874	0.537469	-0.693065	-0.335089	0.269477	0.833918	7.14823e-05	-2.13648	0.883288	2.27842	0.433252	-0.437972	0.959357	-0.497513	0.892414	0.615351	-0.748214	0.107356	
1.39847	0.187651	0.719336	0.580094	0.762242	0.731863	1.78479	0.274473	1.49199	-0.313912	-1.12823	0.969822	-0.71535	-0.243699	1.10024	0.659764	-0.317506	-0.498421	-0.892614	1.96202	
-0.135697	-0.287569	-0.220768	0.10048	-0.138432	0.167609	-0.936906	1.87499	1.07268	-1.4216	1.11823	-0.169762	-0.422457	-0.212591	-1.89444	0.440123	-1.49207	1.2626	-0.994725	-0.156842	
0.796849	-0.685884	1.21028	-0.593511	0.635385	-1.77302	0.585458	-0.563622	0.745832	-1.83615	-0.268201	-1.95983	-1.54208	-1.09135	-1.56889	0.475643	-1.94034	-0.646091	-0.598917	1.98404	
0.617058	1.09454	0.135187	1.08084	0.365807	1.48032	-0.561491	-1.63007	-0.00733398	-1.83128	1.33361	0.971174	0.479394	0.129723	-1.66596	-2.02459	0.169825	0.380024	0.917245	0.725359	
0.44045	-1.19854	0.245117	0.550558	-0.117614	-0.409405	2.29542	0.746123	1.19965	-0.358595	0.326729	-1.93202	1.37592	-0.714104	1.57424	-0.75887	-0.729093	1.28956	-0.656983	-0.760839	
0.230035	-0.367816	0.26812	-0.373294	-0.72397	0.401036	1.50751	1.36451	-0.270622	1.89506	2.75849	0.845412	-0.323624	0.23255	-1.02124	0.657441	0.820316	-0.524256	-0.767746	-0.488919	
1.25553	-1.1372	0.704664	-0.743602	0.157196	-0.570779	0.554882	0.290472	1.61215	0.248496	-1.13018	-1.34439	-0.181217	1.05335	1.42728	-0.337167	-2.54697	-2.21685	1.74827	0.616507	
-0.430334	-0.0499958	-0.759902	1.47225	1.02994	0.0400235	0.787297	-1.36954	0.0834843	-1.26502	0.922266	-1.26274	1.05593	0.0618094	1.67156	2.52007	-0.660837	-1.58483	-0.935108	-1.53452	
-0.0562367	0.419945	-0.0458109	-0.402066	0.209598	0.135537	0.482224	-1.68219	-0.458394	0.0337044	-0.172006	1.39261	0.490963	-0.962968	0.786151	1.64382	0.40046	0.0543992	0.296482	1.87627	
1.4288	-5.5822	0.72665	0.0213945	0.242437	-0.856044	-1.13731	-7.1004	3.39187	1.20762	1.34443	0.329397	-2.76248	2.90913	0.0792926	0.3929	1.18025	0.404667	0.837976	-2.56533	
-0.910306	-0.608452	-2.09484	2.3065	1.64575	0.836761	-1.52964	0.371384	-1.05696	0.797423	-0.25257	-0.577287	0.0196647	0.363213	0.646909	-0.764576	-1.06387	0.695801	-0.792329	0.281108	
1.04381	0.0709539	-1.73051	1.00726	1.16377	-0.445103	-1.41884	-2.24041	1.37212	0.7882	-0.874953	-0.711329	1.57858	1.43423	-0.547579	0.292456	-0.448353	0.48312	-0.630585	0.190818	
-0.413649	0.488004	0.153053	0.979832	1.77876	-1.4839	-1.37351	-1.59446	-0.140045	0.908113	-0.133082	0.80255	0.831282	-0.725655	0.589086	0.601762	-0.250483	-2.64507	-0.00933869	0.914821	
-1.40257	-1.81752	-0.0459172	-0.224483	0.170304	0.999431	1.08265	2.13647	-2.35011	0.31021	-1.09534	1.03141	-0.533469	-1.18178	-0.662184	0.647437	2.89991	-0.253804	2.07326	-0.407541	
-0.995757	-1.01321	-0.312044	-0.548182	-0.26988	0.793699	-2.02764	0.539206	-1.75822	-1.18935	0.675554	-0.958758	-0.549272	2.05263	-0.0594418	0.260701	0.131777	-1.38309	-0.607764	0.0918216	
0.329212	-0.368899	0.671229	0.671117	1.87494	0.254808	0.526107	-0.0782698	-0.11331	1.09593	-0.676658	0.711382	-0.45217	0.0142137	0.692788	-1.04323	0.0384526	-1.28025	-2.09348	-0.416055	
0.872202	0.756461	0.515488	-1.36952	1.19528	-0.499444	-1.02242	0.696634	0.789292	-0.817102	0.701315	-0.42589	-0.259902	0.391511	0.0974127	0.410079	-0.865897	0.278003	0.334583	-0.615162	
-0.471788	0.791681	-1.12686	0.380181	0.680621	-1.03863	-0.770401	0.522622	0.106727	2.76273	-0.773129	2.35746	0.125439	-0.565054	-2.26725	-0.0592879	-0.873981	0.0275328	-0.417548	-0.151778	
-0.965434	12.661	-6.90644	4.34608	2.92003	-1.75994	3.809	14.1821	-7.49331	-2.63568	-3.17453	-1.83925	6.07942	-3.86538	-1.86869	-2.73691	-0.149185	-0.095857	-4.06089	2.03637	
-1.48688	0.338506	0.428698	0.168599	0.578089	-0.887551	1.62655	0.619126	-0.721829	-0.218112	-0.831519	-0.816305	-0.837077	0.134468	0.00869694	-0.171526	-1.202	0.279615	0.481537	-0.563349	
0.0774025	-0.58177	0.991647	-0.291918	3.80009	-0.547796	0.628436	-0.985597	-0.960987	-0.668864	-0.303698	1.27896	-0.979029	0.098847	-2.55369	-1.38083	-0.127924	1.67832	1.25487	-0.813962	
-0.753074	4.30315	-2.41704	0.57187	1.36184	-1.12218	1.08053	5.6973	-0.546378	-0.0504938	-2.08252	1.42972	1.5052	-2.04006	-0.538766	0.732203	1.32423	-0.830234	-3.23419	2.64544	
-0.446139	-1.46678	-0.991276	0.721619	-0.583488	0.538135	-0.569241	-0.307536	-0.0837966	0.065161	-2.24812	2.32322	0.927259	0.407184	0.651837	0.314866	-0.72587	0.0779072	0.815035	2.14201	
0.622789	0.609843	1.11151	-0.230771	-0.98716	0.168587	1.44137	-1.34528	2.23855	-0.171683	0.738949	-1.25062	0.164611	-0.778267	0.418605	-1.22453	0.996576	-0.128817	0.219415	-2.31829	
0.970991	-1.30096	-1.60742	-0.460016	2.18986	2.07515	1.98817	-0.720568	-1.02772	-0.702017	1.65488	0.036675	-1.15622	-0.472346	0.436579	1.21343	0.262778	0.76069	-1.12413	-1.06767	
1.19814	-1.53411	-0.446296	0.640014	1.69331	-0.649894	-1.43825	-0.486774	-1.76114	-0.223039	0.0814757	0.126226	-0.535329	2.03572	1.00527	1.57415	0.0317921	1.33597	-0.666651	0.295163	
-1.621	-1.22236	-0.778442	-1.15634	0.867053	-0.079248	0.469234	0.0300639	1.78084	1.85458	-0.533575	-0.0346034	0.658523	0.885998	-1.31671	-1.96237	-0.0034057	-0.741429	-0.330708	-0.737276	
0.381581	-1.78051	-1.11242	-1.52409	1.56372	2.05292	-0.40791	0.121513	0.289859	0.651957	-0.59609	1.16749	-1.42443	0.932384	-0.966651	-0.65316	-0.342272	-0.379975	-0.649838	1.2863	
0.99368	3.09912	1.57106	0.519442	-0.162409	-1.50385	-1.37406	0.764941	0.878338	1.84066	-0.0431618	0.0219278	-0.287257	-0.355982	0.258324	-0.484047	1.23214	-1.92404	-0.754762	0.585925	
-0.878067	0.829475	1.17114	-0.0110883	-0.170219	0.60891	-0.0109158	0.552879	1.15885	-1.47321	-0.271682	-0.99797	-0.0720018	-1.28182	0.152294	0.466484	0.467265	-0.396972	0.557597	-0.26488	
-0.251965	1.04343	-2.19466	0.713364	0.244066	0.207361	0.17306	0.0282707	-0.475418	0.769837	-0.897592	-0.624538	0.0969082	1.64038	1.21909	0.117545	0.143997	-1.12566	0.289552	0.7336	
0.815671	0.986346	0.547874	0.43201	-0.344299	1.6539	-0.224933	-0.199688	0.376538	-0.678635	0.828704	-1.06501	-1.48916	0.501563	-0.754873	0.283927	-1.51088	-0.569001	0.58962	-0.903246	
-0.580427	2.25037	0.674022	-0.207506	-1.18384	0.587915	-0.0475633	0.320558	0.385594	0.197139	0.0963664	0.606783	0.406221	0.755962	-1.13823	1.58923	-1.07551	1.2253	1.32185	0.253669	
-0.411823	-1.95974	0.254685	-1.08255	-1.37589	0.757549	-0.520407	0.699128	-0.18795	0.285643	0.261004	-1.6706	1.09913	-0.0541447	0.747883	1.89245	1.24392	-0.775705	-0.624907	1.41302	
1.33367	0.658401	0.224424	-0.940144	0.638207	-1.0881	0.0929188	0.270944	1.74726	-1.41118	-0.111662	-1.15065	0.0781388	0.0391454	-1.12996	-0.337145	1.52072	-0.378153	-1.81626	0.432969	
1.04504	0.402521	0.257826	0.632734	-0.134263	0.272911	0.0035918	-1.26091	0.59095	0.760172	-0.00783195	-0.892296	-1.0045	-0.567443	-1.00738	0.0791913	1.72547	0.65301	-0.525587	-0.277013	
0.413078	-2.75263	1.41906	0.0499453	0.068418	0.833109	0.412646	-2.55682	-0.223226	0.350491	-0.50412	0.809487	-1.82127	0.909995	-1.78924	-0.406619	0.35124	-1.90734	1.45877	-1.07052	
0.988615	-6.31287	2.59622	0.117244	-2.03591	1.67512	-2.34968	-7.13291	4.21492	0.295413	1.36196	1.49168	-2.71118	1.80428	0.971469	0.622528	0.226288	-1.09456	2.25052	-3.20639	
0.123626	0.35218	0.660716	-0.230033	0.295976	-0.330713	1.80405	1.5124	-0.24615	0.514826	0.429261	0.803939	0.984263	0.581023	0.0933451	0.0732077	-0.144742	-1.55633	1.00922	0.559365	
1.87797	-0.0490469	0.543665	-0.116435	-0.640977	0.724751	-0.454818	0.390008	-1.79232	-1.2659	-0.419936	-1.46936	1.17766	0.583365	-1.08341	0.868195	-1.3677	-1.41039	-0.183252	1.00939	
-0.403316	0.293229	0.929331	-0.546515	1.05033	-0.685582	1.08869	0.310581	0.165722	-0.564395	1.45262	1.52458	0.0435781	-0.40264	0.233262	-1.97622	-0.0660785	1.00696	-1.5718	-0.0436146	
0.318265	-0.273611	-0.127578	-0.0210232	-0.738145	-1.8586	-0.782834	-0.741037	-0.316873	0.417476	0.330283	0.68639	1.19585	-0.52442	-0.375853	-0.865419	-0.128891	1.33004	-1.29234	0.458658	
-0.197367	-0.0521114	-1.2258	-0.311034	-0.160155	0.176536	1.05827	0.562727	-0.013781	-1.26461	-1.01341	1.43306	0.374448	1.70297	-0.701086	0.959912	-0.102772	-0.474094	0.732919	1.63421	
0.288614	0.48581	-0.357668	0.407298	-0.283277	-0.692429	1.5937	-0.196907	0.496449	-0.0789112	1.03351	-1.42035	-0.919405	-0.199154	0.688136	-0.123246	-0.219074	-0.627731	-1.61347	-0.133724	
-1.86191	-0.993144	-0.20402	-0.560324	1.65111	-0.983205	1.17392	-0.268852	0.573374	1.11342	0.664262	-0.391511	-0.26861	1.46468	-0.371643	1.19924	-1.10607	-1.10444	-0.173355	0.214962	
1.32118	0.81346	-0.944001	-0.348031	-1.30669	0.187026	2.02139	-0.365274	-0.479331	-0.443115	0.460756	1.66953	-0.655703	1.71518	1.72768	0.388335	2.53326	1.30037	-0.0200056	-0.0289144	
0.783819	-0.284671	0.98157	-0.120758	0.730303	0.651873	0.173788	-0.151658	-0.95348	-0.720392	2.11109	-0.344236	-0.330713	1.73437	0.681464	0.936822	1.1448	-0.617449	-0.263824	-0.781775	
-0.151018	0.225192	-0.47704	-0.436905	0.917484	-0.317625	0.259943	0.996149	-0.531555	-2.09751	-0.479203	0.0482772	0.75435	-0.282007	-0.561453	0.378065	-0.465338	-0.966416	-0.719836	-1.02404	
1.40959	1.74982	-0.745189	-0.434038	-0.161498	0.340352	-1.70766	-0.245094	-0.893924	-2.00188	1.29887	0.58914	0.289222	-0.205355	-0.121643	-1.25533	0.40158	0.0971747	0.498287	1.15496	
0.869338	-2.43133	-0.589468	-1.07783	0.877413	0.101106	-2.37461	0.0273407	0.0590426	0.341914	1.20346	0.0402719	1.00884	-0.873359	-0.378371	-0.28086	-0.52139	-1.42437	2.23387	1.52081	
-0.342554	1.7498	0.186352	2.20398	0.812365	-0.305788	0.281601	0.081767	-1.3571	1.00075	0.667732	-1.72816	-1.65755	-0.454093	-1.5818	-0.198528	0.830159	0.887442	-0.188031	-1.44382	
1.07616	-0.923192	1.91954	-1.1738	0.710297	-1.35564	-1.50324	1.13251	0.709784	-0.25941	0.929986	0.825513	0.425141	0.379499	0.181447	0.362764	-0.880004	0.354508	-1.58625	-1.89611	
0.0515061	0.531786	0.420721	-0.597116	-1.51614	-1.37809	1.02652	-1.17005	-0.722335	-0.0977096	-0.70635	-1.1898	0.0931964	-0.0153309	-1.63287	-0.273982	1.04239	0.687257	-0.516812	1.43781	
-0.522179	0.351406	1.8519	-0.303906	1.26035	0.145463	-0.339693	0.821766	0.132103	-0.692701	0.135988	0.672358	-1.07047	-0.623911	1.11097	-1.1268	-1.34333	-0.938647	-1.71877	0.561359	
0.310677	-0.761059	-0.300842	-0.956478	1.62308	-1.75876	0.774638	-0.412088	-0.525533	2.02975	-1.00827	2.44666	-0.232857	0.180017	-0.457961	1.07347	-0.255088	0.554539	-0.178504	0.971285	
-0.61239	-0.137596	-1.61827	0.122961	-0.466737	1.2319	-0.834808	-0.570693	0.69366	-0.0953689	0.438646	0.519115	0.174913	0.58346	0.412632	-0.61238	-0.329822	0.629524	-1.35359	0.541572	
-1.46326	-0.185681	1.058	1.57006	-0.515017	-1.79222	-1.36323	0.235214	0.0562745	0.555586	-0.693341	-0.690795	-0.260279	0.695041	0.197374	-0.197363	-0.127384	-0.217049	1.28473	-0.0268917	
-1.87062	-1.30662	-0.380995	-0.108419	-2.05228	-0.239937	1.94905	0.352783	2.98576	1.56431	1.49967	0.028594	-1.99271	1.22194	-0.709637	-2.16335	-0.153211	-1.10967	-0.658806	-0.959492	
-0.0235388	-1.34487	-1.5386	-1.26865	-2.32844	-1.04753	1.31802	-1.47177	-2.02065	1.01135	0.768318	-1.20695	0.457195	-0.0751219	-0.228487	-0.700293	0.401817	-0.697555	-1.49266	0.411181	
-0.811456	0.322103	0.090126	-0.112191	0.412571	0.148163	-1.11121	0.0399096	-1.3268	-1.82699	0.756305	-2.5346	0.660824	0.223327	-0.307296	1.60043	-0.180861	0.433629	0.430531	-1.29802	
-1.9352	-0.914587	-1.85601	-1.11187	-1.07193	0.157238	0.427493	0.617101	0.298469	-0.793465	-0.777889	0.972866	0.864089	-0.540633	1.50186	-0.921482	0.557716	0.832699	0.629682	0.677532	
-0.829717	1.47407	0.806493	0.303638	0.424538	-0.833239	-0.54226	-1.373	0.729108	2.44599	-0.087703	1.35135	-1.26749	-1.00229	-1.00155	-0.55921	0.664237	-0.143155	-0.227238	0.907301	
-0.506411	2.07443	0.309806	-1.2895	-0.324354	-0.202349	0.594034	0.125657	1.2516	-1.78293	0.130691	0.0765838	1.88156	-0.805723	-0.109816	-0.64087	0.347863	-0.234589	-0.764943	1.81282	
1.20889	-0.145473	-0.328432	0.870732	-0.624838	1.44285	0.872098	1.33044	-0.84812	1.10782	1.98242	0.963955	1.54901	-0.421898	0.514641	-1.37243	-0.0720255	-0.918102	-0.713108	-0.772017	
0.392394	0.350241	-1.82597	-0.0281521	-0.616822	0.152723	0.912812	-0.133851	-0.24079	-1.0207	0.783916	0.0850093	0.188811	-0.824242	-0.367551	0.931291	0.536828	-0.819642	0.697116	0.327818	
-0.00044337	0.86902	1.01935	1.46876	-1.41294	0.947958	1.13205	-2.4507	-1.22717	2.79864	-0.0544556	-0.0133419	-1.04472	-0.23193	1.925	-0.0450133	-0.639501	-0.0395912	0.669259	-1.3076	
0.59656	0.218835	-0.339325	0.496518	-0.675152	-1.55691	1.15984	-1.44474	1.02983	-0.517647	-1.98236	-1.53973	-0.151919	0.0769252	0.325858	0.370818	-0.550649	2.29158	-0.601425	0.78634	
0.78724	-1.85117	-1.20914	0.0337326	-0.38715	3.00457	-0.857483	-0.0582606	-0.539274	2.45798	-1.08175	-0.563091	-1.34723	2.20798	0.933146	0.46829	2.30308	0.00549071	0.784161	-0.85163	
2.2455	0.320181	0.797168	-1.21367	-0.27139	2.6017	-1.64919	-2.34098	2.54324	0.172795	1.79716	0.955382	-0.669365	1.15057	-1.18496	-1.19614	1.20446	0.351458	-0.339874	-0.667124	
-1.27241	0.267309	-0.269884	0.974464	1.63875	0.691507	-0.236283	0.158707	0.314363	-0.0209086	1.64576	-2.18046	-0.653765	-1.02402	-0.119914	1.00168	-0.0644753	-0.150199	1.29939	0.598377	
0.42893	7.18114	-1.70682	0.135181	2.26129	-1.16903	-0.449962	7.32291	-4.86354	0.787892	-1.6859	-0.771398	3.46617	-2.1754	-0.246348	-1.89945	-0.707286	0.755531	-0.956331	0.913448	
-0.609799	-1.36036	-0.439948	-0.19708	0.0396976	0.389151	0.826983	-0.336609	-1.39018	-0.234651	0.606954	2.29321	-1.05633	-0.73901	-1.44017	-1.25752	-0.474938	2.05393	1.11902	0.828537	
-1.24218	9.37232	-1.72969	0.412922	-1.25191	-1.01091	1.73671	9.94977	-5.0448	-2.22682	-0.952482	-0.881339	2.80543	-3.51053	-0.727611	-2.72027	0.239917	-0.0847917	-3.23785	2.036	
-2.48368	-0.200363	-0.826379	-0.51442	-0.0681915	-0.116836	-1.4602	1.40231	0.575596	-0.36289	-0.635033	-0.310861	0.139893	-0.516594	0.0230285	0.258638	0.774836	-0.22645	-0.522056	-1.13923	
0.703251	-1.5814	-0.0347098	-0.453246	-2.48748	1.00405	1.50825	-0.0959961	-0.111142	-0.0928214	-0.722523	0.954413	3.21306	0.418278	0.00099071	-0.150808	0.292376	0.0545796	-1.06368	-0.0790369	
0.731982	1.03471	-0.39386	-0.0984849	-0.412771	0.543101	-0.0568884	0.271449	1.5271	-0.385935	0.106277	1.49638	-0.431401	-0.353056	-0.00259529	-0.564749	-1.55025	2.2057	-0.583131	0.799996	
2.05091	-1.08421	-0.146034	0.192795	-0.714584	0.819164	-2.15604	-0.799517	0.327725	-0.135758	0.0150545	-1.09088	-0.633947	-0.520457	1.96746	0.0542068	0.628933	0.874342	1.03687	-0.337783	
0.835517	-0.188861	-0.511888	0.102444	-0.971536	-0.769647	-0.497548	-1.35857	-1.0264	-0.835397	-1.02765	0.691125	1.36412	-0.0395595	0.694352	-0.239987	-1.63994	1.16142	1.55843	0.468538	
-0.32605	2.77235	0.339422	-0.946886	0.66907	0.466078	-0.675593	-1.21274	0.690125	-0.829791	0.638233	0.45238	0.546928	0.354268	-1.56128	-1.4562	0.301853	-0.948805	-0.791281	1.16051	
-1.95825	7.07692	-1.95152	1.41965	0.617061	-0.851958	0.976464	10.2955	-2.6927	-2.93065	-1.75273	-0.952575	2.02575	-2.47043	-0.485235	-1.23489	-0.0147547	0.51788	-2.60129	1.82454	
-0.018774	0.705138	0.187472	-0.451108	-0.363133	1.72429	-0.579229	2.00488	-1.19007	1.10222	1.87002	-2.18474	0.0721864	0.34555	-0.030301	0.816087	-0.198354	-0.892901	-0.238065	0.151846	
-0.586439	-0.561539	-1.20602	-0.376604	-0.0346196	-0.202331	1.11303	1.26039	0.908328	-1.30523	0.399893	-0.598312	-0.538306	0.809054	0.416875	0.477894	-1.14859	0.399338	-1.1001	-0.141483	
1.56547	-0.109114	1.45933	-0.0297491	0.646601	-0.341762	0.368251	0.258498	-0.396091	-0.440314	-0.651795	-0.159831	0.516159	-0.3789	1.54247	-0.317215	-0.601463	0.0133999	1.81378	0.630327	
0.570717	-11.5543	4.13562	-2.03933	-5.09931	3.88647	-2.29671	-16.1213	6.59446	2.50231	3.63852	2.61123	-6.77241	4.70114	1.3315	1.15692	0.151954	-1.22127	2.68389	-3.94041	
0.72152	2.53207	0.315622	1.30691	-2.06518	-0.934069	0.719014	0.0522007	2.02116	0.904658	0.510562	1.31508	-0.199754	2.45608	1.38477	-0.645919	0.785389	0.130279	0.386686	-0.543875	
0.41412	-1.79456	-0.534077	-0.0249392	-0.9389	1.01731	-0.682492	-2.68006	-0.126959	0.127018	0.356795	0.81365	-2.15139	0.510582	-0.777153	-1.26009	1.07464	0.0702416	1.0374	-0.604785	
1.48483	-1.88573	-1.4242	0.268909	0.363684	1.90795	3.02211	-1.70393	0.247658	-0.210232	-0.305984	0.196315	0.519887	-1.58639	0.47577	1.39275	0.205144	-0.402284	-1.72226	-1.3059	
0.348375	1.13656	1.49555	-1.20559	0.433634	0.0567722	-0.448008	-0.710906	0.586303	-0.654018	1.15233	-0.146456	-0.339541	0.382104	-0.341281	0.705987	-0.796299	0.114865	0.038336	0.803393	
-1.0129	0.671307	-0.597812	-0.455106	-0.571862	-1.0863	1.28177	-1.01989	1.14635	0.0375962	0.78642	0.0536542	1.93173	0.30023	2.05471	0.647322	1.28874	-0.36968	0.416914	0.96071	
0.0913868	0.437347	-0.484413	0.602653	-0.99855	1.01745	-0.581602	-0.364681	1.15131	-0.67972	1.19323	0.546393	-0.187221	0.154498	0.265016	0.105047	-0.181159	-0.311786	1.89406	-0.303265	
-0.67844	0.944308	0.522753	-0.645122	-0.257086	0.231943	0.120386	-0.102971	-0.741537	-0.96164	-1.99265	0.830992	-0.414356	1.11155	-1.18092	0.35539	-0.679851	-2.16881	-0.728292	1.2775	
-0.462881	0.180266	-1.11513	0.020376	-1.44591	-1.98307	1.05578	1.4521	2.10856	-1.91966	-1.88748	-0.282765	0.94457	1.72673	-1.55611	0.423442	-0.265956	-0.177072	-0.42697	1.41425	
-0.370856	-0.0396493	-1.18199	-0.909945	-0.32392	-0.599657	-0.328869	-0.571459	-1.18282	-0.735539	0.0714751	0.832527	-0.168457	0.31239	-0.237402	0.34876	-1.11708	0.00931611	-0.0630611	0.308016	
0.378348	-0.903581	-2.66092	-1.03876	0.352371	0.974108	-0.0748709	1.41471	1.04357	-0.748288	-0.0293708	-1.15573	-0.599389	0.536623	-0.795348	0.846319	0.0243779	-0.646413	1.05904	-0.297863	
-0.832139	-1.60936	0.00378189	-0.529808	0.37641	1.02314	-1.09712	1.24715	-0.0185006	0.27586	0.125232	-0.0131279	-1.37809	-1.27878	2.40605	0.751645	-0.27037	-0.755032	0.511802	0.409235	
1.7704	-0.136741	-1.41478	0.594302	1.08408	0.197559	-0.313536	0.854935	-1.12628	-0.647984	-0.0604995	-0.149443	-0.101748	-1.51591	-1.96035	-0.158222	0.951322	1.80846	-1.99027	0.897623	
-0.560881	-1.35554	0.595746	1.1809	-0.537957	-0.979398	0.656176	1.42476	-1.97715	-0.23674	-0.185788	-0.621678	-0.234919	0.399556	-0.177411	-0.891349	1.02612	-0.260881	-0.944455	0.448635	
0.079374	-0.349519	-2.31013	1.31883	0.599368	-1.12792	1.76298	0.0764656	0.0192448	-0.530735	-0.920187	-0.642445	-0.645837	0.628497	0.712217	0.204334	1.66256	0.266293	-0.0931165	0.347804	
-0.390639	1.75172	0.607088	-1.34154	0.733283	1.05179	1.019	-0.611107	0.316466	-1.26515	0.4175	1.0361	0.89725	-0.664425	0.326064	1.53535	0.355392	0.604976	-1.58777	-2.12138	
0.349791	-0.364371	0.727903	0.830298	0.618497	-0.412632	-0.0317674	-0.67292	0.174556	-0.452842	-1.2693	-1.41309	1.44154	-0.559961	0.303157	-0.394376	2.42386	-0.669417	-0.159501	-1.20282	
0.869418	-0.302314	1.61674	1.35647	1.45534	-1.15455	-0.212933	-0.501067	-0.415352	-0.283436	-0.115661	-0.838257	-0.231279	1.36388	1.07275	0.533694	0.0912195	-0.255688	-2.46518	2.4146	
-0.143118	-1.56883	-0.158092	-0.447156	-0.683912	1.03004	-1.07144	-0.646724	0.746413	1.05863	-1.29105	-0.348927	0.462891	-0.123879	-0.569544	-0.107063	1.52633	-0.592311	0.48168	0.127752	
-3.28421	-0.162548	0.0324808	1.27255	-0.844829	-0.150454	-2.09946	-0.320755	0.108946	-0.130961	0.0513023	-0.49441	-1.59698	-1.75049	-1.72627	0.266367	-1.14333	-0.939654	-1.07412	0.816729	
-0.186839	2.0081	0.564752	-0.197025	-0.000259697	0.994877	-0.91821	0.395944	-0.224094	-0.997498	0.767443	-0.0404478	-1.16473	1.51258	-0.845697	0.838564	0.651077	1.69934	-0.228839	2.78168	
