1.70404	-1.47477	-2.17219	-1.57063	1.19832	-0.718062	0.749885	-2.30823	-0.0889297	-3.95536	-0.370235	-1.24902	3.63005	-2.25827	-3.48846	1.39785	-0.172231	-2.62316	2.93051	-0.701372	
0.588003	1.84387	-1.58038	-0.592579	3.02825	0.485205	0.96057	-1.90531	1.66121	-1.67104	-0.615194	-1.18528	2.61421	-0.830928	-1.09228	1.35503	1.33156	-1.91058	2.55314	-1.37919	
-0.187662	-0.754387	0.556874	2.07787	-5.76746	-2.07836	-1.64163	4.48747	-4.1747	7.98252	1.8281	-1.0089	-5.93649	6.03116	5.06131	-4.76723	-2.04097	7.05264	-10.0727	6.08218	
-0.17407	0.502549	-2.67613	-1.76813	1.82084	1.36946	0.763286	-2.60466	2.16141	-4.61037	-0.126947	-1.44842	2.16822	-1.38944	0.340545	0.670494	0.203409	-0.200149	3.74878	-1.75607	
0.00239901	1.83918	-3.06053	-3.60062	13.1441	1.39031	2.79532	-10.6269	9.28266	-16.5966	-4.38663	1.73761	14.9128	-12.445	-10.6775	8.4899	6.88989	-12.046	15.4177	-12.5279	
1.11337	-0.0536436	-2.64369	-0.830038	2.14873	0.39274	2.47442	-2.35524	2.9843	-4.37773	-2.43496	0.61177	2.16698	-3.22625	-3.00271	2.67851	-0.205542	-2.41187	3.54666	-2.44426	
-0.3578	0.318964	-0.608325	-2.11466	4.6039	-0.936003	0.156389	-3.97683	2.58317	-7.80726	-1.64368	0.498086	6.11565	-6.6083	-4.19257	2.98741	1.32847	-6.51135	7.36854	-5.22686	
-0.158468	0.350598	-0.040979	0.229941	-0.102096	0.491268	-0.0192819	0.0898813	-2.42523	1.51494	2.6078	0.255239	-1.10769	2.52967	1.29262	-2.36029	-2.23208	0.690191	-2.14569	2.23868	
2.6459	0.0980212	-1.07023	-1.83037	2.19913	0.377735	0.758887	-4.11685	1.78651	-3.70428	-0.480606	0.619577	1.89362	-1.33628	-1.94973	2.33875	2.47951	-4.11349	3.81014	-3.32691	
1.50592	-1.60158	1.3233	1.17446	-4.50037	0.112367	-0.915737	3.55051	-3.21652	6.59275	0.310597	-1.1039	-2.95152	2.7976	2.77897	-1.65254	-1.33722	3.90234	-4.26156	3.09427	
-1.27712	0.810779	-2.33793	-4.89494	13.0256	0.814462	3.44575	-12.793	9.82665	-15.1832	-4.76632	2.05444	15.7586	-11.2357	-10.7107	8.08197	5.11182	-13.4661	16.7165	-13.0081	
-1.77999	1.33451	-1.47142	-2.69244	8.32886	0.608645	0.0799184	-7.66245	6.5144	-8.88657	-0.616213	-0.486161	8.39116	-7.08167	-5.22505	3.81794	4.95121	-8.41423	11.2241	-7.83257	
0.739546	0.537817	-0.352402	0.19973	1.70421	0.140457	-0.678113	-0.557529	-0.501512	0.0406999	-0.120477	-0.188059	0.824763	-0.863253	1.30885	0.59617	0.39492	-1.82403	0.426872	0.780393	
-0.287235	0.47253	-0.532234	-2.04952	8.88825	1.23136	1.52632	-8.37446	5.75058	-11.6084	-2.61269	2.07784	9.71037	-9.22037	-8.14608	5.97991	4.77908	-9.59661	13.0706	-8.52212	
-0.866919	1.00641	-0.823281	-0.938476	-0.967449	-0.450471	2.42376	-0.398146	-1.06378	-1.4336	1.03319	0.99365	-0.354581	-0.863243	-0.677094	1.10133	0.346155	0.4017	0.82212	-0.521894	
1.48687	8.73959	0.660734	0.944715	4.94372	-8.39353	1.26692	-9.77811	16.5229	-9.12153	0.218209	8.26268	11.6328	-6.62997	-12.2132	0.348104	6.43008	-4.06419	16.9192	-2.7786	
1.91518	0.769205	-0.094318	-0.121613	5.39135	1.10747	0.712167	-5.60906	2.76663	-7.46551	-0.493567	1.0597	5.05435	-3.9426	-4.47427	3.24313	1.15426	-6.70777	5.31086	-5.39831	
-2.09587	-1.12219	0.256769	-0.260439	-3.34907	0.353167	1.12471	4.99751	-3.06093	5.73088	2.298	-1.79939	-6.45441	2.62737	2.8049	-4.78102	-3.79053	5.41185	-5.96399	5.24771	
2.71458	3.04526	0.687595	2.72011	-3.3339	-5.67382	-0.925921	-0.771628	3.09075	0.725194	1.10206	0.683529	-1.65814	1.12661	-1.12414	-3.02823	0.284939	3.30347	2.94929	1.98565	
1.40205	0.510196	0.944846	0.806435	-4.63092	0.606806	-0.486649	4.58843	-3.75454	5.0979	2.40805	-1.32191	-4.96819	5.38369	5.00527	-3.85279	-0.918272	5.33314	-5.31605	3.8298	
0.545971	-0.0493216	1.0947	0.91998	-4.17544	-1.16916	0.151916	2.18553	-2.38679	5.20336	2.3861	0.161725	-4.54679	2.85116	4.99158	-2.69862	-2.59441	4.3072	-4.44241	3.87912	
-0.0345993	0.969959	0.476742	1.48324	-4.48489	1.11227	-0.883422	5.43305	-5.60943	7.33166	1.40616	-0.388152	-6.54038	7.39181	4.39212	-4.26861	-2.35258	4.89693	-8.53623	7.26618	
-0.197722	-0.105567	1.97384	0.0428073	-6.62039	-0.616838	0.00157713	5.89658	-6.0451	8.78464	2.11562	-0.255829	-7.53841	6.12402	5.14305	-5.91983	-3.81734	5.39975	-7.87059	5.00306	
-0.983327	-0.316761	0.00242551	-1.09661	1.24687	-1.293	-1.12184	-2.34807	2.89583	-2.21455	-0.712681	1.19354	1.08051	-0.806502	0.695964	2.46622	1.20204	-1.18026	2.07772	-1.37784	
-1.13099	-1.07599	0.0599358	-0.845051	4.43998	-0.615712	1.09231	-3.7942	2.45619	-3.18753	-0.653487	1.44377	4.16141	-3.0129	-3.0667	2.8702	2.50662	-3.65017	4.32427	-6.64264	
1.52312	-0.268064	-0.452497	0.8961	-1.82699	-0.0269285	-1.25157	2.26766	-1.86336	4.83037	0.543366	-0.177019	-5.29694	3.86797	5.32649	-3.1442	-1.25312	4.31184	-4.12645	2.93854	
0.7812	-0.574905	1.33547	2.71384	-6.16424	-0.700792	-1.33837	4.18736	-5.22189	9.13178	2.22327	-2.40534	-9.66608	7.53947	6.87918	-5.94601	-3.08037	8.52095	-9.75095	8.05622	
-0.796845	0.823364	-1.2825	-2.69785	8.90034	2.14786	2.54611	-6.57647	6.96261	-9.75897	-1.46421	2.78061	9.19625	-7.86088	-7.59822	5.86249	4.00775	-7.596	10.93	-6.33242	
-0.79382	-1.83156	3.05496	7.5115	-18.7878	-2.61488	-1.66111	13.0255	-13.9804	20.783	5.41052	-3.12728	-20.0216	17.4562	14.9646	-11.5226	-6.86393	20.5451	-23.0202	16.5269	
-0.382199	-0.00458956	1.54293	1.46581	-3.7601	-2.56198	-1.3373	5.77044	-3.32381	5.60513	0.226579	-1.36815	-3.74892	4.48525	6.30702	-2.07616	-5.3834	4.58694	-7.39464	5.26767	
-0.0826933	-0.0412599	0.537056	3.00465	-6.65945	-1.1918	0.420355	5.23167	-3.58387	7.26695	1.18033	-0.941177	-5.16413	5.30146	3.85457	-2.05501	-4.38812	4.97537	-6.50985	5.77441	
0.362385	-5.21367	0.223435	2.58487	-5.73551	4.55931	-0.183289	6.98816	-10.6597	7.77676	0.834556	-3.80094	-9.21134	6.2132	7.66922	-3.64827	-5.02166	3.37064	-12.3378	2.36331	
-1.78031	-1.3386	2.53261	6.22827	-15.2841	-1.60644	-2.50741	12.8252	-11.1099	19.2115	3.67953	-2.35155	-15.3142	14.8853	14.3595	-11.1355	-7.49236	17.1608	-20.0409	15.6371	
-0.879158	-0.514158	-0.971642	-0.13161	-2.22516	-1.28749	-0.33736	2.40775	-2.09785	1.46779	-0.19276	-1.45644	-1.55398	0.506427	1.21139	0.205107	0.565725	2.2384	-0.551269	0.892302	
2.17951	0.67754	0.200306	1.54391	1.29041	-1.19135	0.605302	0.240366	-0.296701	1.21321	-1.79986	1.18727	-1.5472	0.355946	-0.0552901	-0.12474	-0.434075	2.02658	-0.358684	-0.0341744	
-0.0200409	-0.611728	-0.272005	3.50055	-6.77825	-1.3457	0.856853	5.15741	-5.39236	6.70663	3.10495	0.985662	-6.11338	7.12679	5.52669	-4.31156	-3.89924	7.17744	-10.6834	7.83144	
-1.70139	0.764406	-0.27179	-2.80371	6.45956	0.676528	0.512857	-7.25113	5.81374	-10.1862	-0.340001	2.19558	10.2265	-8.73418	-7.93854	6.29492	4.63421	-7.49668	11.5849	-6.0439	
1.08881	-2.54246	1.86662	5.08473	-11.2842	-1.99794	-1.40742	9.95444	-8.57549	13.3112	2.30635	-1.87049	-14.1265	11.2676	11.4691	-8.66677	-5.23049	12.6869	-15.8793	12.5591	
0.085078	-0.619814	0.848812	0.524358	-3.70759	0.369537	-1.40112	3.29311	-4.57497	6.07988	0.43855	-0.0387232	-6.50979	5.00579	3.41536	-3.94813	-3.48146	6.3804	-6.46813	4.98453	
0.374372	1.72219	-0.52852	-3.73921	4.7728	0.0913369	0.16482	-1.64108	2.52826	-3.85243	-1.76087	0.270705	3.80337	-5.33208	-3.34551	1.29348	1.94159	-3.25448	5.07316	-4.7891	
0.705041	0.419443	-1.45828	-1.8724	8.12702	0.230059	0.940346	-4.68824	6.3798	-9.53126	-1.38374	-0.245253	6.28617	-7.16107	-7.05034	5.71362	4.37158	-5.93167	8.11772	-6.42944	
-0.215902	-1.04842	0.321418	1.02127	2.35227	0.817961	0.108219	-2.95977	1.2748	-2.57505	-2.40705	-0.0159717	0.41294	-2.81896	-2.54326	1.61119	1.91471	-2.7526	3.22943	-3.44665	
5.5579	16.5662	2.57924	10.4072	-12.9707	-20.5048	1.15625	-0.0998699	16.4679	10.4721	4.47225	11.3748	-0.902091	8.04538	-2.92036	-15.6994	-0.317976	18.4886	4.93035	15.6202	
-1.27738	-1.23649	2.47134	5.2989	-14.6417	-1.41345	-1.90717	11.4362	-11.5092	17.3032	4.37888	-3.30697	-16.6602	13.8296	13.5485	-11.3132	-7.47321	14.954	-19.1251	13.9099	
2.11651	6.19435	0.808174	4.8357	-5.56839	-5.13539	-1.79358	0.689513	2.41521	3.66217	0.653454	3.44488	-2.51561	3.51102	-2.01551	-5.66582	-1.0043	7.18566	-1.72563	6.08522	
-0.708114	1.55275	1.51844	0.574359	-3.77836	1.11018	-0.88656	1.49023	-2.84131	3.25757	2.0897	-0.358161	-4.08083	2.50766	3.01873	-2.36512	-1.02528	4.07588	-4.21963	4.18364	
-0.521363	-0.368591	1.86637	2.60062	-8.18877	-1.84575	-2.34189	7.95998	-6.18891	11.1381	2.76562	-2.2245	-10.1872	9.85838	7.98639	-5.5427	-4.55454	8.24693	-12.5807	9.54031	
-0.356475	0.183546	2.57696	2.91614	-8.47713	-0.599386	-1.65663	8.10407	-6.20477	9.81159	5.68693	0.129649	-9.5517	9.78794	7.6359	-4.70271	-3.10092	8.58816	-11.785	7.6902	
2.52553	-2.06483	2.34788	1.09366	-2.60154	-0.468848	-0.141939	1.65938	-2.43888	3.36454	1.62499	0.769779	-3.08506	2.54606	0.937057	-3.74217	-2.85053	1.88691	-5.06589	1.10085	
0.539523	-0.156652	-1.08421	1.18063	-1.99995	0.13051	-1.67255	3.24911	-1.47351	2.85255	2.16451	1.44362	-2.08297	0.391967	2.02078	-0.508173	-0.147246	1.45467	-1.9766	1.7573	
-0.410904	0.662909	-4.09611	-3.45067	9.45899	0.236365	3.2769	-9.19624	7.44383	-12.3523	-2.17189	3.10038	10.0851	-7.70072	-7.21134	7.07803	4.59937	-9.26395	13.6897	-9.20114	
0.649544	0.0132249	2.19542	0.50184	0.471996	-1.65854	0.287051	0.250045	-1.03389	0.00411056	0.650179	0.248041	0.459046	0.858586	-1.26047	-0.618453	-0.709545	-2.37241	-1.29852	-1.2286	
-0.765717	-0.337209	1.30914	2.16776	-4.91399	0.205024	-2.37144	3.67715	-5.31921	8.42805	1.41918	-1.10001	-4.49215	2.75231	4.17871	-4.14627	-2.19849	6.37712	-6.42623	4.94796	
-0.136328	0.145578	-0.832055	-1.17327	2.27158	1.52215	0.83689	-1.36219	-0.438397	-2.20659	1.11841	0.590391	1.92282	-2.53	-1.4921	1.26892	0.933116	-1.48938	0.124066	-1.78099	
-1.06239	0.884998	-0.548313	-2.39076	2.09029	-0.153279	-0.871364	-2.10491	3.39242	-2.45719	-2.37742	-0.634359	0.0848366	-1.66158	-3.22163	2.75095	0.552143	-2.66109	5.10762	-0.51058	
-2.03877	0.338575	-3.26306	-3.73029	6.72723	3.31035	1.86312	-7.01718	4.21601	-8.46159	-1.2365	-0.239579	9.1095	-7.22509	-5.14265	6.06919	2.91024	-10.0479	9.93341	-7.61299	
0.241224	0.946029	-0.0952885	2.71883	-5.58173	-2.84962	-0.794443	4.53946	-1.98628	6.80717	1.3125	-0.385772	-6.22551	4.01276	5.45382	-4.01825	-2.44148	5.82327	-6.38251	5.93911	
-1.10917	-0.89766	0.499591	0.489075	-2.76589	-1.64593	-0.153147	2.47236	-2.2565	4.15223	-0.597776	-2.26625	-3.13508	1.6173	3.18396	-0.993919	-1.8083	2.27512	-3.3756	1.73307	
0.336927	0.624693	-1.88025	-4.35107	14.2321	1.40672	3.58672	-12.9621	11.5913	-17.7893	-5.25255	2.35037	15.8186	-14.4602	-15.0996	8.80077	7.04278	-14.0346	20.5763	-12.9403	
1.77797	0.993848	-1.97517	-2.52272	7.30447	1.10903	1.68794	-8.17664	6.20767	-12.4407	-1.43137	0.512854	7.61647	-10.2491	-8.76403	6.53454	5.66463	-9.62694	10.011	-6.41335	
-0.183327	2.79981	-2.19879	-2.92699	8.02877	1.64678	2.02389	-7.84545	7.58552	-14.0769	-1.91882	1.22198	10.1312	-6.46662	-6.47889	6.01013	2.65231	-8.34626	12.1728	-7.3608	
1.44389	-0.455189	1.55714	1.85126	-4.99815	0.651261	-0.732449	3.3311	-2.64324	3.47049	1.06277	-0.649954	-4.30346	4.5936	3.40029	-1.08974	-3.4437	3.47852	-6.43783	2.80834	
0.512628	0.35889	-3.48231	-3.90979	8.39449	0.742254	-0.475429	-5.711	4.98068	-8.20773	-2.78846	3.60268	9.31946	-7.36249	-7.06079	5.05753	2.14024	-9.0154	9.14189	-5.45477	
0.085026	-0.415865	1.82285	3.41957	-4.62875	-0.595208	-0.646668	5.07018	-3.21476	5.58987	0.996251	-1.36633	-5.98249	5.04245	4.1934	-2.43586	-2.02694	4.53092	-6.26758	5.66851	
-1.01662	-1.48894	1.5263	0.648417	-1.49978	1.50698	0.105779	0.39617	-0.190031	2.34125	0.827235	-0.772676	-2.28384	1.79689	0.122273	-1.32942	-1.11238	2.98808	-1.45678	1.61134	
1.99489	1.91205	-1.01081	1.18642	4.86666	-0.183194	-0.329736	-3.44663	1.82352	-3.90619	-1.39141	-1.12307	4.56652	-5.0803	-2.70062	2.14872	2.45919	-3.31304	5.29127	-1.95679	
0.525102	-0.456034	0.0712966	0.558957	-0.0250174	-0.235135	-0.408526	1.19682	-0.343484	0.889535	0.770747	-0.831129	-1.78206	1.42455	2.47478	-1.76593	-0.497837	0.151516	-1.41208	2.1084	
-0.358829	-0.909475	0.506058	1.65592	-4.39891	0.997565	-0.363998	4.66815	-2.72969	6.55682	0.846742	-1.65737	-5.87672	5.6839	4.85517	-4.38394	-2.76805	5.11316	-6.41293	5.932	
0.423946	-0.194805	0.352271	-1.741	5.9932	0.0307374	1.4263	-5.83771	4.25509	-4.96394	-0.189334	2.15646	6.54321	-5.11832	-4.86507	3.31122	2.79308	-2.71768	6.29651	-3.68319	
-0.317837	-0.0437876	-2.33363	-2.6171	5.21936	-1.00041	1.04763	-4.25293	4.50765	-7.38573	-2.48092	0.413654	6.3052	-4.18487	-5.63041	3.84605	3.45395	-7.40082	9.60618	-4.9732	
-0.222137	-1.15921	2.35294	3.23124	-8.97022	-1.19622	-2.19285	8.30276	-7.62893	9.80572	2.35373	-0.548201	-9.06407	7.05299	9.00912	-5.50722	-3.42906	8.59279	-11.2253	7.42706	
-0.992193	0.231356	-1.04839	-4.8556	9.00712	-0.160689	2.40629	-7.15599	6.74214	-12.2991	-2.34221	2.18349	9.45709	-9.55497	-8.31137	5.63231	3.69084	-9.22571	11.23	-7.62164	
-0.681853	1.11763	0.152045	1.55574	-6.507	0.457551	-0.88191	6.60436	-7.25748	8.85072	1.34888	-1.59321	-8.21566	7.92706	5.80901	-5.30179	-2.17452	8.31504	-8.91458	6.70307	
2.24331	0.492016	-1.10822	-2.4055	3.09412	-0.830113	0.297657	-3.10835	4.56276	-4.20097	-0.400864	2.60452	2.39841	-4.14807	-3.65245	0.721541	2.592	-3.2904	3.73132	-3.50501	
-1.33443	-1.1752	0.618695	4.29267	-11.6988	-1.35341	-2.56253	9.22461	-7.51632	13.207	1.82141	-4.21174	-11.9505	10.8854	7.70639	-7.24631	-6.00018	8.90192	-13.5145	9.79048	
0.30927	0.395307	-3.55193	-5.79745	14.4788	-0.678115	1.46687	-12.1224	10.6674	-16.311	-2.77593	2.00115	14.0996	-11.6951	-12.4428	8.7269	6.17019	-13.6888	17.4456	-10.3462	
-0.33256	1.6951	1.31135	2.61599	-8.53023	-2.35562	-0.990034	7.97131	-6.16436	10.4457	1.97608	-1.8485	-10.6157	8.83638	7.40762	-7.09331	-3.13071	10.0924	-12.3496	10.1536	
-0.0388452	-2.60688	5.97935	9.28362	-22.803	-5.07669	-4.43656	21.0367	-17.6821	29.0977	5.09493	-2.00022	-26.5894	24.2197	20.1694	-17.5637	-12.5668	23.8183	-32.8291	24.2043	
0.222721	1.38353	0.883915	1.91016	-1.38618	1.84814	-1.5425	1.48346	-2.30644	-0.0393736	-0.292747	-0.921113	-3.63494	0.842028	1.90479	-1.72192	-1.37463	2.4634	-2.54006	1.373	
-0.666335	2.52234	0.0521394	1.16792	-2.74595	-0.654111	0.28924	0.788291	-1.30632	3.16582	1.67427	-2.52798	-3.13337	3.26956	3.5574	-1.45261	-3.86076	1.82453	-4.00356	2.44266	
-0.575262	0.176439	-1.30807	0.640176	2.0502	-0.316597	0.290491	-1.75564	0.377966	-0.952447	-0.304966	1.16844	3.27339	-0.791718	-3.35898	0.716478	1.74783	-1.76159	2.58463	-1.76482	
1.67134	0.0188507	-1.53401	-1.01455	7.34495	1.34109	-1.48154	-6.99889	3.58584	-8.29951	-0.886224	1.96514	5.99835	-5.23376	-4.07994	4.50274	2.87059	-4.85749	7.07187	-5.93583	
-0.017262	-1.85271	1.79369	2.77077	-3.25772	1.60275	-1.33601	4.00251	-4.74711	5.65002	-0.325529	-3.06595	-5.37414	3.02549	5.50455	-2.61722	-2.59768	1.0058	-7.99754	3.55677	
-1.28918	-0.146518	2.21525	5.33017	-12.1351	-1.89916	-3.3616	10.6655	-10.587	15.7233	4.74407	-1.64865	-12.3917	13.1742	10.082	-6.71784	-5.33427	14.1371	-16.1012	10.7747	
0.108111	-0.1764	-1.141	0.341544	-4.06511	-0.609212	-0.0718185	4.26381	0.513408	4.31225	0.147912	-0.510396	-4.02261	3.367	0.203494	-2.2817	-0.379574	3.89695	-2.4818	1.82215	
-0.286308	-0.326064	-0.601596	1.16007	-2.27143	1.15835	-0.340459	-1.41649	-0.704473	3.44772	-0.594009	0.433766	0.744126	-0.697487	0.86007	-1.80743	-0.939029	1.83608	0.482357	2.70957	
-1.50888	0.724515	-0.323783	-0.881008	4.15939	-0.025105	2.8757	-3.99202	2.42475	-4.53636	-0.747325	-0.708716	5.26545	-2.6984	-2.09283	3.88582	3.6518	-4.2628	4.19016	-3.39273	
-0.751921	0.107183	3.51892	2.51051	-11.0581	-0.384536	-2.09167	11.2333	-7.87212	15.5054	3.93779	-2.90018	-13.9528	12.2109	10.503	-6.46051	-5.68288	11.1293	-14.6093	9.87012	
1.19665	-0.843047	-1.92536	-0.815318	7.88988	0.185702	-0.170494	-7.55311	6.37813	-8.24482	-1.43082	0.0327823	9.40061	-6.94532	-6.37422	5.03531	3.74815	-8.29228	8.77022	-6.02104	
-0.902458	-0.872175	-1.61189	-1.13962	3.56507	-1.53511	2.21638	-5.31662	3.10218	-4.0306	-0.454642	0.553465	2.76608	-4.68345	-2.59064	1.73817	1.19746	-4.11339	4.47885	-3.49212	
0.263981	0.558375	-0.446132	0.524522	-3.22409	0.41069	-1.27904	1.29453	-1.06051	2.86518	-2.40793	-1.2561	-2.34946	0.410192	0.892072	-1.13855	-1.22497	0.795785	-4.08522	2.82412	
-0.755135	0.836028	0.524839	0.742339	-0.701223	-1.70326	0.128887	0.963552	0.293527	0.78677	0.632147	-1.23639	-2.88545	-0.266972	0.869027	1.14399	-3.21618	0.898438	-1.6932	1.48582	
-0.65096	-0.227988	0.470615	-2.35921	3.35673	0.347396	1.08367	-3.32333	3.02215	-4.73874	-2.20047	-0.381883	5.3133	-2.87651	-2.22555	2.79191	1.80991	-3.44291	4.03216	-5.33869	
-2.17163	-0.508767	1.70602	1.61052	-2.72743	-2.7084	-1.859	2.09808	-0.443989	2.61338	2.14629	-0.628528	-3.45966	-0.781126	3.93309	-2.36101	-0.250541	1.81628	-2.52318	3.31189	
0.294435	0.163052	-0.530477	-1.03493	3.09983	-0.268223	-1.1304	-1.43192	4.05737	-2.40941	-1.18745	0.593188	1.44412	-3.27184	-1.19854	-0.329131	1.81112	-2.71941	1.9973	-1.32648	
0.892323	-0.811623	-2.30617	-3.33945	7.13684	1.95186	0.793828	-6.96304	5.13114	-9.19875	-1.33842	1.84735	8.02646	-6.33511	-6.89186	4.60183	5.31042	-8.53375	10.9187	-6.40021	
2.14397	-1.47126	1.4708	5.61343	-13.48	-0.0451087	-3.43636	11.8853	-8.36137	17.9576	3.43169	-1.63957	-15.0215	12.414	13.5652	-9.52229	-8.50008	13.9555	-17.7225	12.9599	
0.680281	1.41103	3.97087	1.95232	-6.55247	0.169464	-0.879917	6.6105	-5.49116	8.99948	3.13883	-1.57979	-9.10727	7.17625	5.0008	-5.57892	-4.76381	6.99253	-9.87796	7.00246	
1.27296	0.291735	0.388797	-0.388776	-1.10637	0.686422	0.164012	0.528794	-0.117323	1.35565	-0.0986734	1.04618	0.234216	0.218436	0.940841	-0.404345	-0.0588266	0.539705	-1.00652	1.96791	
-2.30306	-6.16762	-1.7892	-4.06087	0.496836	6.76313	-2.06664	2.13155	-10.4383	2.35323	-1.80728	-4.82771	-3.48327	1.39925	3.95644	5.44175	-1.85077	-4.95988	-6.56304	-4.14869	
10.2405	-0.847026	0.66501	-2.70714	1.52251	3.74641	0.0742439	7.53187	-8.21771	2.17832	-0.432038	2.74039	-5.48902	-2.53325	6.35393	-3.63396	-6.9451	-1.35829	6.33804	-3.53637	
-17.2479	-4.82022	-1.83091	-6.54722	-1.66105	-4.30589	6.3881	-9.58859	12.9316	-4.73497	0.527662	-2.83377	12.7486	3.51983	-9.11732	4.13038	14.4737	-2.78085	-5.55012	2.67651	
-17.5853	-0.467325	1.8559	-0.458719	-4.75541	-7.35854	0.295544	-14.5641	13.6734	-4.11136	-0.718196	-2.86611	10.6541	3.4813	-9.68144	6.02144	13.6717	2.48518	-7.43134	3.39313	
-0.388323	2.80073	1.0759	2.82381	-0.379532	-0.764663	-1.22988	-1.65199	-0.390263	-0.286567	-0.19752	0.018239	-0.759504	-0.243103	-1.43563	-0.0393565	0.116907	-0.249251	0.0376464	-2.85426	
9.23577	4.1744	-0.278018	5.51344	2.22059	2.79073	-2.49148	2.54991	-5.38402	2.64876	0.089234	0.405979	-6.30387	-1.84826	2.20228	-2.97514	-7.01827	1.60085	2.72438	-2.06024	
-0.801974	5.80551	3.05992	7.27221	-3.11982	-2.49826	-4.68734	-4.51251	1.39428	-2.16254	-0.0406056	-2.42639	-0.604358	2.03669	-4.64813	3.22134	1.9293	2.35745	-0.797445	0.559431	
-0.552539	1.56255	0.279879	1.46343	0.194029	-1.6415	-0.92104	-1.37981	1.85462	-0.358229	-0.132573	-0.860288	-0.9654	-0.87	-0.867129	-1.43713	-0.317952	1.71782	-0.0296527	-0.543122	
2.88181	-5.81779	-0.119511	-10.2649	2.80167	3.4344	3.88082	7.319	-3.24921	2.07497	-1.96039	5.75754	0.114613	-2.32971	5.17091	-3.9482	-4.34482	-6.00708	2.69495	-0.667075	
-0.241898	1.59827	0.164264	3.89671	-1.95707	-1.64588	-1.39508	-0.172695	1.33845	-1.32483	0.569357	-2.65774	-0.442617	0.0831632	-1.97053	-0.475553	1.36327	1.68957	-1.36385	0.0507878	
1.10739	0.316511	1.81912	-1.0712	0.519314	-0.961879	0.739818	0.34922	-0.0220641	0.638196	-1.6307	-0.381614	-1.06673	-0.387381	-0.483216	1.36421	0.160914	0.517526	1.27805	-0.858407	
1.55657	-10.4246	-1.86038	-15.7471	4.50867	6.67718	7.42899	12.0688	-1.45166	4.36759	-1.38982	5.51484	-2.0559	-3.7225	5.74172	-4.21623	-6.29243	-5.52378	1.55398	-0.586215	
3.55469	-11.9203	0.436846	-19.7408	5.72049	6.94375	10.088	13.4997	-4.42994	5.46584	-1.65926	8.26704	-2.7826	-2.51577	6.39992	-1.91	-4.2001	-7.84215	3.61983	0.20751	
1.26073	-5.71196	-2.11676	-8.79825	3.94445	3.05083	4.57114	5.49329	-2.44217	2.80172	-1.09382	4.51363	0.380085	-1.02667	3.56145	-2.92321	-1.94943	-3.93807	1.98473	-0.08857	
27.49	-3.59471	-1.84532	-4.78393	7.19121	0.561644	-14.7118	14.8031	-16.2852	8.47367	-5.85988	5.13333	-7.25385	3.12002	11.486	-8.74061	-11.8751	7.82904	9.77252	-8.50268	
-0.181375	0.246777	2.64292	0.567459	0.387992	0.410229	1.89513	0.00962483	0.434164	-0.134158	0.0748857	0.570737	-0.587127	-1.09295	0.814642	0.784937	0.312216	-0.0929025	-1.28304	0.784786	
-2.15393	4.50411	1.97681	7.4872	-2.5096	-4.78644	-2.57165	-7.01792	3.3218	-2.68023	-0.686694	-2.73628	-1.25472	3.05967	-1.94955	2.20068	2.05849	4.45038	-2.19717	-0.129634	
-0.00866405	2.84019	-0.00336128	3.77674	-2.33602	-2.2549	-1.07143	-2.96641	1.63551	0.257945	0.969582	-1.6193	0.698761	-0.756518	-1.77958	-0.413778	0.139095	1.58615	-0.697605	0.0833621	
-0.352607	-1.19786	0.313063	1.6974	0.350086	0.386113	-0.0708718	-0.299456	-0.329845	-0.979838	2.23423	0.260929	0.465987	-1.31416	-0.190792	-1.5865	0.962264	-1.59401	0.097066	0.831283	
-2.85814	8.83548	2.02481	14.403	-5.67576	-2.18916	-7.13859	-9.91846	3.54953	-2.91423	1.40674	-5.94542	1.19518	2.09926	-7.62768	2.57501	3.28523	4.83742	-2.6716	-0.88308	
-0.0719395	2.80617	-0.210932	3.61949	-3.31807	0.258437	-2.67891	-2.07898	1.85992	-0.788422	0.604767	-1.36831	1.5848	0.195163	-0.0413516	1.74697	0.254888	1.27375	-0.21182	1.29459	
-0.0509217	1.83611	1.66919	6.2123	-0.38406	-0.697926	-2.62983	-2.3273	0.425603	-1.45923	1.42179	-1.67507	1.46398	-0.972645	-1.98423	0.379157	-2.1691	2.92092	-0.942724	-1.36212	
-0.189404	7.26912	0.504917	12.0103	-4.16213	-5.78545	-6.27563	-7.00084	1.33849	-4.34836	-1.22561	-3.98942	-0.382295	2.09971	-6.0956	2.74113	3.29241	3.54491	-2.45655	0.951727	
-2.51146	8.86875	0.496785	13.8537	-6.11353	-4.91231	-6.20912	-9.828	2.68412	-4.82105	0.928188	-5.01034	0.933462	0.787306	-5.61897	3.08256	3.366	5.78484	-0.766562	-1.88778	
-1.59508	1.71959	-0.0827236	4.35047	-0.133753	-0.0920607	-2.10968	-3.08676	3.37036	-0.063823	0.719239	-1.28545	0.158916	0.144702	-2.89818	0.894015	1.06773	-0.63886	1.36777	-0.965369	
1.74729	-1.22375	1.69637	1.01557	0.0123094	-0.369554	-0.705547	0.987455	-1.18509	-1.73769	0.403825	-0.898598	-0.273707	-0.846793	0.117955	-1.12083	-0.390451	-0.318991	0.574391	0.955889	
1.03475	-5.49621	-0.953442	-9.26555	3.62293	2.67365	3.8494	5.45769	-1.35806	1.67653	-1.60559	2.57456	-1.20609	-2.62712	3.11487	-1.04289	-1.27965	-3.28368	0.511601	-1.79259	
-2.33031	7.47989	2.97109	13.6941	-5.09597	-4.5773	-5.10387	-11.2392	2.21081	-4.34705	1.3447	-5.20281	0.669532	0.681091	-7.63406	3.54639	4.31024	4.34917	-1.67468	-0.298177	
-1.51315	6.88535	-1.39176	15.0421	-5.04112	-4.33141	-5.7888	-10.2823	2.38445	-4.12721	1.11023	-6.77278	-0.303464	4.40929	-6.88859	3.15516	3.58937	4.11462	-1.63444	1.02805	
-0.546373	-2.19676	-1.52088	-2.77213	0.118078	-0.449142	2.21467	0.163053	-1.1931	1.87131	0.418737	0.741368	1.12439	-1.38799	-0.0831185	-2.1007	-1.11279	-1.50979	-0.136408	1.55326	
2.27162	-5.24204	-1.3021	-9.35248	2.05647	3.68682	4.5157	7.70386	-2.65909	1.70474	-2.0385	4.37884	-0.610227	-1.3149	4.75462	-2.04205	-4.08854	-3.76758	3.0757	1.12645	
0.876522	-7.63282	-0.361558	-10.782	3.1538	2.19704	3.78465	6.15371	-1.94298	2.367	-1.89299	3.56396	-1.22207	0.0116569	5.71073	-2.50403	-3.30432	-2.57799	2.48439	-0.0522663	
0.12079	4.82686	1.11816	7.10365	-1.05936	-1.65075	-3.2895	-3.62552	1.87884	-1.21638	0.904569	-2.86482	1.32438	0.111213	-4.66257	2.11928	2.42737	2.51992	0.481197	-0.864222	
0.00297135	2.77768	-0.270189	1.59709	-1.97803	-0.224493	-3.15724	-3.66604	0.996322	-1.3233	0.205228	-1.06827	-0.897378	-1.23766	-3.0747	0.774516	1.23004	1.46	-0.819358	-1.56237	
-0.193954	2.06935	1.28376	6.86634	-0.13301	-1.8171	-4.02139	-5.3931	0.840097	-3.22353	1.14982	-1.05211	-0.573284	-0.216595	-2.98142	2.49931	2.74748	2.91199	-0.861979	-1.95823	
-2.18765	5.45523	-1.52254	10.6371	-3.65339	-4.15876	-3.87447	-8.35138	2.56452	-3.59509	-0.19316	-5.16498	0.946575	0.792555	-5.48002	2.85084	1.93796	5.71965	-0.994669	-0.480296	
0.122879	8.73858	2.40995	12.0282	-4.01433	-4.87418	-7.66445	-9.93187	3.60377	-2.90453	3.03907	-6.62089	0.403024	0.271788	-6.82434	3.24949	5.31261	4.0601	-1.82522	0.486072	
-1.3685	2.14223	0.263098	2.43183	-1.85736	-2.34192	-4.77007	-6.0496	1.33103	-2.01945	-0.28142	-1.90196	-1.43774	1.12686	-2.06471	0.849968	3.17179	1.87214	-1.70243	-0.927465	
-15.8388	0.334942	-1.19077	1.61249	-4.31439	-6.78795	-0.194141	-12.1976	12.5798	-5.95492	1.2736	-3.95221	11.6246	2.58542	-9.67554	5.87195	12.5228	0.616918	-5.78473	3.51125	
0.361344	-7.22021	0.0305732	-8.88285	3.80261	1.66281	5.31123	7.60569	-0.470278	4.46464	-1.62143	4.05014	0.0478434	-1.04542	3.61445	-3.30724	-0.364896	-2.86707	1.71848	-0.577497	
4.81049	0.111173	-0.225197	-0.974076	2.44723	-7.87646	-10.7191	-1.90655	2.4469	1.32478	-4.12407	-1.47311	7.38423	5.07414	0.303574	-0.408917	6.27478	6.97556	0.00914851	-2.48252	
1.81428	-6.27212	-1.43962	-8.40846	3.73993	3.32654	6.73647	7.89148	-1.99337	3.91537	-1.28977	3.03465	-1.06182	-1.73006	3.66141	-2.25921	-1.85444	-3.04015	3.18956	-1.50408	
0.171154	0.0189135	0.537806	-0.933919	0.393776	0.476074	-0.790798	-0.14562	-1.87212	-1.68444	0.218593	-0.759786	-0.786605	-1.93745	-1.02466	0.0318373	0.886298	1.65219	-1.17417	0.245821	
-0.729081	-1.84718	0.749837	-0.965219	0.593165	0.651742	-0.0348675	0.165651	-0.590717	0.473464	-1.7367	1.64397	-1.34774	0.2684	1.28532	-0.0260842	-0.053271	0.602367	0.064557	0.666816	
-0.674426	4.76363	0.0158719	6.59257	-2.03003	-1.87038	-4.91951	-6.03331	1.62734	-2.74926	0.221632	-3.25006	1.76903	2.19861	-3.78903	-0.285534	2.56369	2.67809	-1.03396	-1.8868	
0.736817	-3.64987	1.40612	-4.34727	1.88695	2.60796	0.854389	2.60143	-1.33214	1.65927	-0.752481	2.32875	-0.534799	-0.482487	2.06753	-0.470893	-1.50656	-2.34294	2.89888	-0.728532	
-8.33689	4.87202	1.26462	3.74215	-3.93137	7.70201	13.0388	0.489079	0.794062	-2.03303	1.90533	0.950992	-8.08377	-8.55923	-0.37871	3.7008	-6.40313	-7.56429	0.0535649	3.91273	
-1.87945	9.11834	-1.61046	14.2768	-3.34468	-3.57889	-6.12708	-8.95889	1.14425	-3.32682	2.16756	-5.8855	1.84289	3.3096	-7.10685	1.67531	3.82368	4.54489	-2.71827	-0.239685	
10.0545	15.2325	4.21757	21.0191	-4.48443	-1.3439	-13.6828	-5.79613	-7.60188	-2.06706	2.20459	-4.67191	-9.36053	1.04055	-2.65932	-0.408377	-3.02042	7.43053	1.62937	-0.291783	
-4.20424	12.1638	3.34793	18.3436	-8.06216	-7.99585	-10.4825	-17.1691	4.59301	-6.15751	2.48493	-9.8054	0.768544	2.36786	-8.25422	3.22374	5.96652	5.73367	-2.05638	1.32635	
0.161467	-0.636593	0.997909	-0.779179	1.27001	0.0455733	0.256504	0.18229	-0.27518	1.10325	0.141289	-1.11647	-1.33702	-2.45412	0.24402	-0.834019	0.400236	-0.399078	-1.42314	-1.06611	
-2.52175	5.53157	0.943249	9.69228	-1.88868	-2.14295	-4.10241	-7.9998	2.05838	-1.69629	1.22889	-4.48698	-0.951457	1.75474	-2.79887	2.07212	2.47446	3.84652	-1.0674	1.19965	
0.0795669	-1.69662	0.52789	-3.4446	1.97741	1.30313	1.74032	2.319	-0.342008	0.577392	-2.22897	-0.289097	0.607417	1.69232	2.00345	0.0970922	-0.610355	-0.621326	1.29104	0.0709577	
2.62956	-3.25635	-0.889661	-4.1776	0.524693	-2.86164	-5.67769	1.38129	0.87845	1.47877	-1.00629	-1.44487	3.35794	4.45838	1.49718	-0.140754	1.98249	5.3102	1.45283	-1.89534	
-4.14436	13.3714	1.92273	21.7588	-8.3886	-8.20684	-11.6609	-18.5586	3.50414	-7.15921	2.24699	-9.93142	1.11809	1.33992	-11.2454	4.73365	6.18206	8.94815	-3.06549	1.1161	
-1.51214	4.39447	0.700143	6.76205	-1.6058	-1.66609	-2.7693	-6.01889	0.489764	-0.573725	0.632899	-2.46922	2.30704	2.64986	-2.17751	1.07298	2.87631	1.19311	-1.48001	0.468933	
2.09201	-5.50898	0.337061	-6.08834	2.98115	1.79119	2.42729	5.25611	-0.649929	0.424531	-0.120092	2.14552	0.355037	-2.03231	3.29747	-1.99207	-1.65102	-3.37086	1.61936	-1.09492	
0.855977	-5.01333	-2.11206	-7.49548	4.40626	2.69535	4.291	5.44446	-5.1146	2.19899	0.0567143	4.07249	-0.115269	-1.17667	4.4499	-0.092807	-2.14041	-3.39438	1.61203	-0.995684	
-0.396013	2.27005	1.21965	2.62859	-0.201178	0.588565	-1.03271	-1.24275	-0.210878	-2.33102	0.351121	-2.40859	0.168642	0.223407	-1.95683	-1.73026	1.52379	-0.0913415	0.385292	0.392182	
-0.335409	3.2155	0.616096	3.79674	-0.0676292	-0.44484	-2.02662	-2.3744	0.498397	-1.2463	1.44334	-3.37129	1.18919	1.96605	-1.93301	1.43999	3.16448	2.56462	-0.0363578	-0.132428	
-1.19905	7.93823	1.00605	13.4624	-4.56812	-4.28381	-8.08571	-10.8299	1.56761	-2.96357	0.384451	-5.91437	1.88159	0.555218	-5.41148	5.15742	4.62671	6.24512	-0.0148655	0.0938166	
3.48131	-11.7112	-3.16596	-18.0889	5.83321	7.2258	8.59422	15.181	-2.63885	5.41703	-2.48122	10.3311	-0.735652	-2.59929	9.19177	-4.46949	-6.20451	-6.91867	2.84874	-2.38734	
-0.41309	-0.50717	1.39714	0.448218	-0.0577986	-0.519771	-1.02464	-1.46268	-0.949574	-0.0530062	-0.921445	-0.446571	-0.333358	-0.0367763	-0.218492	-1.108	0.354317	-0.0869422	2.1529	-0.396562	
0.330646	-6.77267	-0.997803	-5.50971	2.42257	1.27774	2.91484	5.82392	0.346417	2.28506	0.970377	2.99146	-0.391916	0.411569	1.11038	-0.525449	-0.229437	-2.46836	0.717226	0.286809	
-4.43843	-7.1638	0.262837	-10.1995	1.60745	0.975424	6.74433	5.7309	4.28119	2.33055	-0.689076	2.5753	1.54044	1.5761	3.0171	-1.96613	0.973015	-3.61269	-3.12768	-0.255039	
0.43577	-3.83715	-1.48904	-6.8089	1.89577	2.94654	2.86011	6.62784	-1.21756	1.58727	-0.229411	1.77271	-0.312172	0.086686	1.5037	-2.87262	-0.67359	-2.75451	0.895946	-0.330002	
1.37946	3.39158	-0.220986	4.4484	-0.704931	-4.49259	-2.81167	-3.34053	1.3124	-0.20624	1.80175	-1.47207	1.2365	1.03136	-2.30579	0.784505	1.98575	0.994107	-2.62943	0.696557	
-8.33302	4.37038	3.27989	4.68934	-4.22889	13.2905	16.2027	2.95226	-1.13996	-4.22456	5.47408	2.8102	-11.6374	-10.0582	-1.54591	0.891329	-10.0792	-12.9481	-1.65258	6.78222	
-7.03997	11.3374	1.23481	16.4185	-7.1616	0.0253596	-0.583008	-12.1514	3.21845	-5.32787	3.88822	-6.31305	-3.24509	-3.94724	-7.62429	4.14858	2.43894	2.3184	-3.04773	2.8397	
0.978795	-5.88104	0.42121	-8.4974	2.20893	2.78934	4.89638	7.35921	-1.4999	2.06732	-1.81194	4.34574	0.22948	-0.657744	5.13027	-2.73548	-3.63247	-2.67286	2.35636	0.0161876	
1.65295	1.45532	0.238511	-1.80009	1.15307	0.54656	-0.346504	1.71477	-0.462198	0.53231	-2.95446	0.0752185	-0.209379	-0.0346653	0.556955	-1.33002	-0.391683	-0.45525	-1.67129	0.689856	
4.82949	-10.3808	0.867247	-15.9728	5.8558	4.7896	8.35767	12.6181	-3.68499	6.62246	-2.72509	6.08113	-1.66662	-2.7669	9.90241	-2.89179	-4.81252	-5.86436	3.57583	0.33458	
-1.04197	6.31521	1.38391	9.76463	-2.22895	-3.4961	-5.63672	-7.38847	1.79601	-2.00879	0.886339	-5.3653	0.647519	0.417312	-6.82514	2.48095	1.59209	4.80037	-1.47561	0.0737863	
-0.572488	-0.340165	1.17159	0.791159	1.07473	-0.142944	-0.720416	-0.720123	0.351959	0.287917	1.96886	-0.302601	0.830011	0.507159	-1.82503	0.941194	-0.943335	-0.318681	-0.375802	1.67676	
1.69947	-1.92292	-1.33625	-4.98072	1.45123	3.27853	1.57482	3.8013	-0.656655	1.16272	-2.49228	1.40181	0.244185	-1.47342	1.00393	-1.96184	-0.0990711	-3.39743	1.71253	-0.144442	
3.95645	-15.6814	-2.34265	-25.7088	8.70001	9.01277	11.7966	17.48	-5.80806	8.76401	-3.16085	8.86477	-0.323696	-3.258	10.8344	-5.44194	-6.51897	-8.8828	4.27221	-0.652144	
-2.79503	2.9834	0.429166	7.07734	-1.01708	-1.36747	-2.48777	-5.81147	3.08272	-1.13438	-0.332019	-2.7922	1.18995	-0.411122	-2.87569	0.801491	4.17176	4.41967	-1.75036	0.807637	
0.909718	1.24231	-0.229138	0.360882	-0.573632	0.425743	-0.418611	-1.11729	1.63833	-0.770718	-1.42563	-0.18935	0.323545	0.0845395	0.145838	0.107553	1.19933	-1.62887	0.255694	-0.252752	
1.27019	-2.52749	-1.21389	-3.67089	3.93661	3.03615	2.59429	2.42197	0.176721	1.1639	0.0671433	2.27986	-1.44254	-0.123758	1.38512	-0.609263	-1.06956	-2.00308	-0.479223	-1.16624	
1.33976	-4.72674	-0.561021	-9.65373	3.20683	4.6343	6.18563	9.82446	-1.26022	4.64737	-1.15048	4.24241	-1.15203	-1.92725	5.40136	-2.08943	-3.99001	-2.77099	1.71245	0.868349	
2.67811	-11.6512	-1.31126	-19.8564	6.72116	6.98649	8.19518	14.9735	-3.03217	6.43423	-0.473575	8.16243	-1.57466	-2.53841	9.18723	-3.81731	-6.5286	-6.08896	2.91826	-0.525835	
-4.0916	2.10255	0.17742	4.79634	-1.18206	-1.37864	0.300392	-4.46551	2.88587	-3.23421	-0.956373	-2.06649	1.69014	1.02602	-4.96847	3.10781	4.13084	4.00332	-1.21272	2.06672	
0.547276	-0.942319	-0.803304	0.529334	2.19587	-0.240682	2.27709	1.44358	0.0829689	-0.213257	-0.425109	-0.487464	-0.169363	0.0807065	0.979226	-0.254774	0.0887362	-1.47451	0.385887	-0.957206	
-8.0873	3.85115	4.1242	6.58404	-3.61048	10.8073	18.3661	0.874802	-1.03821	-2.24884	4.59609	2.34902	-11.0781	-12.1448	-2.22	0.987061	-9.06813	-11.3718	-0.905713	7.24666	
0.442726	4.50784	0.645589	6.29208	-2.1772	-3.80177	-4.35801	-6.0024	1.26072	-2.3878	0.938768	-1.8787	0.345059	0.0190977	-4.4944	1.86316	1.88155	3.01662	-0.389544	-0.127583	
1.60983	-6.82961	0.618158	-12.1396	4.94879	4.98416	6.4487	11.5433	-2.452	5.09154	0.243983	4.24817	-0.337053	-1.07037	5.40437	-3.78716	-4.20762	-3.99938	2.3507	-0.682862	
-1.37259	6.11656	0.206428	10.9009	-2.54917	-3.48434	-1.86034	-6.68597	1.18412	-2.40468	1.09334	-2.96135	0.892212	1.06038	-4.1772	3.0489	2.96668	2.52325	-3.41622	1.66209	
7.94129	0.769131	-3.75989	2.99345	1.3589	-11.7682	-18.1483	-7.48398	2.42431	0.889498	-3.57771	-4.16318	9.46309	9.18121	-3.62636	0.381044	8.28773	12.097	-0.680081	-6.05651	
0.0696804	0.157194	1.15166	2.80737	0.986098	0.639578	2.20627	-0.0796825	0.416643	0.682039	0.747316	1.41847	-0.502858	0.392398	-1.32617	-1.03788	1.20019	0.742093	-1.10077	-0.714557	
-0.394296	3.0621	-0.0682883	4.37046	-0.762579	-2.15244	-3.46833	-3.55531	1.22997	-2.23714	1.26779	-0.981377	1.52067	0.255911	-2.45919	1.56844	1.33013	1.42629	-0.707638	0.665827	
-1.67321	5.17315	1.08336	12.6616	-2.54471	-3.39537	-4.2717	-8.459	1.2309	-3.00619	1.86214	-4.82011	-1.90918	1.89193	-4.79797	2.52631	2.90618	2.21002	-1.23598	-0.946202	
0.293967	-4.11517	1.72737	-2.70736	1.89638	2.3825	2.89083	3.54928	-0.646044	1.57837	-0.65479	0.972913	-0.323624	-0.628406	1.61191	-0.0489768	-1.12967	0.615632	1.33883	0.497917	
1.15708	0.813404	0.814469	-0.478917	-0.886491	0.547905	-0.76446	-1.57826	0.0678599	-1.34116	1.30363	-0.0421248	1.84789	2.04976	0.581324	-0.633016	0.830832	-0.303483	-1.70876	0.91347	
-0.578966	-0.0513526	0.856247	0.267172	-2.04713	-0.573029	-1.57322	-1.44897	1.14851	-1.06701	-0.564708	-1.30895	-1.40087	-0.126308	-0.963004	-0.862538	-0.262348	1.18531	-1.27558	1.32994	
-1.82055	7.68882	-0.0022814	18.3637	-5.8386	-7.93619	-7.93848	-13.2113	1.40593	-3.28635	2.96196	-6.79282	1.1221	0.153889	-5.46249	4.50726	4.20675	5.0097	-4.33433	0.36609	
-1.34244	-0.304366	-0.903591	-1.37284	0.868748	1.48147	0.357701	1.07595	-1.29134	1.66214	0.465702	0.870066	-1.10193	-1.6023	-2.08495	0.785005	-0.176501	0.00449707	0.17165	-1.53264	
0.635452	0.0212822	1.61139	0.1256	0.892796	-0.0231198	1.44963	-0.407094	0.504939	-0.680098	-0.119829	-0.126726	-1.23185	-0.518006	0.196611	-1.01045	0.897954	-0.378238	0.713738	-1.19059	
-0.998834	1.93986	-0.621198	2.48685	-0.781387	-0.849216	-2.30085	-4.55105	0.59414	-0.78432	-0.0634709	-0.761212	2.80909	1.12483	-1.79017	-0.921722	1.23236	1.15552	-1.08467	-0.127521	
2.48078	-3.12985	0.160758	-5.86258	2.13019	1.34642	2.935	3.63655	1.43382	0.73819	-0.199454	2.35682	0.280269	0.267239	5.01883	-2.36639	-1.77952	-0.272246	1.92937	0.953994	
1.67894	-10.114	-1.29509	-18.6246	5.05382	5.04664	9.0783	12.181	-6.13363	4.94196	-2.29262	7.92631	-3.23817	-3.06264	8.7705	-3.3398	-4.29582	-6.28623	2.70704	-0.242316	
-1.2254	0.439913	0.769181	-2.05943	-0.162332	0.192627	0.927769	1.19216	1.10251	0.111297	-0.349877	2.3895	-0.109412	1.53008	0.10709	-1.29145	-0.0406399	-0.651371	2.79635	-1.5496	
0.541424	0.313857	-1.28846	-0.0532829	-0.208563	0.560118	0.336296	0.712828	0.628374	-0.147376	1.89701	0.442641	1.10434	-0.833642	-0.651303	-1.35995	-0.433553	-0.0654011	-0.484402	0.905547	
-3.62161	-3.89118	2.29862	10.3401	-8.38561	-0.648935	-2.29925	10.9941	3.95199	13.1117	8.37871	8.95134	-3.16473	12.6136	-1.98085	-5.45767	-2.91723	-10.8677	2.13328	-0.819589	
-2.66943	-2.53483	1.28939	-2.03004	-3.0475	0.00389722	-1.48502	0.870946	2.1276	0.461825	0.233345	2.36772	1.53929	3.47218	2.63521	-2.12867	-0.281147	0.49738	1.06227	1.913	
2.60156	2.12617	-1.35344	-6.19892	4.73161	-0.88759	0.944562	-7.71955	-3.84647	-7.10722	-4.77752	-6.95812	3.38166	-6.46387	0.41614	2.48082	1.54221	8.36627	-3.06986	-0.725495	
-2.24893	-2.23079	2.24475	4.56137	-3.33094	-2.12156	-1.79901	5.32607	2.1213	5.93648	4.154	4.97143	-3.04509	6.66053	-1.80538	-0.908244	1.163	-5.55161	-0.662763	-1.44545	
1.70494	1.36921	-1.17569	-4.06499	3.36404	0.628759	0.0230718	-4.24781	-1.02909	-6.58541	-3.78782	-4.5694	2.08729	-6.10021	3.05295	2.83847	0.577634	5.22961	-0.833109	-1.47388	
0.525753	0.17111	0.102699	2.30271	-0.856428	0.295759	-1.80645	1.33822	1.70427	2.64728	0.238332	1.93674	-0.998423	2.34738	-1.80103	-0.142297	-0.159106	-2.3162	0.829338	0.369621	
-1.4416	0.952224	-0.0954057	3.75269	-2.56193	0.958367	-0.569829	5.14731	1.8171	5.14642	3.09956	3.08299	1.01003	1.94671	0.406832	-0.187194	-1.29931	-4.41163	1.03407	-0.485078	
-0.930595	-0.844339	0.447136	3.15162	-0.201003	-0.877498	0.230883	1.72281	0.933702	1.94425	1.74326	2.57274	0.284688	1.04494	-1.34134	0.414541	-1.2155	-1.16123	0.0618177	-0.746352	
-10.9303	-9.82477	6.22472	18.2791	-17.863	-1.72039	-6.14462	25.521	7.40087	25.556	19.7997	24.4857	-11.179	27.1764	-4.44311	-11.2223	-8.40387	-24.0813	2.16356	2.75219	
2.12522	0.759829	-1.25888	-1.82059	1.79456	-0.934106	1.92117	-1.35523	-0.563457	-1.88486	-2.32939	-3.8473	0.775004	-5.87364	-0.723233	0.187627	-0.523387	0.991574	0.424576	-0.118785	
2.80668	0.625313	-0.654919	-5.16694	2.86152	0.53771	-0.915649	-4.39563	-1.27477	-3.6964	-3.51924	-4.86617	2.82322	-3.07732	1.65306	1.07099	1.18053	2.22532	0.00228441	0.934503	
-1.2884	-0.478729	2.34713	-0.113603	-1.69722	-0.768091	-0.0181719	2.3504	0.911882	2.95185	0.691134	2.99364	-0.376616	3.35739	0.636685	-0.197163	-1.50677	-1.53041	-0.191295	-1.00247	
-0.816938	0.619757	0.900536	0.603113	-2.17286	-0.699898	-0.538025	3.20774	-0.929179	2.26265	2.5313	2.83413	-0.793415	1.49092	1.70897	0.417773	-1.02049	-2.75088	1.48735	1.44795	
0.55241	-0.489652	-0.908109	-0.732776	1.02332	1.30819	1.16604	-0.578343	0.685811	-0.431885	-0.635635	-1.67784	0.413467	-0.0624741	0.945518	0.583171	-0.97845	1.64279	1.02289	0.0624755	
0.108532	-0.123195	-1.59742	1.02459	-2.37061	0.957676	0.164712	0.93163	0.380625	1.16769	0.256983	1.31295	1.98536	-0.693424	-2.04259	0.692745	0.415708	1.90689	1.49912	0.374362	
1.03172	4.09665	-1.35767	-4.71855	2.82677	0.467142	0.00231912	-5.62203	-1.94602	-6.11048	-5.54657	-4.33796	3.58252	-5.4512	3.38011	1.72863	1.60356	6.58447	-0.0499972	-1.32342	
2.39001	1.76073	-0.658074	-7.56618	5.77664	0.470452	1.59439	-6.61877	-0.626381	-8.21591	-6.46812	-7.25008	2.65472	-8.38652	1.85998	3.76819	2.0575	8.78725	-0.102953	-0.490858	
-14.7437	-5.8183	-0.560933	-12.5698	0.923929	-3.35324	7.39154	-7.97693	11.6669	-5.54172	-2.10595	-2.22083	13.3336	-2.19506	-5.62981	5.76218	10.7841	0.36272	-5.39941	3.32554	
-0.469402	-1.04478	-0.865461	-0.0509305	-0.992705	0.0247721	-0.948807	1.7641	0.523401	-0.874539	-0.495405	-0.925384	0.723193	0.274284	2.00443	0.897834	0.622456	-0.204765	1.78898	0.558034	
-0.77446	-0.970825	1.48831	1.07597	-2.2771	-0.615581	0.925103	0.110449	0.264191	0.285946	0.930389	0.425805	-1.30413	3.01026	0.485427	-2.15619	0.151739	-2.46589	1.51287	1.38745	
5.44754	3.85756	-2.56914	-8.93152	7.11673	0.874974	1.82468	-9.12532	-4.23137	-12.2184	-10.292	-11.1087	4.59483	-10.3468	2.17816	4.78123	2.82112	10.8548	-2.57035	-2.82263	
3.18369	3.18534	-2.42041	-3.83542	4.23031	1.2026	2.01959	-6.18044	-0.469126	-6.03719	-4.09056	-6.08674	1.49029	-5.55636	3.19904	2.94228	1.96541	5.5994	-1.00414	-0.223038	
-0.0165794	1.87939	0.748926	-5.25707	2.46135	0.884109	1.56835	-2.58326	0.12237	-3.63924	-2.61131	-3.87255	-0.794826	-3.54722	1.10275	2.80306	2.27982	3.24371	-0.280862	-0.205381	
-4.011	-4.26441	1.89241	8.57402	-6.92351	-1.84962	-1.35979	8.0227	3.0031	8.73818	6.8968	6.04931	-2.30115	10.3433	-1.91265	-3.69133	-2.10362	-9.07204	1.46146	1.06654	
1.91477	0.183516	0.387474	-2.58652	2.27922	-1.5943	-1.30676	-0.903694	-2.39203	-1.73122	-2.38443	-5.74106	0.503333	-3.74899	-0.389937	2.55524	-2.71088	3.19302	-1.72745	-1.58695	
3.21303	2.10433	0.398789	-5.83143	4.20005	-0.993964	1.34916	-4.09882	-2.84769	-5.91838	-6.17878	-4.63153	1.24163	-6.75371	2.19063	1.44721	1.42856	6.96304	0.0298359	0.672736	
-2.0227	-0.895738	0.158078	0.166237	-1.74825	-0.485298	0.280562	0.494363	-0.351649	0.745553	0.473877	2.10477	0.87973	1.64567	-0.910986	-0.856123	-0.431795	0.062011	1.60174	0.642467	
-1.50227	-0.212534	0.825616	3.69217	-3.72684	-0.138969	0.0361114	3.58402	0.257704	3.553	0.720944	4.93822	-0.526819	4.6383	-0.227823	-0.900602	-0.722489	-2.20686	1.70695	0.847228	
5.07718	2.04867	-1.23078	-7.11857	6.55714	1.21122	2.13804	-7.21512	-0.505289	-6.79558	-5.7007	-6.27536	2.50606	-7.49244	2.42522	4.0153	1.25547	5.40929	-1.05888	-1.73785	
5.57431	4.39274	-2.09275	-10.7973	7.54634	0.345005	3.54167	-14.7541	-2.59988	-13.2596	-9.1524	-10.9707	5.35517	-13.5156	3.47501	6.56283	5.12277	15.0513	-2.94119	0.227303	
1.38747	2.93239	-1.08196	-3.64345	5.33852	0.564978	1.03573	-4.98728	-0.380336	-4.98598	-3.0248	-6.79334	2.70811	-5.43668	2.06367	1.81689	0.57777	4.01278	-0.94432	-1.4558	
-0.810059	-5.70672	0.108167	-10.9668	-2.3467	-0.86062	-3.70589	-1.49606	0.0550092	-5.21215	-4.41563	0.61189	6.19315	2.76168	2.62913	-2.81932	0.789234	8.18765	0.18432	1.9625	
-9.81424	-6.92231	3.44174	18.3456	-13.1342	-2.6642	-4.40373	18.7905	5.6271	21.9584	16.9688	18.65	-10	21.8352	-4.33296	-6.89277	-7.5831	-20.4616	1.33509	2.65872	
0.315173	0.913846	0.572377	-0.878568	-0.184156	-1.58998	0.693778	-0.305284	-0.344093	-1.29197	0.756664	-0.52097	-0.302881	0.386199	-0.719623	1.99588	-1.73884	-1.08511	-0.263232	0.27128	
2.87959	2.8357	-2.67502	-3.77294	5.9175	1.01032	-0.404164	-6.25675	-1.15535	-5.39095	-1.76779	-4.8395	1.68822	-5.99071	0.854059	2.15145	0.356904	5.21939	-0.0384598	-0.603642	
-1.24981	0.35714	1.20274	1.74455	-2.85515	-0.174106	-0.939591	4.33768	2.55276	2.80068	1.3874	3.86435	-0.730325	3.26309	0.515273	-1.18788	-1.49459	-5.78029	0.429964	2.55005	
-2.1012	-2.74379	1.65587	4.43752	-1.34648	-0.236976	-2.84523	5.04768	0.78659	5.29424	5.3462	2.59652	-2.36288	4.15758	-0.990278	-1.80652	-1.38947	-5.71615	-1.58537	-0.845629	
-3.3727	-2.57824	1.74986	8.8826	-5.51865	-1.89703	-1.10215	6.78982	1.99484	9.68963	8.87737	9.0856	-4.97077	8.38236	-2.50075	-4.27908	-2.33758	-9.92553	0.5778	2.37154	
0.128359	0.530123	1.26285	-1.76044	1.78549	0.0961398	1.93072	-1.59119	-1.18771	-2.20768	-1.31741	-2.51957	0.329417	-1.10822	1.0673	0.361523	0.86118	0.979422	-0.606269	0.310806	
3.774	9.18267	-3.20792	12.6109	7.79785	1.85422	4.72361	-5.83522	-3.85217	0.799554	3.23346	-6.87294	-6.50312	-11.0957	-5.50313	8.28934	4.56307	-9.82997	-0.264915	-1.42752	
1.91127	0.354012	-0.111899	-2.29652	3.08609	1.25998	0.589755	-4.21434	-2.06299	-4.15361	-3.59248	-4.07689	0.518788	-3.76048	0.422378	1.18299	1.9696	1.5395	0.489562	2.57179	
-1.07098	-1.80405	0.483786	4.15978	-3.34912	0.72886	-1.5574	3.27673	-0.359197	3.77852	3.848	0.00989548	-2.47372	4.50085	-0.864545	-1.76927	1.00608	-4.7691	0.346988	1.71911	
-6.30548	0.224672	-1.53008	-7.2463	1.67382	-0.844044	2.90249	-8.12803	3.70763	-6.9847	-0.896856	-3.69271	4.72393	-4.41772	-1.36421	4.57184	7.34224	3.09727	-2.03433	-0.416083	
0.0312589	-1.50598	-0.475338	1.60243	-1.25714	-0.118223	-1.18812	2.89797	1.65814	0.839959	3.38031	2.50458	-2.67737	0.233759	-1.03438	-0.961959	0.545623	-3.46824	0.890144	0.694991	
4.90243	1.88362	-2.94914	-7.98757	5.05948	0.808259	1.63166	-6.58044	-1.15205	-9.4776	-6.16657	-7.48385	2.79379	-7.13361	1.494	2.82722	3.5535	6.6877	-0.0650013	0.25181	
3.10648	2.74455	-2.00111	-6.02232	5.70751	0.971087	1.71291	-6.6543	-3.23185	-8.51543	-5.88725	-6.91845	3.67411	-8.68339	1.86997	3.89818	2.83471	8.18644	-0.849437	0.0282016	
1.24293	0.615359	-0.0496904	-3.75766	0.561213	-0.373768	1.3732	-5.563	-2.01273	-5.45118	-5.13394	-4.71057	1.06121	-4.71801	1.44991	0.252107	-0.0535092	3.82306	-0.193575	-1.12479	
-5.1841	-2.60696	2.06316	9.83353	-7.09377	0.0927392	-2.8319	10.611	3.34436	12.0189	8.38458	9.4481	-4.52024	10.5977	-1.24088	-3.70649	-2.81959	-10.6929	0.00483694	2.44352	
-5.25	-6.02966	2.11873	13.852	-11.2916	-0.0506387	-4.61735	14.3841	5.96683	15.0051	10.2036	13.2596	-5.57955	14.6224	-4.2147	-5.71619	-4.30499	-14.3168	-0.819252	0.765938	
-0.906939	0.85141	1.37998	4.38119	-1.83239	-0.188888	0.0884678	1.47073	0.225666	2.28324	2.04387	4.61502	-1.2954	2.96736	-0.111175	-0.877718	-0.438852	-4.03554	-0.405198	1.74408	
-0.485867	-0.644785	-0.431573	-0.659613	-0.0473421	-0.674838	-0.147248	0.539567	0.128728	1.7316	2.36782	2.85656	1.06449	2.14057	-0.778916	-0.95924	-0.969177	-1.43843	-0.123743	-0.92212	
-0.822852	0.793547	0.190891	-1.61215	0.641556	1.5744	1.46551	-1.1974	-0.667498	-1.41156	-1.17105	-1.53372	-0.790788	-0.518241	0.397103	-1.0848	-0.269833	1.4444	1.17969	-0.638961	
0.0816445	1.81604	-0.933114	-3.10399	1.75972	-0.477292	0.307474	-2.6017	0.441002	-0.672049	-4.05621	-0.966589	0.931854	-1.03212	0.395302	0.417285	-0.423013	4.59783	1.35724	-0.818322	
-3.59343	-2.96508	1.52921	3.69927	-4.5437	-1.2123	-1.17392	3.56421	1.36049	5.83727	3.85588	4.0551	-0.525526	1.82152	-1.2181	-2.69059	-0.888877	-2.99623	0.380547	0.125583	
3.08644	2.65049	-2.19196	-7.29231	5.20961	0.956644	1.30708	-7.21124	-3.43655	-7.4732	-4.75111	-9.43452	4.97133	-9.16599	1.4747	3.43151	3.46953	7.47391	-1.30878	-1.08026	
-1.50046	1.37323	-1.09274	1.60891	-0.2163	0.13454	-0.822036	1.80209	-0.202758	2.8614	1.88674	1.39134	-1.58234	0.991654	-0.821773	1.0757	1.0109	-1.279	-1.19409	0.839065	
4.34119	4.08891	-1.94324	-8.23774	7.75508	0.595437	1.58057	-10.1977	-4.77605	-11.0329	-4.88033	-10.1017	2.99074	-10.6606	3.51235	6.52871	3.24695	9.66949	-0.498081	-1.6523	
1.48774	1.05461	-0.0987628	-3.42091	0.920641	-1.11541	-0.881501	-3.43517	-0.807749	-1.30975	-1.22523	-0.145843	-1.02865	-0.819443	-0.906939	1.72444	2.63551	1.5081	-0.860856	-0.456149	
-12.588	-6.75902	0.0572657	3.32394	-6.93066	-3.93258	2.84297	5.14074	9.93048	6.58417	6.77541	8.90021	2.25907	9.15334	-3.65395	0.64688	3.64381	-10.3572	-1.7146	2.42809	
-0.779184	-0.563331	-0.0639285	0.788707	-1.15318	0.105623	-0.114866	1.62083	-1.46385	0.842143	0.187678	2.37911	0.860582	2.8049	1.45939	-0.523521	0.68645	-0.681158	0.0323687	-1.06151	
-2.12191	-1.83066	0.716452	1.46751	-1.52313	-0.700125	1.14232	0.562357	1.36325	1.09951	1.10587	1.33157	1.80645	1.84593	0.346386	0.967868	-0.224529	-0.540296	-0.30385	0.318295	
-0.133824	-0.646937	1.07387	3.94402	-0.243732	-0.244808	-0.828863	0.402598	0.48157	1.91314	1.88989	2.17518	-0.79773	2.69545	-2.01343	-0.903328	-0.00105385	-3.17131	0.402596	-0.0937194	
1.12123	-0.768184	0.382496	0.956888	-1.63074	-0.594359	1.37976	2.06018	-0.571719	-0.232906	1.85987	1.35172	-0.0128682	-0.136198	0.217784	-1.11701	0.303063	-1.2971	-0.97244	0.244586	
-1.14624	0.446351	1.69866	1.07716	-2.05667	-1.97413	-0.678614	2.06152	2.43317	2.31849	1.28025	2.38747	-1.3662	1.63254	0.11452	-1.46363	-1.64736	-0.407648	-0.235654	0.173894	
-2.01322	-2.37274	0.361297	2.57615	-1.92584	-1.32455	0.896506	2.02123	0.556596	3.76365	2.87821	2.70694	0.139326	5.8417	-1.75345	-0.844765	-1.57488	-3.9118	0.716674	0.799241	
0.632469	-0.804159	-0.0643588	-2.12775	2.48185	-1.8211	1.88131	-2.79205	-0.00104441	-2.73616	-2.9672	-3.14916	1.14875	-2.65543	1.6083	-0.857934	0.63462	3.66209	0.219599	0.0829211	
-13.9521	-7.43396	-2.05872	-13.9899	2.49985	-4.33916	7.34057	-7.6223	9.74034	-7.97936	-3.39925	-3.97217	12.6921	-2.71738	-4.71455	3.89259	11.4641	2.35753	-3.64148	2.20332	
3.8887	6.84295	-3.55227	14.2849	6.583	-0.09873	4.34732	-0.0793425	-0.0272883	4.39911	6.09477	-4.53245	-8.19019	-8.79465	-4.24555	6.32024	2.61821	-9.91149	-1.19397	-1.46757	
0.523499	0.76678	-2.24788	0.8009	-0.82965	0.0540179	-1.75263	1.14317	-0.178048	-1.80783	-1.69643	-0.838935	-0.137052	1.02984	0.369644	-0.9219	-0.698359	-1.0786	-1.18316	0.299748	
-3.78069	-6.33779	2.32869	-17.0924	-5.60647	-1.43894	-6.53804	1.93528	1.90705	-5.25282	-7.28194	3.82545	11.1866	5.87304	6.44309	-8.78966	-0.182258	13.344	1.99928	0.257862	
-2.92926	-0.365193	1.12591	3.49254	-4.29893	-1.99681	-1.30864	5.16809	1.66389	5.66936	5.57424	7.40984	-1.3953	6.24147	-0.637501	-3.89829	-1.66152	-2.95093	0.240788	1.86929	
-2.21572	-3.19176	1.58675	6.42254	-6.43978	2.02437	-2.16725	5.94927	1.05786	6.47039	7.19962	6.66966	-2.35933	7.28771	-2.74255	-3.22202	-1.65709	-6.76688	1.42663	0.536548	
-0.229404	-0.526224	0.518527	0.393154	-1.66545	-0.126015	0.277931	1.94467	-0.402253	0.143329	1.0571	0.0884602	-0.764928	1.74355	-0.814715	-0.00301028	-1.76823	-0.298744	-0.924359	-0.78235	
-0.917789	-1.57286	-1.28825	-0.18011	2.14518	-0.799409	-0.406949	-0.520708	-2.13812	-2.5896	-0.775509	-0.830456	1.12142	-0.601438	0.928748	0.888372	2.36651	2.65202	0.540436	-0.854942	
3.13957	3.26383	-1.5207	-6.30881	4.54921	0.681573	0.558023	-6.19834	-3.54876	-8.18279	-5.90754	-6.2293	1.56313	-7.12024	0.828225	2.66522	4.33236	7.39493	-0.181653	0.174354	
-0.983596	0.477223	0.516093	-0.792932	0.647846	0.359965	0.482847	0.547989	1.7447	-0.168279	3.01153	0.469013	-1.26944	2.72487	-0.758754	0.494095	-0.287153	-0.41188	1.83015	0.179789	
6.73287	2.22637	-0.0758829	1.19536	0.691829	0.337678	-2.6179	-0.0819245	-4.44365	-0.436574	-0.167262	-0.872697	-5.01758	-1.35662	3.38371	-3.64594	-2.45432	2.65464	1.6002	-1.30418	
1.4647	-0.884043	-0.0182762	-1.72604	1.80818	-0.189159	-0.181894	-0.950025	0.189052	-1.88171	-0.774868	-2.25091	2.33501	0.845178	1.31432	-0.088297	1.06065	0.07529	-0.736009	0.0558652	
3.35977	1.84065	-3.57538	-6.88553	5.75181	-0.192469	0.703811	-7.00499	-1.55555	-8.79904	-6.7539	-6.91073	1.83698	-7.75152	4.21353	3.08037	2.03184	5.5401	0.373595	-1.11873	
-0.234423	1.12066	0.404714	-3.83775	4.08132	-0.0357927	1.89655	-3.96704	-0.226388	-2.52672	-4.98014	-3.25938	2.88419	-4.57389	-0.469938	4.05658	2.56404	4.02108	-1.69355	0.492757	
5.97695	2.34707	-0.617934	-5.30431	6.45657	1.63077	2.30435	-6.11871	-2.25657	-7.30713	-4.75422	-5.63529	3.03398	-6.89732	3.21374	2.51727	1.60641	6.54925	-0.903211	-0.479755	
1.45988	0.192352	0.935775	-0.89357	-0.507116	0.0702239	-1.01464	-2.16272	-0.920909	-1.10234	-0.679227	-3.73893	1.20623	-3.24665	1.78043	-1.51132	1.68985	1.02732	-2.47235	-2.03144	
0.642989	-1.8345	-0.515757	2.94103	-2.80274	-1.49903	-2.3656	2.83969	-1.76798	4.21724	3.43329	3.12205	0.0802645	1.76686	0.653529	-0.375371	-2.16512	-2.16385	-0.839478	-1.51064	
-0.548409	0.531351	-0.716086	1.208	-0.447216	0.267124	-0.113709	1.12053	-0.0634328	-0.594773	1.3248	0.329405	0.661601	0.554419	-0.824323	-1.70944	0.769031	-0.77118	-0.278975	-0.415506	
2.25144	1.65707	-1.65903	-4.41523	4.79682	-1.13876	0.705964	-6.11724	-1.40437	-5.84177	-5.44174	-5.72863	3.01158	-5.14379	2.47859	1.98528	2.93109	6.64178	-0.841322	-1.9142	
5.38372	3.07649	-3.53039	-9.3109	7.47736	1.11669	2.35523	-10.6245	-3.09551	-10.1045	-8.49084	-10.3441	3.26086	-12.3324	1.09333	4.74144	2.35759	8.73432	-1.71523	-0.477834	
0.521008	-0.538708	1.50081	4.36648	-2.10685	0.195851	0.686832	1.01709	-2.64471	2.01313	2.79255	0.961764	0.100929	3.21012	0.0388843	-0.886891	-1.02106	-2.40392	0.427458	0.865933	
1.15673	2.21377	-0.216387	-1.80099	-0.416508	-1.53152	0.546111	-2.61111	-0.985745	-2.1206	-0.394084	-0.191758	0.344198	-1.11978	-0.161543	-0.44388	0.655299	1.78308	-1.9721	0.860795	
-0.532716	-2.64663	-0.245704	5.9159	-2.64877	-0.845171	-1.86474	4.09948	0.650789	4.72331	2.59648	3.5567	-1.62947	5.40016	-1.19762	-0.185778	-2.68817	-2.49528	0.879732	0.592115	
1.16997	-0.0167429	1.61128	-0.208332	0.856393	-0.79624	1.60005	2.20212	-0.206084	2.18697	0.0359503	0.846586	0.61714	-0.425574	-1.26054	-0.641713	0.14894	-0.763368	-0.855777	-0.10874	
-1.7446	-1.37286	2.24829	3.519	-1.74645	-1.77623	-0.32043	3.49004	1.57599	3.90336	1.75639	3.28114	-0.870871	1.35602	-0.828099	-2.71777	-0.870192	-1.05827	-0.466673	0.78663	
3.4436	2.46308	-1.72698	-9.16941	7.3271	-0.270503	2.50007	-6.89922	-2.476	-9.3657	-5.43333	-6.78638	2.05502	-9.04178	2.21968	3.87182	1.55821	5.50988	-0.288902	-0.811786	
0.294747	1.30878	1.47104	1.06548	-0.559325	-0.586465	0.484168	1.85626	-0.266811	0.182527	0.755202	-0.528669	0.184121	2.78391	-0.760066	0.513236	-0.367464	-1.43709	0.615537	-0.207659	
-5.58704	-3.99576	-0.17707	-5.89095	1.6885	-0.579915	3.81856	-2.50367	4.86697	-1.97245	-0.946452	-2.21248	7.30579	-0.845606	-2.38371	2.0686	6.22511	1.66043	-2.95901	0.304398	
0.93923	2.55869	0.989705	-4.50216	4.01049	1.85496	-0.107348	-5.41975	-1.32193	-5.15768	-2.57462	-5.61054	1.29566	-5.47682	0.0811984	2.70759	3.90715	4.53026	0.0511214	-0.305682	
-5.77362	-4.26729	2.64759	9.87756	-7.36595	-1.9794	-3.72496	9.91141	2.43757	9.92913	8.47063	9.40701	-5.06965	12.7364	-2.05544	-3.95394	-4.96611	-12.2951	1.54054	-0.917672	
0.155064	-1.75201	-0.119207	3.83383	-1.23864	-1.30466	-0.333874	1.50605	1.92588	2.21403	0.655842	1.71694	-1.19286	3.44727	0.22423	-0.609059	-1.03921	-1.28441	-0.247502	0.893245	
6.95569	6.49792	-1.41733	-11.1126	9.80108	0.90667	0.730618	-13.491	-2.36361	-11.7307	-8.35856	-10.4302	3.55532	-12.7752	5.27708	3.82124	4.8417	13.5063	-0.98023	-2.77562	
-2.52081	-0.76574	1.46567	3.09935	-0.978431	-0.569806	-0.111135	3.95756	-1.81201	3.02027	2.12534	4.58743	-2.68306	3.22549	-2.16481	-1.05251	0.834945	-2.1506	1.94735	-1.17861	
-0.43388	2.12866	3.36602	4.70269	-2.92725	-3.09955	-7.89294	1.60375	-2.9629	-12.1237	-1.73241	-2.04026	3.61164	-0.857782	-4.20266	4.11405	6.2478	-0.751352	-3.75875	-2.77781	
-1.09041	-1.06139	-3.14209	-4.3288	2.63759	3.53837	6.06052	-1.08835	3.10988	10.4408	2.67485	1.08796	-0.277754	1.54462	3.24443	-4.10539	-3.31404	2.16017	4.3828	1.55052	
-0.922704	-0.730027	3.50709	2.55502	-0.323885	-1.06397	-2.29758	2.90819	-1.66641	-2.94892	-0.0862671	-1.22158	-0.150813	-0.56258	-1.23514	3.7711	0.309473	0.851889	-0.425773	-1.24135	
-0.802178	0.799907	1.10628	-0.720291	-0.560527	-1.36269	-0.538454	-0.112702	1.61732	-0.011264	-0.229983	-0.333314	-1.20445	-0.473235	1.78136	0.400692	0.0372383	0.292302	-1.60668	-0.858011	
-0.621371	0.925928	3.14043	3.82771	-2.48573	-0.469556	-4.39882	2.97304	-2.34499	-3.69826	-2.55271	-1.83855	2.60723	-1.10846	-1.23514	2.58702	0.612473	0.046629	-1.26283	-1.25986	
-0.0445951	1.31403	4.12194	4.58695	-3.00876	-2.8122	-6.55011	2.71223	-1.25841	-9.39955	-3.20841	-0.614276	0.185765	-0.638193	-4.69348	5.48323	3.33963	-0.301447	-2.65873	-1.74899	
-0.493429	0.0844616	0.572101	0.798197	-2.59401	1.10037	-2.63479	-0.267585	-1.79473	-0.773206	0.673958	-1.05631	0.269342	0.366355	1.99868	1.13343	1.18159	0.811044	-1.74296	0.556932	
3.19689	2.2717	-5.07881	3.58363	8.38885	-0.193324	7.59434	-2.56558	-0.392698	7.10515	4.132	-3.77244	-3.80522	-5.11558	-0.843485	1.58886	-1.77336	-2.90132	1.60849	-0.0174679	
0.217747	3.12632	6.13563	7.00772	-2.6818	-2.61621	-9.48426	1.5333	-3.3313	-13.0384	-4.91279	-0.0102599	1.29903	-0.343435	-5.47251	7.82352	3.56208	-3.11496	-4.52993	-3.39065	
-0.362045	0.594537	0.342735	1.34119	-0.61954	-0.906282	-0.317847	0.851554	1.85951	-2.16768	-1.411	-3.20869	-0.591741	-1.02469	-0.832137	2.72123	0.742935	-1.24284	0.143181	-1.43664	
0.23024	2.0606	3.8134	4.30334	-2.12164	-1.40412	-6.00999	2.9454	-1.94629	-7.30415	-3.11091	0.857088	0.540465	0.283486	-2.81214	4.82587	3.58408	0.280421	-1.73473	-1.95661	
-0.182699	-0.572491	-1.44947	-0.325686	0.743041	2.09111	3.60315	-3.58501	0.964028	4.62615	0.263014	0.00921457	-2.12665	0.504182	2.02984	-2.86146	-0.398302	-0.28212	0.597993	1.84546	
2.9048	6.11832	-1.71256	8.27003	6.96118	-0.788684	2.62834	-4.34423	-1.17796	-0.936598	1.64818	-5.18975	-2.69721	-8.45265	-2.58599	7.18134	3.13772	-6.61634	-0.759283	-0.945203	
1.10961	0.864667	1.83508	3.79756	-4.02253	-3.1061	-6.46074	0.126017	-1.51124	-8.33513	-2.14614	0.106064	-1.15838	-0.0330357	-3.92198	4.78689	3.38942	-0.154212	-3.48049	-1.16972	
-0.383612	-0.808001	-0.555349	3.31888	1.4735	0.204406	-1.5759	1.08867	-1.35141	-4.13363	-1.74843	0.0314613	0.23795	-0.373483	-0.570452	0.163028	1.92642	0.404968	1.55365	-0.409302	
-3.19627	-0.600716	6.03898	2.43297	-8.39096	-2.42128	-12.1698	4.91124	-2.69954	-12.2609	-5.33394	3.48148	5.02033	5.21985	-4.66537	2.27218	1.47965	2.6239	-2.23829	-2.93575	
0.723445	-0.690101	-2.30437	-1.01511	0.24693	1.61109	5.30757	-1.78252	0.574337	4.8955	0.613563	-0.50936	-0.803368	-0.584071	1.92632	-3.18825	-3.58495	0.813725	3.24469	-0.195002	
-1.9845	-6.34929	3.20766	-8.46402	-10.911	-0.662559	-8.76456	4.79524	0.987069	-5.15193	-3.11822	8.98668	6.50349	11.4487	2.53585	-6.56814	-2.63347	6.68366	0.806436	0.812553	
-0.42373	-1.53432	-1.39338	-1.20327	-0.389206	1.00244	-0.916376	-0.695919	1.08648	-1.71933	1.5612	-0.623946	-0.359751	0.315158	0.558439	0.360421	-0.401073	0.846503	-0.248888	0.500441	
1.9152	1.93057	5.44364	4.81593	-0.567444	-0.484554	-6.85771	2.0688	-1.618	-9.58188	-2.50503	-0.923506	0.779797	-1.45092	-3.38645	5.03821	2.97772	-2.27018	-4.82831	-1.54668	
1.44009	0.156703	0.764383	1.78874	-0.0146264	-0.422792	-1.93341	0.780878	-1.26018	-2.17344	1.10797	1.72104	-0.57227	0.783094	-0.0214724	2.14934	-0.0660983	-1.16779	-1.06481	-1.55336	
-0.428334	0.801742	3.03539	3.65585	-2.85249	-0.189951	-7.27121	1.44106	-3.08806	-9.94298	-1.81297	-1.55054	-0.705431	-0.419502	-3.82527	5.22183	4.63902	-1.49398	-2.75423	-3.17709	
3.88184	7.09895	-9.8737	2.81239	15.8854	3.2611	19.6914	-9.21049	2.21921	19.1672	6.99489	-8.72219	-7.74388	-12.6556	2.79906	0.196619	-1.85087	-7.04179	5.66158	3.46109	
-4.18653	-5.13086	3.6128	-6.33019	-5.87018	0.855632	-6.22409	3.11797	0.916493	-1.17647	-1.501	7.96313	3.0662	7.89223	4.12241	-5.3552	-0.683212	4.20158	0.625322	0.433708	
-2.41658	-6.47296	5.96825	-5.82176	-9.29868	-2.04651	-10.4831	3.64368	0.281773	-10.9739	-3.022	6.12545	5.2447	7.31555	-0.646784	-1.32583	1.72559	6.26985	-2.36142	-0.82158	
0.209208	-1.4598	-6.4837	-6.9969	3.43138	3.53389	9.85881	-3.5329	2.48254	14.1748	2.06502	-1.29203	-2.12949	0.543975	5.26301	-5.06144	-4.58504	2.22441	3.78293	5.00062	
0.375633	1.87475	1.67033	2.03061	-2.60838	0.0300751	-2.89209	-0.977476	-1.04051	-6.39052	-1.47853	0.230899	1.01684	-1.28877	-3.24139	2.32186	0.927925	-1.09271	-1.78339	-1.48324	
1.30858	0.127945	5.02889	5.70242	-3.20977	-2.92281	-9.29701	2.76082	-2.73235	-10.4725	-1.88217	-1.80556	2.51578	-2.82426	-4.9462	5.1928	4.79253	-0.331722	-4.64523	-1.5718	
1.77159	1.89975	-11.1213	-3.06434	10.7896	5.17757	17.6804	-6.21257	2.15777	22.7084	6.38383	-4.60042	-4.80029	-5.5338	4.5994	-4.6669	-4.54353	-3.16174	6.23919	4.36787	
-1.46096	3.06554	2.68982	2.77757	-0.378316	-1.98877	0.0128295	0.396423	-2.04123	-3.85443	-0.855321	-0.73346	0.648526	0.485282	0.607655	0.142153	0.808296	-1.31724	-0.649607	-1.22798	
1.51721	-1.59829	-2.48903	-2.13387	1.94335	-0.330214	4.79503	-0.230892	-0.0157137	5.33098	1.34733	1.03559	0.120475	0.45505	0.812961	-2.40414	-3.10742	0.0463368	-0.0333362	0.230934	
1.94482	-3.22318	-1.96421	-3.81838	2.36988	1.4029	6.50893	-1.425	1.12401	5.78159	2.25423	-0.633077	-0.249865	0.80539	3.29529	-2.79534	-2.82495	0.51066	3.994	1.12534	
0.155051	0.696328	5.39596	6.39092	-4.01584	-3.1167	-9.71321	2.50768	-4.11829	-17.2748	-2.92209	-1.37938	2.43325	-0.0414891	-6.58345	7.3882	5.3322	-1.12544	-4.52135	-3.79227	
-0.747536	0.418156	2.85698	1.75945	-1.91217	-1.39072	-5.8129	1.42406	-3.8851	-6.81744	-1.1369	-0.693039	-1.06413	0.292584	-2.47068	4.58651	4.05426	-1.14077	-1.28501	-1.63318	
0.935559	-1.57258	-1.5745	0.375645	2.07456	0.586807	1.9079	0.201608	0.560233	0.398348	0.00329525	-1.01861	-0.691189	-1.98572	0.576499	-0.679361	-1.77762	1.58545	0.060178	1.88913	
-0.492493	2.72295	1.9067	3.56973	-2.15917	-1.2463	-3.86341	1.20099	-2.29545	-6.55762	-1.34111	0.541784	1.24477	1.45949	-2.15391	3.19517	2.94091	-0.914874	-3.13251	-2.54335	
0.698993	3.26421	8.14614	7.08591	-5.06031	-3.2245	-12.4838	2.4226	-4.12962	-19.2257	-4.40023	-0.283595	1.28284	-0.831284	-7.69273	10.3571	5.24942	-0.421573	-6.9656	-3.65401	
-0.847295	4.69818	9.62951	7.27478	-7.82221	-3.98928	-15.4803	2.87371	-4.59135	-21.808	-5.65696	-1.47938	4.96049	-0.868568	-7.45978	10.4431	6.14593	-1.68131	-7.73379	-4.2402	
-0.761148	0.4855	-2.20063	-2.45549	0.81098	1.48615	2.19916	-0.215128	2.01204	4.80614	1.62839	1.16988	-0.214888	0.0789579	2.1121	-2.46546	-1.25305	0.239183	1.80839	0.759771	
1.01464	0.284836	-6.36973	-5.78207	3.86061	3.43855	11.7707	-1.16512	2.18461	14.54	4.03308	-1.16786	-2.67784	-0.111442	4.2614	-6.96744	-7.48015	0.319415	3.81239	4.3762	
-0.83896	0.54178	-3.60957	-2.57044	1.38629	0.510582	5.55114	0.0129232	1.97571	7.33806	1.91677	1.28575	-2.56008	0.780158	3.20743	-2.03313	-2.33486	-0.399929	2.64084	1.50286	
-0.36619	0.72021	3.90187	5.06189	-0.438443	-0.50203	-3.2609	-0.869623	-0.790779	-6.66952	-1.07779	-0.704015	0.97916	-0.523368	-1.93713	3.38552	2.38811	-0.237162	-2.67752	-1.93533	
-1.13093	-1.08826	-0.184769	1.59749	0.71883	-2.33784	-2.28747	0.0888149	0.0531188	0.704228	-1.18836	0.375347	1.4161	0.365775	1.55412	-0.111503	-0.355144	1.30597	0.228829	-1.34723	
0.0692092	0.0878341	-1.67381	-0.00786246	0.611324	-1.52556	-0.977096	-0.445513	-0.27778	-1.8872	0.193794	-0.566147	0.50806	-0.53622	-0.984146	2.53488	1.77225	1.06128	0.805683	-0.485651	
1.49451	0.398615	-0.788137	0.800822	-1.08953	0.400208	-0.334005	1.30331	0.701277	0.237093	0.512788	-0.126665	0.437632	0.973338	0.592447	-2.02855	-0.126184	-0.522988	0.243505	0.32052	
0.19091	1.66877	4.70234	3.84542	-2.51569	-0.94997	-5.90752	2.12074	-1.63776	-7.44244	-2.74914	-1.35774	2.25626	-2.61092	-1.83258	2.72569	2.44948	0.483176	-3.25367	-1.82314	
0.084303	2.96498	7.0554	8.41408	-2.31159	-3.56629	-10.9494	3.54732	-2.9992	-15.5314	-3.28953	-1.2533	1.42049	-0.388791	-6.34011	6.5976	4.84047	-0.370343	-4.70479	-2.93323	
-0.508109	-2.22515	-1.24438	-3.06624	3.43825	2.54778	5.87869	-1.34554	0.931534	7.26573	-0.362463	0.643074	-2.85975	0.752039	2.55158	-4.23842	-2.03118	2.67231	1.72046	0.565204	
1.57336	2.29582	1.90195	1.70673	-2.23803	-4.42798	-5.81451	1.97512	-1.19749	-6.06149	-2.44408	-0.232417	-1.56768	-2.24378	-2.94736	4.45522	3.35365	0.453426	-2.76508	-1.49812	
2.00682	-2.31828	-2.9646	-4.41173	3.6484	0.643047	6.7481	-1.61447	2.31864	9.93482	2.35635	-0.208796	-0.693008	0.449574	2.8736	-4.49689	-3.44352	1.31183	2.94527	0.56282	
-0.543313	0.443166	6.15987	0.85354	-1.79801	-0.906666	-4.17239	0.867048	-1.75173	-6.88485	-1.16511	1.10083	1.60964	-2.561	-0.597676	3.18238	4.71984	-0.0319337	-2.06888	-0.657934	
0.658793	-0.205942	-0.159828	-0.303202	0.00855809	-1.41305	-1.16758	1.40327	0.886391	-2.6143	-2.33355	0.448707	0.54167	2.03466	0.0654764	0.985305	1.02354	-0.129343	-0.729512	-2.25387	
0.554904	2.39261	5.95849	2.99077	-1.26415	-2.90315	-7.28727	-0.439243	-3.41461	-11.5991	-1.19899	1.99058	2.26232	-1.87683	-5.31387	5.66375	2.30657	-1.16259	-4.02552	-1.95864	
1.01703	-2.59001	-6.2218	-6.29667	3.93076	1.93898	9.09836	-2.07067	2.56181	10.3535	2.44875	1.28212	-1.97251	-2.25099	4.57605	-5.08096	-5.2546	1.46001	4.83119	1.30378	
0.682455	1.33445	3.30707	5.00966	-2.22235	-2.26266	-7.23282	1.75662	-1.73861	-9.88916	-3.41066	-1.02351	1.90438	-0.0528782	-3.49337	6.77507	3.77895	-1.86291	-2.89598	-2.72337	
-1.31794	-0.934038	1.93341	1.12665	-1.06052	-0.238733	-1.25164	1.79591	0.130156	-3.58408	0.35575	-1.02577	1.28205	-1.16556	0.1534	-0.192617	1.38737	0.305787	-0.679865	0.551093	
-0.638332	-0.981731	-2.96041	-2.96447	2.39186	1.61757	2.87216	-0.214341	0.694899	6.19377	2.1436	0.729651	-2.27847	-0.536277	1.09125	-1.91134	-2.72838	2.77362	0.225193	2.2614	
0.785663	1.23369	-0.54333	1.44616	1.24758	1.13949	0.544858	0.815818	-1.3086	0.112285	1.47075	0.996904	0.729225	0.432842	-1.66499	-0.581452	0.479731	-0.639223	1.5745	0.29709	
-0.834767	2.54215	0.728387	1.61896	-2.14425	-0.888477	-3.25436	1.11257	-2.00535	-5.52216	-1.54442	-0.416902	-1.1264	0.365235	-2.04049	0.674257	1.0881	-1.22634	-1.80006	-0.789813	
0.148661	-2.69686	-2.89014	-2.30594	1.44647	1.72086	5.06638	-2.41298	-0.565088	5.64807	0.388066	-0.177816	-0.594788	-0.35529	3.9332	-2.77472	-2.92291	0.128028	1.706	3.13149	
-0.408773	0.376183	-5.98955	-4.72759	3.62535	3.40448	8.66055	-1.40853	2.76144	13.9503	3.8449	0.176688	-0.323555	0.41783	3.8151	-5.14927	-3.26661	-0.0473917	2.91686	3.19692	
0.232564	-0.756394	-4.52886	-3.33345	1.99495	0.0368328	7.32867	-2.38193	1.42069	7.65636	1.73012	-0.61227	-0.816301	1.10701	3.11234	-3.88597	-1.6973	2.15165	6.10961	2.11272	
0.036394	-1.05772	-2.08596	-5.2879	3.19866	1.32833	2.38113	-2.09943	0.539068	6.88847	2.17351	0.0386184	-1.46134	1.30349	0.632858	-2.84449	-2.37994	0.246836	1.76158	1.752	
-0.943425	1.16799	3.3856	2.34966	-1.43308	-1.85206	-3.67494	1.89016	-2.36322	-4.7	-1.05585	-0.478516	0.279832	0.195332	-1.96413	2.1452	1.78494	-1.32016	-1.18054	-0.46641	
0.917439	-1.17031	-5.69434	-5.17719	3.19861	2.83458	6.82503	-3.49294	2.44468	8.65073	1.28949	1.65673	-0.112994	2.39415	5.05402	-5.29178	-2.69454	0.29728	1.4694	1.86672	
0.449282	2.85524	4.53117	4.09922	-4.38881	-0.863651	-6.78951	1.74302	-2.30345	-9.2512	-2.54828	0.829197	2.04154	-0.391341	-3.79264	3.61571	2.68182	-1.22706	-3.02613	-0.512657	
1.43421	-0.806748	-0.353372	-0.414677	1.42945	0.443053	0.737447	-2.32562	-0.564305	1.07252	-0.942473	0.0687384	1.41559	1.40541	1.30838	-1.91013	0.462302	-1.00746	1.08273	0.0423586	
-0.793812	2.50436	4.56548	2.11597	-1.26098	-3.07432	-4.03524	0.896398	-1.44364	-6.26817	-1.55874	0.594333	-0.890968	-0.19914	-0.223367	2.34373	1.80286	0.0504086	-4.02711	-1.42036	
-0.350501	0.567325	3.6037	3.05852	-2.17987	-4.02426	-4.15936	2.8311	0.300196	-7.71683	-0.590537	-0.126085	1.15846	0.819049	-2.19736	3.25599	4.06248	0.49477	-2.40229	-1.41957	
2.52459	-2.7795	-3.48852	-3.88633	1.24637	1.02711	8.23789	-2.7658	2.79134	9.82768	2.52389	1.96029	-0.357141	1.29248	4.61908	-3.68466	-3.63008	2.183	3.3414	-0.959971	
0.408724	0.468687	5.21906	3.50965	-4.14898	-3.78914	-8.7309	2.10979	-3.3859	-13.8905	-1.66894	-0.884249	0.960472	-1.20056	-4.29977	5.09115	4.26385	-0.786199	-2.10024	-3.73631	
0.0627805	0.276564	1.43761	0.00154606	-0.468143	1.57641	0.727189	0.976859	0.978089	0.147022	0.03154	0.987724	-1.14064	0.373909	-2.15296	0.0501043	0.549086	-1.42526	-0.431278	0.0992966	
0.905793	0.398348	-3.78166	-0.30003	0.568719	1.03368	5.20802	0.880112	1.88248	4.25428	3.42993	0.745686	-1.13472	0.992631	2.43859	-2.64696	-0.522016	0.318785	1.39466	-0.469446	
0.830933	-0.643509	-1.94677	-1.70315	3.14759	-0.189663	2.70333	-0.990423	0.718344	2.04091	-1.54182	0.761608	0.220252	2.00948	1.13184	-2.87554	0.0337789	-0.116749	0.921601	0.0487782	
-3.06528	-7.44336	-2.24862	-10.5874	0.901164	0.982156	4.91397	0.00529302	2.637	10.6508	0.542945	5.33397	2.18399	6.2894	6.65919	-8.97743	-5.36966	4.95592	4.6006	4.73703	
1.50574	-0.883718	-2.51556	-2.65523	1.15066	0.409752	4.79344	-1.38104	1.39769	8.28794	2.36549	0.372498	-0.556065	-0.0721388	2.978	-3.36103	-2.10894	0.553809	0.368937	2.16709	
2.119	-1.45928	-8.76756	-7.28174	5.07257	6.05302	8.71229	-2.93009	3.97875	16.4429	3.57601	-0.904715	-2.02679	-0.0793594	4.66765	-7.09675	-5.1587	1.3559	4.22947	4.03766	
-0.0585719	-2.62024	-8.16184	-6.0522	5.11008	3.19806	10.3439	-2.00367	3.62675	12.6708	3.90653	0.192489	-3.01728	0.316358	4.56612	-7.64053	-4.3684	1.15867	4.58913	3.41136	
-5.21572	-10.837	0.0472099	-15.5643	-6.63756	0.830903	-2.0999	2.48235	2.88014	6.27028	-0.332231	7.60219	3.32595	14.4129	6.48825	-10.7637	-3.70978	9.41187	3.8429	2.86664	
-0.100765	-2.66804	-6.35943	-6.78801	5.15056	2.43293	9.62986	-0.495503	3.69995	16.3978	1.94743	1.14149	-1.54766	-1.28879	4.61494	-6.4954	-4.00778	0.804401	4.39686	2.83811	
0.228395	4.75328	8.76586	7.28702	-7.51797	-5.79434	-13.8343	3.53643	-4.14661	-20.4988	-4.49491	-0.246207	1.81959	-1.67914	-6.64089	10.032	6.12186	-0.29874	-5.18059	-4.55419	
1.32031	2.78777	6.68623	7.47588	-5.14659	-6.32499	-13.4546	3.98972	-3.07319	-18.313	-4.77616	-0.644703	4.61493	-0.0198393	-6.84398	7.89541	4.24322	-3.78552	-5.86064	-2.43752	
0.467849	-0.940801	-8.07284	-8.49408	4.86812	4.83164	11.0564	-4.16061	2.68856	16.5198	3.96198	0.72258	-1.4717	0.977527	6.69689	-8.46677	-4.57484	1.55244	5.15572	4.58048	
2.16794	-2.13869	-6.25143	-7.19662	4.92739	3.56478	9.44652	-1.88562	4.64178	13.0744	3.05197	1.20354	-1.14843	0.0885327	4.31469	-5.07879	-5.45901	0.247896	3.91537	2.91514	
-0.796861	-1.56555	-2.69983	-2.69266	2.56147	-0.822382	4.23306	-0.492112	0.839285	3.23409	2.8607	-0.519267	-2.34114	0.400366	2.31988	0.50106	-0.509134	0.836795	1.01302	1.44769	
-0.690335	2.20831	1.51061	1.0717	-1.87672	-1.06745	-1.74586	2.66915	-0.370834	-4.47497	-2.08578	1.48903	0.914324	0.641972	-2.3378	1.99744	1.63393	0.600277	-3.18376	-1.85478	
2.17537	-3.15021	-4.93703	-5.47355	4.2347	3.32173	7.95456	-2.96585	2.07093	11.0774	3.38266	2.0384	-2.39847	0.535551	4.63592	-4.4045	-5.10871	0.777024	3.34782	2.10755	
-0.0148765	-4.75014	-3.78419	-6.90398	1.73865	2.23286	6.4166	-1.5635	2.86054	7.89263	3.07042	0.804567	-1.87068	-0.435025	2.82614	-4.36972	-4.36254	1.97781	3.49625	0.294881	
-1.94878	0.0117904	-0.645226	1.89788	-0.18366	-0.689527	-1.31511	0.566225	-1.03087	-3.22728	-0.856496	-0.881555	2.5557	-0.912642	-0.601958	-0.296473	0.215915	-1.9955	-0.258831	-0.938619	
-0.0405746	1.75713	1.73751	2.66989	-0.245681	-0.0590445	-1.81245	-0.415415	-1.93746	-5.51379	-2.39956	-1.56261	1.95701	0.724503	-1.48006	3.84714	1.53297	-0.587309	-3.81927	-0.165379	
-0.0658316	-0.873066	-1.00669	0.134632	-0.526948	2.10808	1.26089	0.956538	0.81976	-0.674092	0.999052	1.98233	1.45586	0.769015	-0.121718	-0.879865	2.27671	0.341985	0.853333	-0.441795	
0.195753	0.438318	2.1927	3.0048	-0.63444	-1.80447	-4.55154	0.246081	-0.955644	-2.13714	-2.83385	0.665053	1.57165	0.0386467	-1.80809	3.12047	2.54565	0.434007	-2.30489	-1.59974	
-0.0971665	-4.25122	-11.4399	-11.9478	8.2033	5.02069	17.3081	-3.50739	5.70742	26.4605	7.54988	1.26189	-3.61897	2.48246	8.79082	-11.8469	-7.33475	0.960654	8.79776	5.97938	
0.0768053	0.195915	-1.5642	-1.69456	0.689605	0.0355004	2.76099	-0.969606	0.691555	2.85886	0.539139	-0.0152935	-0.858874	0.0516936	-0.139773	-0.878929	-0.935437	0.0474477	0.697708	0.452215	
-1.18214	0.479879	3.64193	2.45638	-2.85486	-0.486279	-3.97118	1.02179	-1.23098	-7.40976	-0.683989	0.998958	1.25057	-0.360754	-2.6337	3.46382	2.41684	-1.4644	-2.72537	-2.33784	
0.519759	2.00769	2.6243	2.50303	-2.90594	-2.24173	-4.47383	0.48278	-3.70956	-4.90583	-0.902421	-1.1506	0.981852	-0.264863	-0.95281	-0.110514	1.7157	-0.432261	-0.253442	-1.15734	
1.75525	-0.750378	0.720176	1.80074	0.0442023	-0.945276	-4.06348	2.86409	-1.00558	-3.24862	-0.619101	-0.850749	-1.60062	0.170458	-1.00754	2.24793	2.78265	0.137591	-1.93821	0.406495	
-1.59417	-1.26657	-1.78186	-1.59954	0.246721	0.327461	1.49487	-1.08966	0.758281	6.76494	0.969273	0.693004	-1.62916	0.485709	2.61366	-2.82249	-1.53902	-0.69349	0.402814	1.3303	
1.46817	-2.19858	-6.47315	-6.4552	2.67574	2.72758	12.2826	-2.47313	2.36101	14.4165	3.08883	1.54556	-2.44832	0.246819	4.08037	-7.45231	-4.04527	0.0131958	3.92283	2.64761	
0.8515	-0.56263	-2.23652	-1.21368	1.01497	1.07739	3.58497	-0.444619	-2.38621	1.72914	0.267962	-0.00928704	-1.35319	1.07171	1.28671	-1.768	-1.34899	-1.30435	-0.303927	0.66488	
