0.569131	2.59131	0.8619	-1.33478	1.5396	1.17377	-0.779151	-0.584508	-0.753384	-0.299619	1.41541	-0.887818	1.75527	1.59115	-2.48704	-0.897675	1.56542	0.858804	0.298623	1.60714	
0.385806	-5.96645	1.21268	1.02769	-3.31854	-0.967408	8.42396	1.64734	3.44262	4.67652	-2.64169	-6.87564	-5.73984	-2.68104	4.42698	1.73008	-0.819004	3.08319	0.169525	-4.85309	
-0.315477	0.189948	-1.52057	0.18821	-0.232371	-0.0981735	1.39115	1.28431	0.777226	1.31172	0.0487994	-1.24064	-0.491532	-1.51131	-1.86173	-1.46052	0.24432	-0.912919	0.623913	0.228417	
-0.900113	-1.39185	-0.558333	0.14346	-0.364957	-0.399672	0.759511	0.111096	0.227597	0.127841	-1.68477	-0.179414	-1.15191	-1.75361	-0.9048	-0.934186	-0.226916	0.136652	0.629058	-0.112204	
0.719597	-1.65698	-0.93093	0.761052	0.201345	-0.232211	1.19813	1.2293	1.82979	0.199067	0.608873	-1.85746	-2.51152	-1.95182	1.26914	-0.235188	-1.61252	2.18431	-0.566445	-0.568966	
-2.28845	3.23078	-1.54535	-0.309976	2.19351	1.70147	-4.49618	0.72355	-1.6025	-1.02623	0.778365	1.41983	4.31277	-0.391327	-2.03402	-0.459327	-1.2918	-0.48179	0.63901	3.0378	
-3.0025	-7.7677	-3.29823	2.76427	-7.90793	-5.55353	13.3495	-3.33108	5.89143	4.00354	-6.26606	-6.85191	-5.49651	-6.4305	10.9065	4.62231	7.6689	2.59773	-2.01461	-6.81608	
-1.34783	-0.580335	-1.92982	0.344378	-0.723872	-0.823942	-2.20378	0.197104	1.20412	-0.0102463	1.06407	0.474651	1.1798	2.07622	0.427064	-1.12342	-0.709545	-0.619016	-0.518091	0.778088	
1.25404	5.42434	-0.7026	-0.266982	2.2777	1.94467	-7.31901	-1.9864	-2.4487	-4.57769	2.9705	4.35829	5.57899	4.31175	-2.08282	-1.51568	-0.314139	-2.11153	-0.540386	4.4208	
-0.0372588	-6.90159	0.73647	1.49563	-5.74428	-1.39911	7.8578	1.6568	1.61173	3.67764	-2.00857	-4.16679	-4.74146	-3.33515	2.89647	0.635547	0.362054	0.990648	-1.15532	-1.75412	
0.678295	-1.47973	-0.585397	0.509762	-0.775272	-0.711972	1.74502	1.62056	0.129089	1.84503	-1.13581	-2.61446	-1.49654	-0.690129	0.565116	1.38314	-0.22408	0.0511002	0.873617	0.601207	
0.521134	1.71247	1.32352	-0.728823	0.144898	-0.201348	-1.10359	-0.979236	1.06628	-0.122786	1.39132	-0.416702	0.85044	-0.254939	-1.26212	0.76454	-1.03283	-1.61186	-0.0909708	0.836156	
1.01358	-3.46881	-0.0706317	-0.999791	-2.06013	-0.678194	2.00294	2.2479	-0.0796624	1.0188	-1.57492	-1.51548	-2.09524	-0.960763	2.6437	-0.294087	-0.348256	1.23932	0.670747	-0.143787	
-2.15519	6.58563	-4.23514	-0.958955	-4.33221	-0.34966	-3.42597	-7.14187	0.369005	-3.58349	1.00064	1.67129	6.19907	1.15517	1.13815	-0.622778	6.65886	-4.00368	-1.28296	0.541305	
-1.03087	4.03774	2.78435	-1.49684	3.78495	1.03287	-5.25263	-0.351963	-2.9359	-1.90876	2.77952	4.31641	4.03402	3.45462	-3.05904	-2.50592	-1.66449	0.343157	-1.22123	2.2838	
0.401991	-8.13189	1.93055	1.49172	-3.17656	-2.37892	7.18858	3.33913	2.79349	7.01923	-3.60802	-8.23795	-9.20118	-4.47408	5.59838	1.98725	-0.0352074	1.91249	-0.542576	-6.71742	
-0.132927	-5.15984	1.12349	1.67818	-1.58581	-0.887493	6.48964	-0.650634	2.62737	2.32482	-2.16198	-2.88249	-4.85338	-2.85358	3.51095	-0.443994	1.60968	1.58806	0.808635	-3.09228	
0.306995	-3.40039	0.598301	0.980722	-0.772452	-2.03175	4.00781	-1.83664	2.8027	0.805712	-2.88546	-0.779111	-5.17361	-1.36238	2.10737	-0.647163	-1.2504	3.47322	0.320431	-1.94756	
-0.0467563	1.89625	0.457944	-1.00865	1.25159	0.622302	-4.36908	-0.656429	-2.13326	-2.08037	1.44418	1.42749	3.37386	1.75484	-1.65924	-0.0967736	0.190969	-2.19274	-0.961284	2.54358	
-1.61605	3.99287	0.216394	-0.861917	2.60071	2.86999	-6.14706	-0.900905	-3.42485	-1.8827	0.347316	3.33034	5.41458	0.767572	-3.83559	-2.98573	-2.55091	-2.8106	1.30374	4.13924	
-1.13535	-4.14517	-0.277817	-0.227671	-2.0227	0.52971	4.43353	0.996949	1.21408	0.249502	-1.60936	-2.31155	-2.30049	-0.205211	2.04128	1.4281	1.00273	0.517122	-1.03413	-2.22623	
-2.2277	-2.37882	0.879473	1.51108	-0.160109	-2.24074	2.41442	0.222809	1.49077	2.99504	-0.949321	-1.95697	-0.868022	-1.27469	1.44212	-0.204508	0.196622	1.49478	-0.0278189	-1.6347	
-0.10517	4.58834	-1.68183	-0.903372	1.84972	0.425055	-5.05236	-1.571	-1.42742	-1.80558	0.809153	2.78473	3.32241	3.019	-4.18144	-0.728281	0.715242	-1.00996	-1.38518	2.97229	
0.704325	-5.01209	-0.0253643	2.43541	-4.44561	-1.19735	10.2191	0.946888	1.0035	5.9081	-1.37773	-4.10681	-6.24033	-2.40957	2.73049	3.74365	0.10097	2.75792	-0.188129	-4.69113	
-0.967591	5.39377	-1.95107	0.0121777	-1.92781	0.347357	-3.51355	-3.0386	-0.540255	-3.09516	2.33239	2.62	5.38989	-0.467708	2.13622	-0.661512	2.77848	-1.86574	-2.81851	0.893224	
0.859425	-6.15692	1.37949	1.9938	-1.72334	-1.61002	5.57306	-0.702509	3.24987	3.86246	-3.92285	-3.61449	-4.64735	-4.01745	4.42499	1.50079	-0.444378	-0.781946	-0.038791	-2.72592	
-1.00921	-0.609653	-1.9307	0.508269	-1.57703	0.936023	1.0487	1.10225	0.00296814	0.569142	-1.53924	-0.559644	-0.506826	-0.455407	-0.595773	-0.517005	-0.574264	-0.884781	0.96433	-1.55738	
-0.0614839	4.10472	-1.48593	1.01857	3.22938	2.62623	-5.66521	-1.20551	-2.40555	-2.90934	2.28418	4.15029	4.10842	0.93051	-3.85214	-0.723279	-0.247279	0.541021	-1.43767	2.74474	
-2.89466	1.81832	-5.28312	1.85226	-5.57917	-2.94437	7.15317	-5.1558	4.51771	1.33935	-2.73029	-1.90814	1.01885	-3.80695	6.94814	0.89683	6.83478	-0.0851467	-1.82437	-1.31173	
0.0324056	-2.43431	-1.22511	3.26744	-2.78477	-2.33642	3.2845	0.222594	1.81837	1.99635	0.169378	0.327805	-1.95644	-0.57475	0.676284	1.70722	0.72096	1.85786	-0.656868	-0.918997	
3.49374	-7.29493	3.78039	-1.10388	3.23805	-0.910482	-1.38663	6.03363	0.703686	1.82993	-1.93281	-2.10864	-5.27927	-0.465012	-1.4764	0.46582	-8.03168	2.63846	1.48902	-1.39276	
0.993902	-7.43129	-0.0371222	-0.0356727	-3.84075	-2.21162	5.9096	1.2613	5.36665	3.32278	-2.48285	-5.51625	-6.16026	-4.33786	4.928	1.97516	1.04534	1.32568	1.18529	-3.64581	
-0.955681	-3.13329	0.00999993	-0.465921	-1.69058	-1.31587	1.04097	0.274443	1.37584	2.81818	-1.67258	-1.67019	-2.83297	-1.45521	1.93009	-0.201983	-0.446693	0.321497	1.03716	-1.9645	
1.80554	-5.42425	-1.20473	2.37404	-3.23838	-0.492453	4.82757	0.27935	1.48488	0.422288	-0.641119	-2.47359	-3.24525	-1.89787	5.06783	0.902777	1.32572	2.0458	0.493185	-2.28182	
-3.48071	-2.16353	-5.45218	3.17612	-8.52763	-0.444257	8.39778	-5.12516	3.28904	1.06404	-1.41127	-2.02676	0.0229889	-3.12968	8.79908	2.06389	5.74735	-0.635361	-1.36099	-3.64577	
-1.65017	10.6723	-0.668771	-1.497	2.99964	2.81023	-12.57	-3.30862	-2.456	-6.10739	3.49014	6.94093	10.5182	6.93745	-7.70114	-3.10972	-1.72776	-3.5694	-1.3832	6.92318	
1.55799	1.11927	0.119668	1.04885	-1.40949	-0.380713	0.455527	0.49448	1.98244	-0.769618	3.68014	-1.14474	1.01036	0.0327355	-0.1392	-0.144332	-0.263853	-0.477811	0.69776	0.394468	
-1.84151	0.377208	-0.765407	-0.33626	-1.57695	0.410405	2.75342	-0.0535762	1.65578	-0.341007	1.31408	-0.586403	0.0286874	-0.385496	1.02225	0.485337	1.62912	0.205358	1.84957	0.0100493	
-2.23571	7.17087	-3.29058	-0.205197	-2.04173	1.79738	-5.65023	-3.50941	-1.92904	-4.92638	1.01652	3.77063	7.18792	0.961309	-1.41598	0.384668	1.77088	0.404847	-0.0014283	1.93414	
2.57642	5.37414	1.73712	-0.773405	3.93921	2.8667	-10.0728	-0.0579785	-2.83329	-6.13373	2.3396	4.22055	4.67076	3.86609	-5.80888	-3.08236	-2.03388	0.244139	-0.00284513	3.14229	
-1.16736	3.1257	0.275421	-0.512272	2.03294	0.391531	-2.95908	0.640601	-1.85991	-4.55445	1.29004	3.39564	3.37693	1.51082	-1.44288	-1.88273	-1.70474	-0.897113	1.37484	1.16088	
-0.392687	4.9323	-2.48231	0.605349	2.17929	1.77631	-3.78777	-0.615531	-2.40687	-2.4723	2.64746	3.61273	2.51875	1.54082	-4.18957	-2.57381	-0.641141	-3.61545	0.326111	4.51231	
-0.718842	0.728256	0.329333	-0.894137	-0.12801	-0.459372	-0.868865	-0.600266	-0.00612769	-0.668739	-0.643214	1.95193	0.777563	2.16383	-0.212097	0.486778	-0.122185	1.92986	-0.430076	0.227154	
-1.26165	1.94329	-1.50476	0.573633	1.02688	1.13674	-3.22425	-0.399838	-2.95045	-3.20546	0.918825	2.19436	0.936643	2.28604	-0.603141	-0.865213	-0.193745	-1.58218	0.825721	0.962967	
0.513682	-4.66858	0.489843	0.129019	-2.42964	-1.93038	6.18409	0.758293	1.54603	5.00782	-2.50314	-4.46352	-4.04364	-2.84041	3.44549	2.37321	0.768927	1.58676	-0.734323	-2.8611	
0.8525	1.05916	-0.728717	0.947778	-0.16954	0.646074	-1.92563	1.41266	1.2551	-0.867391	-0.830222	0.0537933	-0.42889	0.441902	0.342591	-0.28892	0.996553	0.571876	-1.19167	1.66472	
-0.830543	-5.64985	-0.653847	1.44553	-2.59954	0.400475	4.20815	1.34062	2.65969	2.67939	-2.03565	-5.86748	-4.7166	-2.81432	2.75552	1.02883	0.684802	1.59416	0.612299	-2.68294	
-0.203353	-5.72862	1.38686	-0.415132	-1.87159	-0.466051	6.46737	1.28813	5.20335	5.90528	-3.82699	-3.98497	-5.1936	-3.16232	4.91614	2.07689	1.85068	1.78356	0.279634	-2.02992	
-1.62486	-3.0626	0.0682344	1.94444	-0.433455	-1.88432	3.04876	-0.612565	2.54103	1.87591	-3.17128	-1.24096	-3.44104	-3.83644	3.55663	2.10176	-0.632016	0.229795	-0.162806	-3.13552	
-0.68626	10.2616	-3.70504	-1.18994	-0.452765	2.1458	-6.0751	-4.03266	-3.44612	-5.2912	3.51801	6.48263	6.67375	3.20533	-3.72644	-0.738708	2.21644	-1.74014	0.300145	4.5947	
-0.059065	-7.5421	0.738629	0.568547	-3.17779	-3.21036	11.2399	0.944589	6.5604	5.25491	-4.88281	-8.08983	-8.89067	-5.80904	5.30544	2.55364	1.81486	4.03539	-1.76675	-5.60579	
-1.27905	5.00712	-2.5828	-2.34881	0.268533	3.03304	-4.90378	1.07536	-1.44418	-1.30201	-0.204526	2.62696	4.87574	1.83567	-3.27347	-1.7681	1.35297	0.870723	-0.0333874	0.899961	
1.06812	-6.40653	1.14227	1.87476	-1.58358	-2.54603	6.80684	0.55856	2.65781	3.20285	-3.48175	-6.39907	-5.6422	-1.81374	1.61828	1.15443	0.580837	2.51396	1.17978	-3.6616	
0.83279	-7.00402	-0.78012	1.9098	-1.93201	-2.70822	7.77828	1.88705	3.97859	5.0671	-2.19039	-4.07504	-6.91059	-3.96136	3.73102	0.114302	-0.0190726	2.26428	1.36252	-4.28342	
1.69204	2.25323	-0.158512	-0.818623	0.899679	-0.0394153	-2.6463	0.122595	-0.264337	-1.86695	1.03401	1.91366	3.14232	1.7162	-3.23941	-0.45722	-0.666165	-0.352446	-1.44313	0.69511	
-3.14443	-2.94895	-3.63415	2.68411	-7.09905	-2.2587	8.95892	-4.63321	2.30598	2.67718	-3.83533	-3.74585	-3.30424	-3.42196	8.65584	2.62958	7.05702	0.739331	-1.4093	-5.6144	
0.740739	-1.83886	0.915101	0.0458049	-0.596396	0.733721	0.968783	-1.34707	0.330786	0.876213	-1.21616	-0.874959	-1.43293	-0.310354	1.21108	-1.25336	0.683531	0.906159	-0.269244	-0.49278	
1.64428	3.44239	-0.146833	0.00141436	-0.422949	-0.33489	-5.9193	-1.77944	-0.381224	-1.95049	0.911626	1.95698	1.04212	1.0023	-0.193949	-0.430593	-0.577096	-2.76099	-1.14381	2.97702	
0.980273	2.64297	0.783564	0.467676	1.83828	0.828126	-3.25087	-0.497625	-2.46436	-3.3779	-0.233264	3.05257	2.73553	0.443617	-2.26526	-2.19954	-1.51684	-0.0659036	0.254913	1.67255	
-1.10367	-5.16453	1.68305	1.54688	-0.45321	-1.05465	5.27795	0.0252819	2.68585	2.29502	-1.463	-4.04328	-5.53114	-2.18406	1.70512	1.80667	1.18167	-0.668386	-0.0392565	-3.34281	
-0.426451	12.4735	-1.76934	-3.3633	4.82514	2.35877	-14.854	-3.37203	-5.63985	-8.9909	6.61642	9.95828	10.2641	5.9471	-10.9637	-2.8206	-2.13851	-3.67926	-0.841268	8.51683	
-1.67132	-4.19136	1.17364	0.625866	-3.21909	-2.49216	4.2609	1.67741	1.30176	2.74103	-1.96073	-1.01152	-1.02548	-1.28854	2.71164	1.75859	-0.128044	1.61756	1.09361	-0.99095	
1.84651	0.122596	-0.0906758	1.38733	-1.72369	-0.436558	-0.254677	-0.751013	0.238738	1.23488	0.786728	-1.5175	-1.2456	-0.777771	-0.62589	-0.0116384	1.75779	1.07164	-0.789944	-0.892156	
1.27659	-2.96276	0.958585	1.55438	-0.431896	-1.32395	4.671	-0.65111	0.716042	2.63033	-0.70956	-1.97218	-4.69535	-2.22366	2.23783	1.4705	-0.0958059	1.03915	0.745359	-3.61689	
-0.68545	10.9193	-2.41144	-3.25863	5.36211	3.74534	-14.1946	-2.1165	-6.99081	-8.55122	7.50301	8.22234	9.3875	4.71914	-10.2241	-3.1761	-0.341596	-3.15076	-0.497046	7.00808	
-1.65411	3.03293	1.46335	-0.655995	3.51806	0.192746	-2.06663	0.674611	-0.129506	-1.23695	1.54665	1.96228	0.233764	2.5235	-3.16802	-0.251935	-0.726617	-1.44031	-0.16754	1.27981	
-0.756179	-0.330841	0.892498	-0.895167	1.22191	-1.16344	1.5962	0.676022	1.5838	2.40324	-1.95142	-1.06616	-1.89987	-0.878779	-0.202835	-0.881475	-0.52327	1.01211	0.758937	0.203279	
2.77335	-5.10547	3.99387	-2.21795	1.26265	-0.255272	1.51654	4.46958	-2.70842	1.808	-1.36896	-3.3304	-3.50512	0.197529	-0.493741	1.37623	-3.14771	1.22139	1.45457	-1.98269	
-1.84132	-1.11843	0.249326	2.15167	0.165881	-2.85198	5.45423	0.29783	-0.674866	2.58748	-2.24706	-2.02354	-1.94734	-1.83951	3.92245	1.05726	0.288966	1.29491	0.309951	-2.05089	
-1.28574	3.04962	-2.03701	-0.299315	-1.58922	-0.256975	-1.80142	-0.0666778	-2.07692	-0.527363	-0.0239126	1.41999	0.839531	0.839518	-0.917047	-0.238497	-0.583135	0.958834	-0.530244	-0.0662394	
-0.318267	5.78974	-0.590351	-1.33917	1.27755	0.747531	-9.21653	-3.02486	-4.77868	-3.47565	3.03384	4.02106	4.69185	3.27776	-3.76055	-1.1534	0.0493863	-2.58336	1.68336	1.8065	
0.0857855	-6.06784	1.52262	-0.60989	-2.2796	-0.734679	5.02236	-0.681509	1.81546	2.61798	-1.94997	-3.20633	-3.44014	-0.630669	2.04705	2.32992	2.06192	-0.751153	0.140399	-3.11982	
0.616037	-6.04803	0.662625	2.00576	-3.13604	-0.867245	7.98203	1.25696	1.93858	1.42971	-2.4159	-5.44607	-3.95183	-3.56994	3.8723	0.296014	-2.0117	0.0228916	-0.705138	-3.37155	
-0.828252	-3.42944	0.242103	-0.148241	-0.536967	0.244325	4.65032	3.03109	3.55538	1.17829	-0.581341	-2.71019	-3.10447	-1.39618	2.78776	-2.31119	0.662734	0.132697	-0.411875	-1.77076	
-0.365716	-1.73755	1.43414	-0.414388	-3.12216	-1.17884	2.78033	-0.189843	0.751738	0.586616	-1.19689	-3.18731	-1.54507	-3.05294	1.94711	-0.644529	-0.202389	1.13935	-1.97793	-1.80971	
0.278607	-5.44252	3.35655	1.32786	-3.49819	-1.05111	5.02944	0.665512	2.9918	2.92309	-1.05423	-2.90947	-6.26241	-2.08671	3.94313	0.589713	1.05923	1.94732	0.821169	-2.59708	
-1.18864	-1.98525	-0.360941	-0.164188	-0.914834	-2.12698	1.28418	1.39266	1.75456	2.14946	-1.0514	-0.624828	-2.26448	-1.16376	1.50365	0.352093	1.40538	1.63761	-1.08029	-2.24562	
-1.25053	-2.10332	1.4391	0.539445	-1.92658	-1.3839	5.64772	0.218578	0.471065	1.24217	-1.6758	-2.24705	-5.36477	-1.2331	4.59375	0.230838	-0.939389	-1.80425	-0.153327	-3.54014	
1.92872	9.64775	-0.673415	-2.38679	4.26081	3.32329	-9.6486	-4.07382	-5.34217	-4.57562	4.9378	8.25112	7.39809	4.62226	-5.94055	-3.06566	-0.137067	-2.93032	0.519676	5.01766	
-1.24827	4.93515	0.356424	-1.12763	1.30247	-0.0845933	-2.61778	0.130768	-1.88738	-1.5412	1.52224	2.78989	2.90537	2.58259	-3.63089	-2.29175	-0.686867	0.935787	-0.559865	2.27198	
-0.630753	2.21528	0.494172	-0.287925	1.61184	0.257676	-1.50155	-1.11443	0.437097	-0.862894	-1.32537	-0.434661	1.29834	1.93722	-0.704988	-1.87385	0.680348	0.266247	0.583846	-0.304703	
-1.4347	-5.47557	0.737435	-0.647953	-2.26405	-0.698167	5.7158	1.47985	0.401176	2.0386	-2.87245	-5.1013	-3.44653	-1.55501	4.73826	0.579638	0.246819	1.46944	-0.588841	-4.38469	
0.22103	8.46105	-0.130943	-0.793045	5.80573	3.36104	-11.7466	-1.87601	-3.22243	-7.46086	2.50335	5.49724	9.35558	6.90929	-7.15895	-2.00641	0.335535	-3.62207	0.832755	7.1207	
-0.514087	6.7461	-0.478937	0.103591	2.93641	1.34512	-5.0437	-1.32143	-2.90826	-4.28159	0.453031	3.37672	4.39598	1.91873	-2.66415	-1.13749	0.0579583	-2.16603	0.489187	1.99936	
1.30895	6.94922	-0.636054	-0.911548	2.46632	3.70556	-7.24227	-1.20687	-3.14605	-4.03374	4.86229	5.05303	5.14596	6.44368	-3.74176	-1.47448	-1.70318	-0.234641	-1.9263	4.87436	
-0.423995	10.4902	-1.38503	-2.76999	3.59202	2.66813	-13.7867	-2.40343	-5.75281	-4.96285	3.96433	6.01039	9.55478	4.2564	-8.62987	-1.64121	-1.44163	-2.24057	0.494812	6.47618	
-0.312229	4.78883	-1.22418	-1.80707	2.01599	1.36146	-8.32555	-1.77608	-2.59976	-4.0367	1.79111	3.82893	4.51591	3.63838	-5.33728	-0.8621	-1.24044	-1.61641	-0.839354	3.73398	
1.36394	-3.42798	-1.16106	0.141373	-2.14828	-0.994289	4.12799	1.14563	2.35052	4.57536	-1.69236	-3.54169	-3.09551	-1.50072	3.18014	0.330545	0.840211	1.38433	-1.17558	-3.39325	
1.15736	0.32069	0.218196	1.10255	0.432137	2.32943	0.362385	-1.04061	2.06683	0.319636	0.465644	-1.29735	-1.64687	-0.936013	-0.0131595	0.523374	0.228042	0.154656	1.20467	0.230427	
0.122857	7.17552	-1.35528	-2.24648	4.20552	3.2775	-7.81706	-3.09567	-2.02129	-4.48698	2.17229	4.43959	6.4868	4.44113	-6.22146	-2.84971	-1.24539	-3.44763	-0.478449	3.68227	
0.676512	5.15908	-1.48344	-0.276546	0.949554	0.281464	-3.51367	-1.08446	-1.16241	-2.75766	0.985625	3.22326	1.89212	1.18834	-2.74903	-1.17211	-1.03904	-1.12022	-0.536911	0.854871	
-4.10934	-2.76258	-4.80261	2.02708	-7.09734	-1.41724	8.92704	-5.98341	3.51024	1.81226	-1.9681	-4.73373	-1.07	-3.98004	9.20017	2.83378	7.37809	1.14257	-0.451293	-4.03216	
1.39723	0.216179	1.67154	-0.86934	-0.302243	0.192954	1.2925	0.171022	1.48032	1.07921	-1.96413	-1.25719	-0.027114	0.0553432	-0.339028	-0.0236218	-0.64865	0.794982	1.38713	-1.21222	
2.83134	2.9315	-0.121541	0.463527	2.39654	-1.00446	-5.49048	-0.781623	-2.34096	-2.91799	1.24142	3.2785	3.515	2.15794	-2.33735	-0.0739977	-0.771884	-1.79684	-1.19656	3.8136	
-0.351584	5.60172	-0.526909	-3.38768	1.2286	0.418375	-6.44855	-2.32139	-2.52086	-5.49634	2.79972	4.89308	3.79956	1.83728	-3.2197	0.143712	-0.0368183	-1.60626	-0.858328	4.5346	
0.0045316	3.21802	-0.707595	-1.35091	3.5613	1.34773	-5.6607	-1.34212	-2.21102	-3.51958	1.24461	5.23897	4.76342	3.91803	-2.75343	-0.996545	-1.75502	-1.78061	0.639053	4.25659	
0.723456	-3.57365	-0.489187	2.7575	-1.70694	-3.62447	5.13816	-0.678894	1.87617	4.60097	-3.68582	-2.85068	-3.6624	-2.09393	2.4377	2.6201	1.07174	0.511853	0.0285783	-3.67341	
1.80319	-0.668976	1.57899	0.40667	0.453431	0.281355	-0.137707	-0.360384	-0.51338	0.621502	-0.745598	0.323597	-0.536717	-1.74358	1.46428	1.07345	0.776619	0.247414	1.56425	-0.122674	
-1.65227	-2.52534	-0.178418	-0.384287	-2.47445	-1.27274	2.83325	-0.90537	2.23458	1.49769	-1.97384	-3.49461	-1.28461	-0.425851	0.455814	0.679286	1.63983	-0.491045	1.56576	-1.49263	
-1.95554	-1.79463	0.923756	-0.508558	0.0385329	-0.300405	-1.48184	-0.499789	1.50146	1.69027	-3.06121	-1.61435	-2.53148	-2.50998	-0.489312	0.407694	1.5553	1.2527	1.86573	0.333275	
0.0686926	-0.454254	-6.53559	0.709913	7.81727	2.71865	-4.64932	1.92493	-4.77874	3.45493	-2.19263	1.44094	1.10674	-1.07247	-0.648453	-4.02477	0.30508	-0.180512	4.22653	-8.99652	
-3.54861	1.54662	-14.9439	6.1052	15.5171	6.71144	-12.9742	11.243	-8.59002	9.13363	-4.17747	1.30214	-1.46906	-0.994272	-4.04078	-13.4487	0.331748	4.03137	14.3903	-23.1023	
0.252537	1.15857	-3.00161	2.41319	2.29244	2.51039	-1.71016	2.70528	-4.18102	1.58671	-1.41556	0.504323	0.088684	0.692417	-0.819889	-3.70605	-0.510057	1.74255	2.74239	-6.36927	
2.24271	1.62786	3.03014	0.183653	-0.870956	-2.13107	1.30694	-1.6364	2.12206	-3.44906	-0.142413	-0.757979	-1.01867	1.18321	-0.380568	2.9251	0.272383	-1.04404	-3.57965	3.80331	
-18.3159	-9.14294	-14.105	-0.710648	-5.87183	8.33412	-22.5797	0.833538	-10.5718	-5.30531	3.6234	-2.71962	0.624293	-27.5465	-9.38026	5.14727	-3.80452	6.55052	-8.9856	2.13615	
2.61074	-1.62004	9.77353	-2.46143	-11.9329	-7.52967	9.40077	-10.57	6.01158	-5.5536	3.8798	-1.0238	0.933257	0.711059	2.8386	10.7288	1.79922	-1.05987	-8.77198	16.0517	
-0.00490816	-0.46126	-0.00712591	-1.20658	-0.812721	-0.951665	0.726559	-0.183076	-1.33309	-0.179316	-0.50937	-0.467308	-1.2239	-0.187876	-0.517751	0.189131	2.25075	-2.9145	-1.62809	0.1618	
-9.08748	-15.1964	-2.46838	0.441289	5.66564	-11.925	5.75812	4.64799	3.65131	-9.00083	4.19301	-19.5022	-13.4355	-1.26783	7.53372	8.87451	-3.78747	-14.3775	12.7003	-0.558346	
-2.69618	-0.72598	-12.087	3.18945	10.955	5.1801	-9.40481	9.86523	-5.77549	6.45461	-1.11495	0.976826	-2.48665	0.468488	-2.72108	-9.60615	1.55013	3.4101	9.97747	-18.3209	
4.79864	7.37214	2.6875	-1.09438	-3.53005	3.93128	-1.44702	-2.69475	-1.53636	2.33957	-2.3729	7.29421	5.43818	1.1457	-4.22885	-4.01384	1.11509	4.031	-6.34722	2.71774	
-0.899967	-1.0818	-2.91388	1.1703	-1.32952	1.13896	-1.41152	0.148955	-0.9548	1.28804	-0.967564	0.88948	-1.43907	-1.75653	-0.764662	-1.66832	-0.590243	-0.291496	-0.028772	-3.09229	
-0.45712	-0.111337	-0.665626	1.51216	-0.310781	-0.558748	-0.247867	-1.57701	1.74397	-2.3543	1.3474	0.982318	-0.0467793	0.812884	0.18659	-0.551589	1.99912	-0.80202	-1.26677	1.01067	
0.843339	-1.11279	6.99704	-1.49105	-7.08175	-3.55534	6.92462	-5.96389	4.05445	-4.12489	1.79222	1.11045	1.18447	-0.140751	2.001	5.87768	1.34246	-2.58615	-5.40951	13.3472	
1.09722	-0.22299	-10.0203	2.11306	9.23445	4.53604	-7.79618	6.82617	-5.31294	5.69406	-3.56936	-0.05566	-1.07123	-0.126515	-4.40462	-7.7844	1.25522	0.30781	8.76535	-14.3127	
-8.48281	-4.27578	-2.44571	-1.38072	-6.98454	3.43836	-5.43544	-4.61082	-0.802395	-4.14507	1.43649	-1.12134	0.931127	-13.2333	-2.30864	7.08652	-1.883	0.00471198	-7.54573	6.64908	
0.030213	-0.25614	7.65377	-1.15983	-5.1823	-6.23576	6.1042	-5.87655	5.03618	-3.55432	1.6294	0.538052	-0.006306	0.477719	0.234459	3.39182	0.0807544	-2.87008	-9.19047	11.0243	
1.35792	-0.763352	6.65295	-2.54236	-6.6037	-4.66017	5.17908	-6.81937	5.30186	-3.57233	2.41134	0.277469	1.59168	0.345557	2.51847	6.28716	0.0807064	-2.44417	-7.44018	9.71671	
-2.43408	0.644445	-7.90157	2.88427	8.80734	5.0413	-5.65061	7.87428	-5.25665	4.3358	-2.81638	-0.277255	-0.592101	-1.18778	-3.15519	-4.14725	1.02997	1.00414	6.78512	-11.9087	
2.4929	-1.3282	11.132	-2.5716	-11.4551	-6.85041	9.52849	-10.0085	7.9817	-6.39831	3.4599	0.844878	0.939235	-0.273927	1.53663	9.19256	-1.03507	-4.42287	-12.4311	20.2596	
-0.217881	-1.05111	0.530477	-1.33007	-1.67174	-0.969372	-0.693475	-5.21506	1.00904	-0.75932	0.67778	-1.30303	-1.76564	0.0107752	0.281527	0.939606	0.72361	-1.23107	-1.69114	1.79849	
2.97489	0.814932	4.88122	-0.573987	-6.71246	-2.83274	4.71601	-6.58464	4.72201	-3.78908	1.17103	0.882214	-1.53357	-1.39016	1.96384	6.89168	-1.36326	-1.2131	-4.06675	9.6373	
-0.301503	0.234204	6.89758	-2.50466	-7.88377	-3.35583	5.58884	-6.43789	5.72334	-4.30631	2.61131	-0.654076	0.198154	-0.35094	3.60406	5.80285	-0.44844	-1.23966	-8.57037	11.757	
2.28708	0.930084	2.26884	-0.857354	-2.37855	-2.35652	2.56229	-2.55085	2.27426	-2.68814	2.00859	-1.0476	-0.328541	0.836502	0.445499	2.56594	0.215514	-1.12771	-2.03455	6.78917	
0.4943	0.296138	1.5863	0.251	1.20996	1.64087	-0.0674572	0.567755	0.630617	0.224686	0.0857672	-0.751652	0.0510468	0.0295305	1.06641	2.37691	0.574985	-1.66452	-1.87254	0.655685	
-0.12263	-0.0374567	-3.64565	1.25065	3.96448	1.63284	-3.46166	3.37825	-1.97745	2.29505	-1.52598	0.312611	-0.840293	0.489048	0.894923	-2.85902	0.347255	2.04671	5.42535	-7.00178	
2.70988	-0.591756	10.7663	-3.83529	-9.05767	-7.15867	9.78571	-11.0588	5.4727	-6.48182	4.36564	0.217462	3.11626	-0.829713	1.4152	8.64986	-0.0290731	-2.34761	-9.86352	16.2432	
6.77347	10.3916	-0.679403	0.146479	-0.898292	8.45542	-4.146	-0.109163	-4.57718	7.26135	-3.92308	13.5951	9.20931	-0.0550515	-3.83124	-9.39461	4.85525	8.82473	-6.43205	-4.20209	
1.54956	0.834458	3.74313	-1.69793	-5.97114	-3.41315	3.62144	-5.48727	4.14808	-2.26128	0.455724	-0.312144	-0.0183091	-0.615955	2.0625	5.07251	-0.228876	-0.810378	-4.85309	10.4233	
-0.660047	-0.145087	0.0976987	1.14245	-0.719971	-0.647057	0.366664	0.200563	0.527392	-0.726931	0.62175	-0.979214	-0.0833526	1.38131	0.723105	-2.10003	0.230939	1.01415	-1.27977	-0.997935	
3.69812	-0.725094	13.6031	-4.67946	-14.8801	-6.91847	12.0956	-12.7184	8.77527	-9.99822	4.48669	-0.145885	1.27374	-1.16526	4.51915	14.1904	-0.887957	-3.73338	-14.6465	24.0257	
1.48238	-0.125461	5.31403	0.480715	-6.12345	-3.28957	4.84083	-6.28885	3.52852	-3.0509	3.03093	-1.06421	-0.855028	1.15345	0.436053	5.69422	0.104105	-2.28219	-6.29652	8.95975	
-4.26949	-0.0634979	-9.93929	1.17876	6.44919	3.86853	-8.76377	7.39815	-5.49759	5.14153	-1.95139	0.631789	0.816807	-2.86244	-1.17093	-6.32713	0.137837	3.14188	5.70846	-13.4553	
1.61844	-0.795171	-1.70715	0.396819	1.09848	1.19478	-0.353465	-0.155062	-1.52993	0.654328	0.475266	1.38849	0.0614232	0.111724	-0.699193	-3.63464	-1.01954	-0.27518	0.566844	-1.84584	
1.72988	0.198479	-0.381116	0.246085	-0.712803	-0.418081	1.21731	-1.40517	0.293613	-0.572373	-1.69062	1.55559	0.396117	-1.66017	-0.272081	0.959739	-0.741351	0.605523	-3.18746	1.40492	
2.12816	-0.436644	4.34062	-1.15043	-2.94562	-1.55859	1.32187	-2.04491	0.24091	-1.84379	0.753961	-1.21663	-0.326344	1.61101	2.40176	4.72744	-0.172736	-1.70701	-2.32773	7.24878	
-2.78296	-1.17488	-1.68527	0.148947	1.32667	1.42623	-1.01128	1.04733	0.371115	0.996438	-2.18931	0.24464	-0.967735	0.19244	-0.158336	-0.0983267	0.82535	-0.88427	3.55872	-1.62213	
-4.69364	-13.5117	1.15593	-1.20814	1.4471	-13.6864	9.4659	1.66072	5.33049	-10.6984	7.21813	-15.0703	-10.4391	1.58781	8.9159	10.5273	-4.75282	-13.6135	7.06544	9.13169	
2.19688	-1.97785	4.07248	-0.973114	-3.30006	-1.87518	2.70014	-3.21556	-0.99236	-1.68408	0.411656	-0.640034	-0.153525	0.19616	1.08342	3.41943	-0.3385	-0.375343	-1.20839	3.90914	
-1.82316	1.50041	-4.91112	-1.18423	2.91529	1.88509	-1.78285	3.99461	-0.492138	2.49495	-0.866216	0.652446	0.152593	0.231091	-1.85883	-4.18598	-1.09187	1.29263	3.41091	-7.20832	
1.11394	-0.199594	-3.28256	0.846454	2.8829	1.97875	-2.30182	1.99249	-1.83469	2.02696	-1.86501	-1.03116	-0.532448	-0.504085	-0.0293657	-3.11116	-0.897494	2.35303	2.55469	-6.57373	
-0.742502	1.01199	-8.19763	2.56247	10.1342	4.98071	-8.6537	10.5471	-6.01002	7.49879	-3.80528	-0.798886	-1.34084	0.208722	-2.34883	-10.5565	1.22532	3.26113	9.23495	-16.4935	
-1.4659	0.528932	-10.2934	2.41735	9.80544	3.87172	-7.35	7.11811	-5.31297	5.28345	-2.20294	-0.379178	-0.430582	-0.204671	-2.63407	-7.74698	-0.338145	1.79981	7.55964	-16.0066	
2.45718	-1.71621	10.1196	-4.65085	-7.51634	-4.99084	5.73487	-7.50371	4.27735	-5.04795	4.43737	-0.350221	0.671561	-1.07162	3.15353	7.31448	0.0939577	-3.1312	-8.45628	11.8066	
-2.26698	0.0865298	-0.968404	-0.492189	3.89372	1.17748	-1.99412	1.76015	0.251878	2.03247	-0.629542	-1.20505	0.485815	-1.53638	0.158937	-0.96908	0.2706	1.01694	1.64608	-2.28313	
-0.412872	-1.36331	0.129934	0.735516	-1.42026	-0.0519047	0.772781	2.49442	0.135663	1.16428	0.344272	-0.667597	-0.619104	-1.63147	0.0984669	0.68865	-0.047916	-0.70251	0.443775	2.67724	
5.32495	6.57626	0.543482	0.24534	-0.474907	7.42295	-2.59673	-1.86504	-2.99607	5.34718	-1.90593	7.05762	4.50542	1.45599	-2.36456	-5.35846	2.39609	3.86455	-3.69815	-2.69537	
-1.58266	-1.86301	-7.35553	1.78148	6.16556	3.04753	-5.16161	5.23707	-3.49631	4.66546	-1.52358	-0.791628	-1.68905	0.508999	0.355212	-5.81192	-1.04852	0.777752	6.09045	-9.84297	
0.548984	2.1976	1.25395	0.575733	-2.77756	1.82707	1.56222	-2.27944	2.82491	0.361116	0.241119	0.289242	3.79722	-0.728211	-0.856522	1.86473	-0.869429	2.56728	-3.93124	4.5073	
6.84574	2.23322	5.23025	-0.655401	1.26752	-2.90938	6.30011	-0.6019	1.17155	3.27088	-2.1623	2.09742	-0.270893	9.36319	3.47135	-2.93029	1.02208	-3.39525	4.40108	-2.22566	
0.245104	1.36533	-4.80264	3.08426	5.61029	2.5535	-2.44385	4.69793	-3.91905	4.21992	-2.91564	-0.753742	0.402839	-0.577594	-0.236524	-4.56614	-1.43328	0.713662	5.00238	-10.7907	
-4.397	-4.68015	12.9059	-4.97444	-18.89	-9.1564	7.14078	-17.6848	10.2257	-14.2314	4.66041	-2.83642	1.91694	-9.47923	0.689971	18.3757	-2.31009	-1.12105	-21.6594	29.9603	
3.5405	3.12226	9.86038	-2.02048	-8.43413	-7.15266	10.8857	-7.87347	7.35288	-6.02826	2.58475	1.67127	2.57586	4.98174	4.32756	7.94914	0.569385	-4.44685	-5.83028	14.6652	
-0.0677456	-0.919947	-7.91935	0.0886413	7.79876	6.21724	-6.54211	7.52733	-4.51315	5.26584	-2.53933	1.1873	0.82659	0.814311	-3.0139	-5.97027	1.23334	2.01847	6.9788	-11.8666	
-0.930711	-1.51257	-2.64237	1.22814	2.25792	1.09452	-1.63805	3.00623	-0.10961	1.51353	-1.09442	1.2465	0.350084	-0.869671	-0.441388	-2.79828	0.0522533	0.00274284	1.56659	-4.73727	
1.1591	-1.24186	6.28506	-3.11258	-6.06911	-3.07513	6.52703	-7.4734	2.89213	-3.27699	1.87766	-0.792075	-0.642336	-0.276263	0.134162	4.79804	-0.637416	-1.48663	-5.48552	9.99606	
0.951661	-3.0695	6.68429	-1.0525	-5.1693	-3.34695	4.05035	-6.73886	3.93144	-3.66301	1.44245	-0.747708	3.04088	0.942262	2.10897	7.13783	0.662528	-2.52591	-3.82046	10.8575	
5.51666	8.04118	15.7252	-5.43961	-14.5984	-3.00057	8.29425	-15.7214	7.32194	-5.08695	0.896825	8.75557	7.97356	0.849613	-0.411607	7.78596	1.22371	1.55038	-21.0971	21.8864	
0.561625	-0.612115	-0.469498	1.09142	3.65574	1.66685	-3.99978	3.38634	-1.61325	1.8655	-1.64777	-0.787963	-1.87538	-1.39908	-1.75047	-3.34744	0.279787	1.24917	2.73539	-4.02121	
0.423309	-0.67317	-4.2	0.416124	5.46202	3.93527	-3.3052	3.57486	-2.03651	1.54732	-1.79893	0.304032	-1.52114	-0.568602	-1.14669	-4.5364	-0.516161	-0.0140483	5.49035	-7.0947	
-0.700915	-0.444151	-6.17681	3.09404	8.23739	2.74873	-5.54624	7.13235	-4.03407	3.40112	-2.64626	-0.981814	0.0369385	-1.09241	-0.820122	-7.06433	-0.0210273	3.8562	8.47882	-12.2196	
0.617518	1.01448	1.89848	-0.347072	-4.32288	-1.78376	-0.0580684	-1.91292	1.78255	-1.47776	0.812145	-0.947513	0.623768	2.33295	2.69532	1.64564	0.363109	-0.292125	-2.34309	2.06635	
2.88844	4.74831	4.78649	-1.74639	-4.68705	0.363324	0.709491	-5.98614	2.66093	-1.54588	0.704287	4.97853	2.47552	-0.780629	0.215888	0.0728182	-0.0762229	1.94183	-6.92255	7.17638	
1.17442	2.76281	-2.85805	1.81168	4.33426	1.65801	-0.952995	3.08321	-2.51375	2.31058	-2.92513	1.42699	-0.242555	2.70602	-1.23742	-3.32218	0.0459024	2.54721	6.34505	-7.36098	
0.194877	-1.58236	3.23561	-2.66492	-4.1775	-3.17737	0.992366	-2.47764	2.19271	-2.43553	1.91562	-1.47518	-0.379918	0.287127	0.064654	1.67379	-0.348509	-0.404161	-3.30699	3.38418	
0.0882711	2.09342	4.31738	-1.04237	-4.84555	-2.13545	1.45765	-3.53287	3.79065	-3.04599	1.16245	0.345553	-0.0725703	0.244316	1.37796	5.34121	0.0326643	-1.76	-5.36184	8.45167	
-1.94821	-1.12585	-3.92313	2.75663	2.85241	2.92222	-2.08629	4.30326	-2.0496	0.475471	-3.15216	-1.32643	0.0329626	-0.829138	-0.396197	-2.65314	-0.67396	0.862406	3.42594	-6.96927	
1.41101	-1.32564	0.388546	-0.474437	-0.020663	-0.923475	-0.649069	2.00325	-0.26606	-0.0779032	0.24946	-2.31771	1.16984	0.211487	1.06814	0.362441	-0.124855	0.0299856	0.0683589	0.86898	
-1.76957	-0.339626	-10.6829	0.370301	8.51868	5.36876	-9.87432	9.71001	-5.71537	5.85426	-4.8422	0.32723	-0.53451	-1.46099	-1.85084	-8.22127	0.726663	1.38802	8.78879	-16.9708	
0.210749	-1.10784	-5.6082	0.0755364	4.43324	2.35934	-6.66573	2.72174	-2.41995	3.72174	-0.356128	0.713891	-0.0888495	0.728908	-0.315643	-3.66788	0.56801	0.942564	4.52908	-9.27814	
0.752608	0.550991	4.28828	-2.08475	-5.74263	-3.49088	2.65575	-4.42664	3.10376	-2.73961	1.65885	0.487308	0.832042	0.320415	-0.896642	4.58218	0.095095	-2.34195	-5.31588	7.73571	
-0.368495	1.0916	-5.84986	1.46726	5.3389	1.62912	-4.70081	6.68099	-4.73067	5.1723	1.07305	1.57372	1.11457	0.325074	0.0109602	-4.10272	-0.409016	1.68065	3.99455	-8.55596	
0.458552	0.245722	-0.0918837	-2.11356	-1.01712	-0.595149	0.860762	-0.99322	0.74222	-0.263032	-1.28315	2.01194	0.110115	0.231646	0.443503	-0.626403	2.59885	-1.68734	-0.703002	1.66678	
1.06119	0.169877	5.85336	-0.692527	-5.27515	-0.846838	3.29346	-3.65613	1.24216	-3.202	1.98212	0.264989	1.10444	0.17782	3.39347	3.45547	0.0631257	-1.50005	-4.11393	4.4576	
-0.76761	1.76822	-5.6751	2.39058	5.47451	4.96585	-5.0625	5.21545	-0.775368	3.21528	-0.527728	-0.390828	-1.32126	0.876254	-1.88145	-5.54675	0.0275507	2.54977	3.75263	-9.64756	
3.47829	6.00217	-6.17499	1.34392	4.68944	9.73977	-6.70859	4.76771	-6.57126	8.12033	-5.30193	8.74232	4.84318	0.54267	-3.22628	-10.8241	1.41089	8.00964	2.20086	-11.1706	
-2.09718	-1.74269	-4.76626	-1.04336	4.41044	2.16156	-5.12468	4.55591	-1.36773	2.76899	-0.744638	-1.20121	1.76122	-1.74459	-0.583632	-4.83826	-0.426852	3.14992	2.3602	-5.54104	
1.07933	-0.710617	8.91514	-3.52115	-8.27722	-6.20507	8.0237	-10.2825	5.11072	-6.23537	2.55947	0.313327	0.505994	1.44871	0.670515	9.07771	0.851925	-2.12515	-8.56804	14.6949	
-1.59433	0.34542	-2.62632	1.54566	2.38079	0.504355	-2.56425	1.7734	-3.05535	1.61869	-0.437956	-0.470787	-1.46792	0.278407	0.211632	-4.42129	-0.466508	1.13047	2.55801	-5.50971	
-4.46473	-3.6188	5.12071	-2.59378	-10.6785	-2.53422	1.99305	-9.08875	3.26459	-7.06096	4.92258	-3.94343	0.599673	-9.21476	0.551067	10.8528	-1.43008	0.276951	-12.6914	17.1003	
-2.37667	1.51408	-10.9277	2.39327	8.57451	5.89208	-10.4094	11.4708	-5.68165	6.77783	-3.09817	0.657116	-0.46605	0.223901	-4.35204	-7.67852	0.713334	4.62533	10.4709	-17.067	
0.779763	0.833334	3.41267	-0.147417	-1.18153	-2.19758	1.03303	-0.734361	3.49192	-0.568241	1.63853	-0.0728885	0.998135	-0.684364	1.13754	2.04293	-0.0117371	-1.86889	-4.6496	3.67784	
-0.149379	-0.263727	1.6384	-0.823621	0.225688	-2.26794	1.37139	-1.08258	1.881	-0.272881	1.0314	-1.03032	1.23678	1.74293	-1.01496	-1.24812	-0.447281	0.00727646	-1.77689	1.43178	
-1.14885	-1.16577	2.68754	-1.2108	-3.07722	-2.05471	0.743638	-3.47079	4.79648	-2.809	2.18394	1.531	-0.334358	0.431057	1.64629	3.39822	-1.20585	-1.82468	-2.7638	6.11566	
-0.0502371	-1.36579	-3.86308	1.04577	5.18669	4.49458	-3.10779	3.87364	-1.3422	3.195	-1.84898	-1.50935	0.534432	-1.05923	-1.24893	-6.6923	-0.409942	2.27361	4.11264	-8.8375	
1.86388	-0.886583	10.7521	-2.75482	-11.8833	-7.33847	10.0909	-12.4723	7.49786	-8.52159	3.21769	0.594372	1.461	1.24771	0.0639298	10.2679	-1.30271	-2.98171	-11.6431	18.7397	
4.65912	4.68231	8.74107	-3.7694	-6.7152	-0.835092	3.64566	-7.69028	2.30257	-1.48892	0.730979	7.21164	4.62666	-0.394647	-1.34433	2.59944	0.111846	3.17932	-9.81601	12.6664	
-0.283687	-0.4256	-2.79153	1.03393	2.40271	2.23231	-1.94242	1.25623	-0.926158	3.42238	0.489242	-1.1118	1.42511	-1.073	-0.675167	-1.62227	-0.37336	0.647658	2.39373	-4.1292	
-2.54203	-1.56089	-2.021	-1.03462	-0.602841	2.79894	-1.96238	-0.441972	-2.10766	-2.14586	1.27641	-0.267957	-1.50749	-4.30283	-3.27754	-1.21597	-2.40686	2.77119	-0.776692	2.45041	
3.38578	0.621876	-7.29955	1.60172	11.6035	4.38542	-4.45413	10.634	-4.0966	8.44793	-3.94784	-0.217709	-1.35435	6.60308	-1.07241	-11.5596	0.510286	1.07124	12.3546	-17.2499	
-0.563688	-0.0119079	-9.22938	2.13367	10.9382	5.83698	-7.98686	8.85195	-7.59611	5.51675	-4.33526	0.310769	-0.344047	0.944866	-2.97195	-9.19811	-0.886847	1.92143	11.1578	-15.1735	
-2.18106	2.6701	4.47506	-0.148211	-3.77041	-1.06685	1.59441	-1.65159	2.17933	-3.02207	1.81444	-0.653354	0.86877	-0.270527	0.0405284	4.35845	0.308669	-0.559589	-3.97306	5.43657	
-1.02501	0.28116	-11.4646	1.98843	12.7416	7.28843	-10.3878	11.355	-7.43315	6.49365	-4.77674	-0.597764	-0.651962	1.5044	-1.50397	-10.2265	1.93721	3.18127	10.6191	-19.42	
0.716459	-0.699675	7.12383	-3.06849	-8.1549	-3.71045	7.92787	-8.44765	3.69313	-3.94942	1.14304	1.67187	2.08617	-1.14939	1.27556	6.97364	-1.28848	-0.679006	-7.504	11.6027	
1.36767	-0.00133761	9.90173	-1.80134	-9.47257	-5.60215	9.10168	-9.25852	5.39668	-7.25592	2.42709	0.14217	0.231909	0.850683	2.9714	9.55891	-0.831643	-4.40548	-9.55768	15.0666	
-0.428517	1.12227	2.87191	-1.06212	-4.53245	-0.375965	2.78453	-5.25902	1.51159	-2.74628	1.3504	0.34861	1.39625	-2.05578	1.8567	2.55824	1.01624	0.190446	-5.00284	4.77123	
3.15282	1.30975	-5.45549	2.66615	10.5624	3.45637	-2.40025	9.95501	-2.22278	7.36921	-3.33524	0.974741	-1.56858	7.24582	-0.208056	-11.7828	1.79961	-1.06139	12.3058	-16.9554	
2.05605	-0.523794	8.60993	-2.0291	-9.17611	-5.02125	7.50522	-8.53325	5.57423	-5.68638	5.05532	-0.368004	0.358377	1.715	3.75632	8.70137	-1.06129	-1.39669	-10.2379	16.2773	
-5.44131	-8.05137	-6.46006	-0.0709214	6.85745	-5.19901	-1.14993	6.66364	2.66935	-3.36817	0.269792	-12.2052	-8.4295	0.0623233	3.51007	0.351333	-0.704753	-7.27667	10.1924	-4.89774	
1.14238	-2.18384	4.40888	-1.80159	-4.63118	-3.39524	3.70806	-4.26233	0.70577	-2.04983	1.17147	-2.0785	1.30764	-1.07146	2.40733	5.37448	1.44818	-0.769241	-2.37411	7.66714	
-0.865505	-2.1037	-1.72507	1.20052	1.63275	4.06168	-2.15254	2.35499	-2.27545	2.09368	-0.446278	1.74703	-1.16134	-1.39033	-0.901868	-2.64636	-0.101687	0.788888	2.09586	-5.62767	
-1.25662	1.85299	-0.119673	0.464415	-1.87048	-0.746764	-1.59158	-1.82748	-0.10278	-0.574529	-0.0155857	0.93231	2.13673	0.733771	-4.04555	-2.02599	-3.69027	-0.681967	-0.00352749	-1.93358	
1.97979	-1.80054	0.449337	-1.38527	4.24847	1.31106	-1.09554	-2.36996	1.72683	-0.0929457	0.491371	-4.14444	-1.36968	-1.98696	6.76345	4.75623	2.92936	5.88708	1.09472	3.1291	
-7.59948	3.83667	-3.98184	0.752723	-8.43532	-2.51042	-0.932101	0.177043	-0.721222	-2.82652	-1.02279	5.00449	2.94462	3.03359	-16.7116	-8.78824	-13.7215	-4.95219	-3.39268	-8.61441	
4.77613	-1.17434	1.47475	-0.0959966	4.0181	2.75203	0.795254	-0.0646216	-1.028	0.589144	0.731309	-1.0583	-1.93147	-2.31273	8.15012	4.55687	5.61315	4.07626	3.50665	5.21904	
2.9715	-1.1173	0.789159	-1.6161	4.16415	1.26241	1.8613	-1.50686	0.637109	1.46574	-1.19772	-1.83751	-0.253025	-1.04402	5.25435	2.67797	5.54951	1.87454	0.472438	4.72002	
1.56031	-0.985011	-0.384047	-0.218879	0.121085	0.405416	0.8545	-1.12124	0.949014	-0.0502073	0.841367	0.517079	0.535997	0.318095	1.79871	-0.602399	0.961156	-0.1524	1.37398	0.803675	
1.40043	-0.8004	-0.203797	0.676776	1.3539	1.44899	0.229996	-0.3613	-0.215449	0.838945	1.23365	-2.15465	-2.21194	-1.93487	1.37873	2.0137	2.28288	-2.15947	2.79444	1.28906	
-0.813749	1.83701	-2.21656	0.279095	-1.32784	-1.2403	-1.08182	0.234417	-0.168749	-0.431335	-0.0223408	0.832377	0.000383435	-0.655685	-4.62107	-2.35998	-3.28105	-3.0994	0.378958	-1.99015	
4.48877	-1.26899	0.580373	-1.64112	3.19644	2.15329	2.27667	-0.236525	1.0484	0.270789	3.44734	-0.260889	-1.87537	-3.25077	8.5398	2.28032	5.40025	3.7099	1.77283	3.32934	
4.94992	-0.837222	1.58246	-1.98181	4.50166	3.93676	0.85349	0.488392	1.33556	1.38319	-0.428311	-5.27504	-2.24608	-3.27891	8.65379	7.04593	9.83698	2.51942	2.56968	5.72577	
-1.36308	-7.7723	-9.38667	-2.47398	12.7142	13.3776	2.56533	-5.1066	1.91808	9.71798	5.74289	9.3483	-0.954941	1.32432	11.6389	16.111	-3.07315	2.95215	4.12191	8.22973	
5.24415	-2.96282	0.871918	-1.55121	7.1723	4.12109	2.91697	-1.34425	2.61704	1.23492	2.13865	-4.14874	-1.36914	-3.88452	15.3933	9.84129	9.31192	2.26475	3.81477	7.79057	
5.03415	-4.20206	1.52179	-0.861824	7.63383	5.55521	0.199891	-0.211559	1.70164	2.03356	0.68342	-1.41537	-0.544632	-2.48382	13.0802	7.15041	10.2481	4.52926	4.1372	7.15029	
0.579139	0.435575	-1.4342	-0.809226	2.84801	2.31498	0.872866	-0.642294	-0.13285	1.12345	0.155654	-2.47647	-1.20817	-0.459126	6.65767	3.07637	6.23564	2.13036	3.55088	5.10556	
-2.17362	1.92698	1.25521	2.24393	-3.03407	-3.34639	-1.34262	1.50865	0.136158	-0.34276	-1.40101	0.269181	-0.0353301	0.910756	-2.67625	-3.44115	-0.126617	-1.02674	-1.99608	-4.98254	
4.14741	2.25851	0.512144	-1.6894	-2.36249	3.72346	0.994885	0.0233888	-1.63163	1.82229	-0.835054	3.21904	1.35786	-0.58081	1.63303	-1.50244	1.91804	2.50753	-1.68144	0.771203	
-2.43042	-0.418861	-0.0960282	-0.94475	-1.99898	-1.42362	-1.25434	1.59555	-1.71861	-0.4061	-0.741897	-0.544322	-0.434246	0.25957	-3.9917	-2.61846	-2.90252	0.00159191	-0.869562	-1.57544	
1.31777	-1.25165	-0.5013	-0.525164	0.207642	-0.687594	-0.848259	0.778814	0.825794	-1.86324	-0.383195	0.00392228	0.130375	0.0857717	-1.33634	0.626607	-0.701611	1.23724	0.825164	-0.937807	
-10.3474	4.79945	-3.10055	3.32229	-10.506	-6.47348	-3.35067	0.00199416	-3.61473	-2.76347	-0.329586	7.51746	3.53261	4.60966	-21.7355	-12.5549	-14.7406	-9.52751	-7.10121	-11.8647	
-4.87004	3.4294	-1.76832	2.30559	-7.16926	-5.30344	-1.83684	0.0749861	-0.145574	-1.47806	0.492257	3.71308	2.75985	2.59414	-14.0693	-7.50776	-10.9089	-4.90368	-3.69457	-6.81968	
-1.88874	-4.15301	-0.211295	-0.666982	2.71738	-2.87881	0.929684	1.4359	0.264205	-0.772274	0.445286	-3.9058	-4.63497	-1.26711	4.654	2.6393	-0.69765	-3.555	3.40044	4.38986	
-10.7097	6.56561	-4.12346	2.6026	-12.4923	-8.46288	-2.30314	2.35599	-0.0714741	-2.2706	-0.968498	6.73486	5.71151	4.53177	-23.9105	-13.2795	-18.3978	-7.0654	-6.23721	-12.921	
2.09141	-6.82421	0.975283	-1.65712	2.56265	-1.69944	2.67275	1.25119	2.91178	-2.10323	1.7164	-7.20213	-3.6231	-0.149207	9.50797	6.61869	4.55696	-2.09225	3.71805	3.74207	
-0.96855	0.741768	-0.864263	0.303855	-0.159719	1.19359	-0.379751	0.127857	0.206086	-0.409991	0.958426	1.9663	0.220199	0.689369	-0.887816	-2.3498	-1.83035	-3.1112	-0.764573	-1.40925	
7.58088	-4.6396	4.16095	-1.6461	7.18762	5.02256	2.2652	-0.649658	0.481762	1.71447	0.616947	-4.48999	-3.54372	-4.28376	18.1826	9.65664	11.7634	4.94282	5.30757	10.9984	
-6.4356	4.25424	-2.48625	-0.260534	-7.24748	-5.13724	-2.19089	0.118146	-0.683192	-1.80732	0.366798	3.88508	2.32829	2.58422	-13.0247	-6.27581	-12.511	-5.50316	-3.58142	-7.91843	
9.59232	-5.14625	2.52089	-0.68629	8.14439	6.46737	3.27936	-0.910261	-0.461891	2.24279	2.39101	-5.36429	-4.24992	-5.09423	20.6044	11.8773	15.5573	7.72154	5.32127	13.2978	
-2.33403	0.332831	-0.208744	-0.00431931	-0.689004	-0.479834	-0.185466	0.44756	0.450035	0.220547	-0.611947	-1.58798	-0.382569	-1.9864	-3.08843	0.888043	-1.88442	-0.549343	-0.802616	-3.15469	
-1.44078	2.47711	-1.38007	-0.376969	-1.74145	-0.657303	0.188389	-0.437784	1.00994	0.253682	-0.496378	1.09778	-0.950904	0.730465	-1.57198	-1.44821	-2.26799	-2.00536	-1.72104	-2.18815	
1.9258	4.59116	0.905059	2.61922	-1.41665	2.34013	0.387086	-1.0241	-1.35468	2.84531	-0.882026	6.3548	3.25476	-0.205343	-0.488996	-0.672013	2.55514	4.6815	-2.41135	0.933583	
0.611561	-0.106932	1.63367	0.458186	1.68752	0.26901	-0.128377	2.01949	0.371103	0.45812	-0.633704	-1.24304	-0.0546303	-0.41801	4.63843	0.544826	1.89436	-0.765779	0.187804	0.930544	
-0.655869	-0.795938	-0.433295	0.402483	-0.0145795	-1.5174	-0.200045	-0.835063	-1.40489	-0.282008	1.0452	-0.240703	1.04092	0.868483	-1.34633	-1.44856	1.26567	-1.39454	-0.801117	0.204572	
4.89832	-4.00174	0.734467	-2.33038	7.2996	6.92393	0.935392	-1.77163	2.17602	2.84593	2.21044	-0.888177	-2.68319	-0.884519	13.6457	7.1761	9.09635	5.01536	5.81186	5.63771	
-10.3926	-17.6804	-4.30207	-0.040291	4.36626	-14.1129	5.02868	3.74159	4.77602	-10.4139	5.31891	-20.6671	-15.1733	-0.447889	6.63879	11.2627	-3.28475	-13.6862	10.336	1.18022	
-2.48722	1.19492	0.71468	0.249469	-3.0826	-4.29359	0.0392704	0.647871	-2.42525	-0.278317	-0.945083	2.20881	0.50979	2.34528	-8.72927	-5.56278	-6.20129	-2.70232	-1.82728	-5.37208	
9.07364	-0.0325352	3.10214	-0.085559	7.00879	5.69294	0.730545	-1.20281	0.512721	3.17738	-0.862875	-0.477931	-0.68345	-4.80077	12.3557	6.76068	11.1904	8.4461	3.4201	7.56734	
-3.6819	1.89434	-0.0869904	0.748985	-3.02433	-2.3046	0.273878	-0.21392	0.809466	1.56274	-0.0560329	1.34852	-0.754016	1.22156	-6.3021	-4.44859	-4.71348	-3.47216	-2.8103	-4.38142	
6.34983	-4.5288	5.08154	-1.76306	8.3658	5.79545	4.70498	-0.137413	-0.751079	2.22641	0.363085	-1.52304	-2.25467	-3.92075	16.6395	6.01418	10.624	7.0774	3.9163	8.00614	
-5.55314	4.50276	-2.57368	1.23789	-7.23412	-5.51064	-3.33447	1.10643	-0.886963	-1.87418	-0.685262	2.86471	3.8465	3.80214	-16.8032	-7.89912	-10.7957	-4.59399	-4.31516	-7.97675	
-4.85452	2.14704	-1.71075	1.57753	-7.23217	-4.81068	-1.85137	0.840377	-2.13647	-1.01958	1.81777	3.82831	1.62661	4.16183	-14.32	-6.60202	-9.48304	-4.60718	-1.74553	-8.12432	
2.08839	-2.31202	-0.788042	1.86079	-0.152944	0.261077	1.20696	-0.674895	2.03273	-1.41012	-0.820816	-0.481946	-0.653557	-0.872591	1.8478	1.86423	1.18699	0.676272	-0.124711	2.26477	
-10.3327	-2.15837	-10.7943	1.30435	-2.51871	-1.36282	-1.65649	-4.45609	2.93502	2.58823	3.31912	11.2307	1.10416	5.51842	-16.3115	-3.65359	-17.9548	-6.2265	-5.07615	-8.68705	
1.30959	1.27779	2.22827	-0.744596	-1.24586	-0.243845	-0.38768	-2.7499	0.0955834	-0.572106	1.11188	-0.722255	-0.255869	-0.254289	1.94123	0.271826	1.95316	-0.177093	1.33313	0.84778	
1.16933	-0.47016	-2.68559	1.48121	1.98774	0.577336	0.359441	-0.605833	-0.246938	0.463296	-0.189247	0.216334	-0.17416	-0.267829	0.00336609	-0.550831	0.126338	0.34904	1.56748	-0.590485	
-1.41894	0.606187	-1.97661	1.24895	-2.03478	-1.215	-1.00002	0.339549	-0.13837	0.236412	1.19387	-0.0377355	-0.282069	2.6519	-2.05967	-0.176558	-1.90147	-0.28733	0.0535617	-1.50719	
6.2451	-2.25378	0.789034	-0.799928	6.83663	3.99872	1.96506	1.34805	2.47057	0.966004	1.59113	-3.94325	-1.16312	-2.96955	10.3299	7.42728	9.04899	4.7073	3.9594	7.88249	
-5.01124	3.57004	2.25951	1.02301	-8.80877	-3.91782	-4.99586	1.86601	-0.84167	-4.50979	-3.37464	2.10475	1.88734	1.85028	-12.2971	-9.88017	-4.58742	-3.69441	-3.30031	-6.69831	
9.5139	-5.96722	2.49263	-1.77879	10.4069	8.50435	2.40774	-0.893039	0.569901	3.11047	1.69635	-5.79467	-3.44987	-5.50976	21.0426	12.7434	14.7833	6.31698	6.98352	13.9264	
-0.980606	-1.6396	0.845616	-0.118371	0.383478	1.20806	1.97804	0.866941	2.10258	-1.07851	0.956937	0.182413	1.83392	1.55147	1.53465	1.9101	1.53593	-1.48534	-0.1443	0.0748797	
6.2409	-4.27391	2.94394	-2.24773	7.39196	6.1922	1.58783	0.175088	1.65259	1.59907	-1.04894	-5.56008	-2.96596	-1.91372	15.8503	7.68769	10.6804	6.95261	6.33259	10.238	
-6.09897	2.80149	-1.99962	1.2688	-5.00921	-5.55583	-3.10039	-0.112617	-1.06818	-0.185441	-0.880739	3.263	3.28641	3.04112	-9.90074	-7.64011	-9.51113	-3.92781	-2.61745	-7.84295	
-3.61529	1.21515	-0.554914	-0.139696	-4.2863	-0.499555	-0.462106	0.864075	-2.24386	-2.25587	0.17596	0.947783	1.55502	3.35928	-5.24472	-1.54189	-4.435	-2.99417	-2.05156	-5.39194	
9.63199	-3.88078	3.44248	-3.0428	8.10359	5.95698	3.94742	-1.80922	1.39016	2.24612	1.73511	-3.71255	-4.21964	-6.26909	19.2824	10.7301	13.8637	6.62321	7.00955	10.6612	
-3.91082	1.97996	-0.165094	-0.691253	-4.54114	-4.06129	-0.96852	-0.712041	-0.281707	0.537656	-0.0953263	3.94727	2.4604	2.26196	-8.83745	-6.72177	-5.5425	-2.6544	-0.665162	-4.46273	
5.21081	-4.07654	1.55865	1.35059	4.10822	3.40453	1.81321	1.64761	0.592101	0.0557178	-0.780987	-1.57083	-2.88808	-2.35856	11.9832	3.98778	8.30129	2.79955	3.03392	4.98663	
2.25637	-2.21774	0.777918	-0.832115	2.41889	-0.265187	-0.478146	-0.0259782	0.677724	1.91999	-0.536162	-2.42558	-0.758789	0.5153	4.16328	0.91722	2.28835	0.490135	2.08861	2.85016	
1.96267	-0.0882043	0.49717	-0.428155	2.46466	0.589581	1.4023	0.44931	-1.56743	-1.28793	-0.127732	-1.74649	0.40432	-2.30362	4.5287	0.840342	1.99266	0.00942767	0.576987	0.155883	
-2.08093	0.731094	-0.463221	-0.304714	-2.40713	-1.20371	0.65872	-0.175964	-1.33004	-1.6735	-1.54529	1.75515	0.171598	-1.02724	-3.35498	-1.61892	-4.51384	-2.59137	-1.35697	-2.04752	
-5.1225	3.61807	-1.83406	2.64886	-4.52065	-3.73418	-2.64466	-0.428862	-0.758596	-0.372496	-1.20527	2.9526	2.76158	1.9342	-11.4975	-5.98549	-9.13509	-4.10721	-4.28665	-6.84962	
4.32798	-2.24959	1.3966	-0.682421	5.59742	4.06293	2.43978	-0.306356	-0.104173	2.21003	1.02032	-2.31142	-2.64761	-3.01659	10.9194	3.86069	9.11465	5.60536	4.22736	7.26653	
-5.87368	3.23093	-2.9268	2.28162	-8.23632	-8.15662	-2.81907	-1.43802	-1.18196	-2.43181	-0.230572	4.34685	2.44749	3.69325	-14.145	-7.71335	-11.8831	-4.79572	-5.67565	-9.24154	
-4.77894	2.52118	-1.69295	1.66106	-6.0032	-4.98209	-1.13332	0.115216	-0.420182	-0.838055	-0.158414	4.71051	1.62401	1.07066	-9.90652	-4.20877	-8.51936	-7.23056	-3.15259	-4.48356	
-1.72143	2.1119	-1.35482	-0.172125	-5.14335	-3.6617	0.292866	-1.24083	-0.546961	-2.15654	0.0864359	3.00006	1.66465	2.24642	-7.33317	-2.58881	-3.32362	-2.57761	-0.0820996	-2.92878	
-2.00529	0.904489	-2.35253	2.75246	-0.860448	-1.49754	0.118789	0.00856143	-2.7121	-0.0979831	0.517918	3.62537	-0.0241127	0.983244	-4.22909	-3.26485	-5.92922	-2.00716	-2.78263	-3.83204	
-0.908006	2.63813	-1.47463	0.0703241	-0.613149	-1.05194	0.286873	-0.997306	1.59088	1.36234	-0.824323	2.01266	-0.105824	1.01305	-4.04573	-3.31595	-2.60853	-1.23499	-2.07768	-1.7616	
1.17748	-2.29686	0.0567544	0.0785269	1.92076	0.698957	0.825173	0.440559	0.676208	1.4118	-0.585941	-2.10228	-0.836213	-1.48945	3.51067	0.446039	1.73494	0.374913	1.83175	-0.231672	
9.15622	-4.69622	3.40616	-0.81573	9.19618	7.0486	2.6002	0.465984	3.99039	2.60214	2.51714	-5.57884	-3.54066	-3.72233	19.4393	10.8154	17.0762	8.27362	4.35289	11.3822	
-3.25121	0.160839	-0.150709	-0.01241	-4.59719	-2.20782	1.05097	-1.78307	-0.330099	0.332707	-0.352311	2.46906	0.197571	0.453666	-7.23266	-4.87057	-6.07444	-1.23925	-2.76404	-4.64531	
-1.85334	-5.59353	-7.68369	-0.117688	4.55264	6.18881	0.069361	-3.1983	-0.198671	4.63051	1.81499	6.21693	-0.746037	0.317106	0.0244553	5.97162	-6.79565	-1.96388	0.468033	1.94659	
-4.92265	2.32845	-1.49448	0.809305	-5.3737	-3.43154	-0.977111	-0.603124	-1.26996	-0.573498	-0.606727	3.16431	2.17926	2.48804	-10.9044	-2.65109	-7.93606	-5.08974	-1.63695	-5.85225	
0.592581	1.17179	1.45742	-0.845143	1.11823	1.78205	0.845121	-0.111746	0.0647451	0.634244	-0.633405	-0.688058	0.128086	-0.583854	4.02253	-0.0998958	2.7634	2.55981	2.04917	1.26809	
5.33374	-5.05209	0.0462353	-2.20524	9.3327	7.14333	1.83639	-0.733655	1.99183	2.41916	1.12198	-2.23344	-5.60337	-4.07336	15.6485	9.39974	10.5843	4.78247	4.58019	9.24101	
8.47741	-2.8452	3.8673	-2.76557	11.2257	5.58621	3.31687	-1.44269	2.39323	3.7746	0.953731	-5.28218	-4.46704	-6.17537	20.3722	11.115	16.0157	8.63333	5.60355	12.8781	
0.122859	1.14803	0.501847	-0.590181	-1.34563	-1.02604	1.34705	-0.227891	0.549459	-0.949118	-0.451373	-1.06907	-0.518903	2.52343	-1.17273	-0.318464	-2.85667	-1.16049	-0.841861	-2.22518	
3.44354	-4.10361	2.75714	-1.23495	3.45912	2.39882	2.9346	-0.256304	-0.231364	0.839151	0.902664	-2.9777	-0.285784	-1.70018	7.75436	4.95343	6.03357	4.32832	3.06029	6.25219	
0.640656	-0.369348	0.535728	-1.40623	2.29276	1.80804	0.745976	-0.642467	-0.0693969	1.27539	-0.950518	-1.35058	1.07486	-1.78111	4.67948	1.59744	1.88279	1.9144	2.25402	1.69673	
6.31627	-1.52757	0.945663	-0.450524	6.45432	5.61103	-0.389742	-0.105762	0.489008	1.92076	2.20238	-4.00031	-2.76138	-4.29287	12.5794	8.21062	8.58278	4.61301	2.82569	8.42421	
4.53126	-1.85095	1.13805	-0.398203	5.03507	3.45024	1.32192	-0.633197	1.0646	0.744231	1.08413	-1.91302	1.34695	-1.26007	8.28797	5.64587	8.60297	3.627	1.68631	3.71276	
0.337356	0.338142	-0.823085	0.803326	-0.631834	0.30797	-0.458428	-0.113346	0.794779	0.875775	-1.32167	-0.484133	0.855468	-0.503084	0.495808	0.658736	-2.03862	0.380201	0.211083	-2.26179	
0.764391	-0.633336	1.62936	0.40418	-1.02118	1.25632	-2.64093	2.44854	-0.835258	0.256821	-0.324333	-0.445608	1.03533	-0.0118374	1.73404	-0.503632	0.633665	-0.462927	1.72635	0.0289711	
3.27034	-1.78806	2.91805	-2.40425	3.25089	2.53625	1.17785	0.856189	-0.773266	1.36457	0.766391	-4.17469	-2.92512	-3.27633	4.39697	2.94539	4.99954	3.2629	1.47701	4.34263	
0.440991	0.535498	-1.65719	0.722274	-1.75156	-1.27879	-1.03076	-0.387019	-1.55986	0.421938	0.970871	2.19539	-0.873911	-0.744878	-2.60592	0.53443	-2.32977	-0.668127	-1.39811	-0.251224	
-1.54481	-0.659972	0.471799	-1.1705	-1.36357	-2.29625	-0.753836	1.36686	1.13517	-0.421575	-1.06153	-0.197855	0.382328	-0.0730161	-2.35149	-1.31478	-1.02565	-0.989183	-1.00525	-2.08836	
-2.04296	0.518684	-0.719138	-0.553981	-2.89351	-2.07942	-2.08106	-0.412023	1.73141	-1.19385	-0.242209	1.12413	1.19049	2.4161	-4.15274	-3.27528	-3.89099	-3.80004	-2.10562	-3.59768	
7.98619	-4.54246	2.46558	-1.54929	9.94419	8.05238	2.42091	-1.06322	-0.327521	2.74679	0.48959	-4.10791	-4.77278	-6.12227	19.3317	10.0361	15.8735	8.19757	4.94957	12.3064	
-3.58521	3.3571	-0.603445	0.433812	-3.10222	-5.24047	-1.7622	-0.573529	-2.21994	-0.601415	0.0275863	2.39086	-0.211126	2.30998	-9.65998	-6.37509	-6.52537	-2.82692	-2.30408	-5.93218	
-5.77636	0.584962	-4.68334	1.03644	-1.53448	-2.14672	-0.66933	-2.18836	0.780494	1.75659	1.37993	4.60534	2.34986	3.76292	-8.27906	0.196818	-10.8271	-1.65966	-2.36088	-2.92934	
3.51994	-0.845529	2.12244	0.4406	2.0528	1.41138	0.772825	1.43115	0.187969	-1.1071	-0.941993	-5.46453	-3.25336	-0.899491	6.0971	0.63087	6.07022	0.826075	1.96626	1.6249	
-2.82892	1.11544	-1.75839	1.3042	-4.84576	-2.63181	-2.30196	0.577731	-0.692217	-0.391922	0.221712	1.5296	1.49934	2.12466	-8.94487	-5.77035	-6.6504	-2.64017	-4.21018	-4.93816	
-7.62332	4.54614	-3.15432	0.538817	-5.35137	-5.26451	-2.73254	-0.678561	-1.12107	-2.30953	-1.30194	5.82402	0.32624	3.50407	-14.6264	-8.10442	-9.57476	-5.39883	-5.34392	-6.15533	
-9.84676	6.49803	-4.54889	1.81005	-10.4816	-7.58215	-2.90946	-0.612592	-0.807962	-3.83046	-0.812562	4.35218	5.25695	3.74992	-22.1022	-10.8048	-16.7182	-8.47599	-6.38758	-11.103	
-1.51547	0.584544	-0.523616	1.30943	-4.28181	-1.99146	-1.44523	-0.282746	-0.39039	0.055859	0.27098	-0.287536	-0.0572907	1.59779	-4.6756	-3.0582	-5.51546	-0.681922	-2.45229	-5.09375	
-6.12472	2.01017	-5.16251	4.10492	-7.76407	-4.71911	-0.653417	1.86871	-1.31732	-1.18439	0.231406	2.94957	1.16371	3.54213	-13.0209	-6.33781	-9.20623	-5.12701	-4.37918	-6.99498	
-1.95372	1.08141	1.17057	-0.125941	-1.13747	0.229659	-0.845447	-0.416249	0.161553	-0.250644	-0.693208	-2.10972	0.816915	-0.571599	-1.09825	0.27542	0.826861	0.672419	-1.18195	-0.226882	
6.12682	-5.60898	3.5309	-1.89472	8.16537	4.95866	2.33852	0.384126	1.92796	0.655883	0.175051	-4.8479	-1.76388	-3.65481	16.3592	8.63619	10.3834	3.85114	4.8132	8.0469	
-6.49858	4.14771	-2.09528	1.63948	-8.34869	-6.68527	-3.05237	2.3039	-0.653433	-0.95009	0.252345	5.45101	2.96842	4.64415	-16.2789	-8.19863	-11.1732	-8.10536	-5.014	-11.3075	
5.72098	-2.01265	3.16813	-2.75951	5.23149	4.35	0.201152	-1.35426	0.163736	0.612356	1.72509	-3.15439	-2.25277	-4.92423	10.525	6.99228	8.96814	4.35583	2.64777	5.1609	
1.81226	-0.710588	1.86217	1.10765	0.744905	2.38303	1.74933	-0.782974	-0.688932	0.0280873	-0.769262	0.0382844	-1.53384	-0.608622	2.23444	1.61399	2.31339	-0.83127	0.869174	1.13785	
-0.636545	-0.604242	-1.30913	1.08175	0.275671	0.109488	-0.664847	1.22282	-1.0279	-0.252727	1.00288	0.988212	0.72074	1.22574	-0.427015	-0.413815	-1.96537	-0.264379	-0.799229	-2.02775	
0.211705	0.143277	2.8056	-0.46918	0.0698474	-0.274226	-0.362356	0.878543	1.26523	-0.996071	-0.844998	-0.941673	-0.60779	-0.256855	0.336427	0.093444	-0.597921	1.00128	1.02477	0.92225	
2.30661	-2.69411	3.01386	1.52682	-0.387556	9.70898	3.2579	-1.30221	-2.2402	1.60882	-0.465164	-0.829218	1.71706	-3.43518	0.561883	0.129469	3.67248	1.30884	4.47032	1.22427	
0.325162	0.105615	-0.938918	-0.479385	0.5669	-8.5714	-4.70539	0.724551	0.119836	-1.26722	-2.01666	1.23562	-2.73756	4.00498	-0.657249	0.411487	-4.33369	1.18662	-6.30069	0.382589	
-0.411416	-0.198873	0.259312	-0.0876922	-1.12001	1.55305	1.61599	2.29795	0.449805	-1.93859	1.535	0.0503965	0.516631	0.153296	0.751857	0.41373	1.17359	0.849221	2.96158	0.569401	
4.97778	-0.373937	0.274642	1.29076	0.284257	13.3713	6.4943	1.07397	-2.55221	2.52264	0.893613	0.892972	4.64684	-4.4144	4.99544	1.53713	7.70217	-2.09365	10.9814	-0.241348	
0.800014	-1.11765	0.972156	0.0136214	-0.325193	4.09049	1.20464	0.61979	-1.6443	1.02891	-0.862629	0.521837	0.424566	-0.291489	0.339772	-0.780664	3.19621	1.25445	2.01337	-0.852644	
-1.64017	-0.0727179	0.132297	0.65167	1.13593	-0.980434	0.717407	1.25488	0.26805	-0.251916	0.0910764	-1.95004	0.435848	0.437302	0.0223478	0.279453	-1.27329	1.56866	-1.98822	0.890074	
-0.653085	-1.12411	-0.378496	-0.956132	-0.686631	-5.87765	-2.78753	-0.511025	0.703145	-0.899874	-0.606053	-0.0325592	-3.36771	2.99469	-1.03206	0.311634	-2.25979	-0.292433	-4.32048	-0.258269	
-4.9513	-1.68089	-1.61626	-0.25705	0.787133	-17.0073	-8.06971	-0.137651	2.87074	-4.46209	0.320835	3.25638	-5.07681	4.54618	-3.79701	-0.996629	-8.21056	1.4268	-9.74344	1.15567	
0.245605	-0.486359	1.3982	1.59666	0.786772	4.99885	2.95822	0.0144679	-1.05675	0.758336	1.22278	0.1665	1.08911	-2.6243	2.27408	0.660966	2.7693	-0.836148	4.7405	-2.17766	
2.38131	-0.692433	0.943103	1.79238	0.552698	9.44792	6.0186	-0.264357	-2.05774	0.969282	0.313546	-1.97962	2.34216	-3.3238	2.84543	-0.178075	4.60637	1.08621	7.19416	-1.26855	
-0.34476	0.647827	-1.10599	-0.400942	0.509507	-0.0173587	-1.18761	-0.407335	0.307177	0.553026	0.449066	-0.48515	-0.498863	1.12301	0.626862	0.727393	-0.615577	-0.566903	0.190356	0.0970891	
0.949563	-0.956552	1.63971	0.99374	-0.394008	3.89452	1.54501	-1.75539	0.243823	1.26295	2.17551	0.144115	1.65096	-0.920601	1.72537	-0.173758	0.924673	0.10374	2.01777	1.21439	
3.66937	-1.68671	-2.39969	-0.871778	4.08766	19.005	7.63786	-3.17295	-1.85087	5.73759	2.99049	2.92577	3.57226	-2.82138	5.59915	4.90503	5.25502	-3.37372	12.964	-0.0770334	
-0.00734614	0.525762	0.21314	-0.578131	0.0861487	-2.84937	-0.863957	-0.984092	0.969525	-0.933889	-0.856672	0.275107	0.317357	0.488987	-0.0335966	-0.568718	0.209951	0.314429	-0.842058	-0.879486	
1.15314	0.288758	1.06562	0.127533	0.077971	0.483611	0.858363	-1.2274	0.419596	1.68772	0.751737	-0.657181	1.5943	-0.42247	-0.989924	1.09855	4.39851	-0.236107	1.3855	-0.029942	
-1.74261	1.33911	-0.90358	-0.0599335	0.33857	0.106561	-0.479996	-0.730798	-0.110169	1.884	1.99214	0.730691	1.83853	0.876286	-0.587248	0.2955	0.767315	0.827293	-1.26919	-0.942408	
-1.47175	-1.79828	0.206467	0.674658	0.0272155	-7.67382	-4.78456	-0.134286	0.0693053	-4.94286	0.242256	-0.37644	-2.71071	2.71826	-0.836663	-1.46086	-3.72695	-0.0326764	-5.4898	-0.992929	
-3.36104	2.02561	-0.972054	-2.29994	-1.56452	-9.89813	-3.25552	0.335999	1.24753	-2.26747	-2.07652	2.86687	-3.59741	1.97987	-0.726493	-0.841404	-5.18426	2.4156	-6.72106	1.0092	
4.77195	1.43658	0.530205	0.805654	1.19704	9.95852	4.63301	0.9459	-1.50088	3.30293	1.73849	-0.813274	1.01298	-3.78702	3.22012	0.392756	5.30905	-0.913426	7.84752	-0.851176	
2.74846	0.705355	2.57056	0.548961	2.03971	14.8648	6.98653	0.792542	-1.81815	2.20116	2.27061	-0.45165	2.56057	-4.17826	3.9432	2.40654	7.35185	-1.77899	12.6664	-1.19881	
-3.92769	-1.57668	-2.8038	-0.245717	0.539216	-13.5093	-6.7997	0.135208	1.91271	-3.33841	-2.08011	0.862583	-4.57996	2.07494	-4.20094	-1.3245	-6.71578	2.15197	-9.87009	1.54485	
-3.60958	-0.746671	-2.84534	0.46694	-1.0851	-18.6856	-9.4772	-1.09467	3.01086	-4.59366	-0.520049	2.84639	-4.0154	6.30387	-6.22267	-2.54763	-10.9966	2.06329	-12.659	1.2038	
3.83998	1.86534	2.98379	1.15843	1.18975	13.318	6.00794	1.69105	-2.29099	1.46095	0.0809864	-1.68107	4.6848	-4.85997	4.99201	-0.654063	6.44725	-2.31609	8.84263	-1.57754	
1.28822	-1.29986	0.0150252	0.850262	0.525075	4.42452	2.23026	0.496704	0.952439	-0.661717	1.95338	-0.755799	1.35196	-3.26729	2.0528	-1.6533	3.26713	0.610798	4.18358	0.086416	
1.8173	-0.474966	3.26505	0.746826	1.76185	8.77149	4.42094	1.00821	-1.44962	3.8606	0.387318	-1.1444	4.61548	-2.72184	1.33659	1.56029	4.87054	-1.31803	8.24123	0.115708	
2.37815	-0.933287	0.771676	0.919847	0.785408	6.51714	3.13888	-1.37816	-2.76935	3.00801	1.20148	-1.53847	0.649918	-0.516449	0.804362	1.4697	3.27425	-0.0950613	3.73174	1.42222	
-0.386853	-0.355777	-0.138506	-1.66519	0.184634	0.0505054	3.4708	2.02219	-0.849236	-0.459891	-0.634925	-0.601164	0.14371	0.310695	0.836955	-0.949328	0.598761	-1.09554	-1.14454	0.268218	
-2.70636	2.03051	0.102686	1.69308	-1.4214	-10.0205	-2.93794	-0.35345	2.07149	-2.24243	-0.854217	0.24921	-1.73565	3.72882	-2.44481	0.0569051	-2.91284	1.96615	-7.18844	0.969139	
2.38931	1.00973	-0.0311862	0.382196	-0.500974	4.27507	2.66184	1.81998	-0.74543	0.96167	0.340891	0.0231516	1.17743	-0.0583777	2.15431	0.0849855	1.40976	-0.802969	1.42447	0.337917	
-3.49449	0.0299537	-2.02157	-1.43396	-1.42195	-13.1501	-6.26409	-0.302343	1.6996	-1.01782	-1.4977	0.527822	-2.26355	4.27568	-4.60506	-0.883836	-8.01914	0.810696	-10.4856	1.44605	
2.33709	0.733413	0.840284	1.21624	-0.297931	4.37566	2.1967	-0.742265	-0.282584	1.11111	0.236701	-0.578648	0.41728	-1.1361	2.53874	-1.21449	3.55574	-0.792538	4.31505	-0.666014	
1.57042	2.35944	-1.42392	0.0476224	0.440503	7.55024	5.0818	-0.00105009	-4.37254	1.30093	1.27642	-1.91118	2.39799	-2.64843	1.74354	-0.356998	2.99951	-0.32537	8.40202	0.912632	
4.69215	-0.525711	3.52627	0.321817	2.57067	19.1569	8.36416	-0.864361	-4.15116	2.81751	1.73186	0.447973	4.45177	-5.67387	5.38709	2.32036	8.89698	-1.26958	12.0061	-2.1643	
0.00145929	1.0569	-2.10115	2.39395	0.0586969	-7.39554	-3.60649	-0.198651	-0.548094	-1.29862	-1.15062	0.260911	-3.01417	4.26273	-0.602523	-0.527758	-2.78716	0.76409	-4.94135	0.259467	
0.808759	1.55165	0.7675	-0.858003	-0.318993	4.00715	0.765644	-0.209476	0.684868	1.39706	1.64749	-0.696229	0.831144	-2.11671	1.03399	0.0972363	0.598647	-1.29849	2.4628	-0.239632	
-1.47023	-1.79237	-2.16202	-1.12138	0.373387	-9.38677	-3.78002	-1.40228	2.91705	-0.977629	-0.784308	2.73253	-2.94766	0.933358	-1.45944	0.923481	-5.672	1.02264	-7.42772	1.76515	
2.31464	-0.118655	2.51217	-1.07791	0.837947	7.20505	3.64577	1.52829	-0.880171	0.261844	2.34461	-0.53377	2.94242	-1.29277	1.00153	0.671619	3.57222	-0.979606	8.04628	-0.719258	
-0.788822	-0.199614	-0.697145	-0.23002	-1.38931	-9.05284	-4.66339	-0.300871	1.44855	-2.90967	-1.79654	0.584574	-1.67394	2.25255	-2.22094	-0.921446	-3.91867	1.31711	-4.34729	-0.192185	
-2.27167	-0.982449	-2.2195	0.111695	0.176887	-7.09373	-3.33635	-0.645872	1.26333	-1.50023	-1.70662	-1.81314	-3.33987	1.75595	-1.04179	-2.1804	-4.57814	2.47573	-3.98438	-0.837216	
1.03294	-2.1067	1.24782	0.315723	0.0903369	5.15046	3.62698	-0.81534	-0.60405	0.471365	1.02683	1.42369	2.01403	-2.10787	2.40081	1.42457	3.11892	1.25495	4.84543	-0.0648338	
-1.14715	0.142367	-0.097033	-1.30177	-0.735222	-7.50238	-2.83043	-0.261765	-1.67218	-2.81656	0.543904	-0.325222	-3.34832	0.568257	-1.81105	-1.63821	-4.92284	2.62935	-3.62203	-0.87285	
1.79442	-0.326734	0.355098	-2.17134	1.01962	7.43921	3.64971	-0.317699	1.1293	0.769671	3.1191	-1.25234	1.79076	-4.40775	2.24234	-0.84955	3.22668	-2.08757	6.3921	-0.802605	
0.119521	1.70357	1.0609	-0.474287	1.3388	3.39129	2.04805	1.32243	-0.67342	1.58466	0.647268	-0.83651	0.216333	-0.899063	1.16637	-0.853222	1.29338	-1.35664	-0.800511	1.28588	
-1.08106	0.846466	-0.711258	-0.758601	-1.46251	-11.1651	-6.19024	-1.00943	3.08054	-3.4423	-2.00764	0.92224	-2.11272	1.34881	-2.30014	-0.655106	-5.68176	1.51299	-8.41225	0.853426	
0.0869833	0.189787	2.0367	-0.151474	1.27784	-1.79247	0.163399	-0.0211501	0.193329	-3.45679	-0.180494	-0.326797	0.712666	1.14408	0.369374	0.215116	0.401749	-0.355796	-1.2244	-1.23388	
-1.02668	0.679892	1.40189	-0.470847	1.65592	7.60685	4.35782	-2.24008	-1.05854	0.529508	-0.647415	-0.498289	1.53808	-1.72128	-1.30131	1.8022	5.00596	-0.364803	6.6977	-1.74742	
-1.50495	0.922703	1.83811	1.85724	-1.79338	-4.26222	-4.00614	0.924587	0.453729	-1.18682	-0.93757	-0.0871829	-1.36528	2.53953	-1.14083	-0.924829	-1.33789	1.5325	-2.79384	0.250416	
1.42298	-1.18078	-0.991645	-0.795153	0.0405483	3.6101	3.25205	0.581485	-0.643993	0.794192	2.16245	-0.459814	1.98702	-1.51525	2.98305	-0.0920994	3.42734	1.59905	2.79855	0.138051	
1.82376	0.422346	2.20763	0.623537	-0.0181842	11.5514	4.86066	0.790165	-0.874096	3.80304	0.994388	0.213246	4.6706	-1.81191	1.48636	1.44937	5.64465	-1.33388	8.69249	-1.15685	
-0.241437	0.101182	-1.62635	-0.312549	-1.1082	1.02662	-0.0551706	1.92285	-1.64335	0.497786	-1.14846	0.263592	1.51707	0.327659	0.81572	-1.04064	-0.62983	0.0142218	-0.209405	0.88977	
-0.471218	-1.93688	0.519173	0.506987	-0.692655	1.25912	1.49932	0.800081	-0.908216	0.824328	0.667871	-1.42357	-0.0374372	0.895593	0.0356271	0.308267	0.362179	0.854582	1.48095	-0.265317	
-1.38113	0.425848	0.751917	-0.996077	-0.12542	-3.55313	0.731446	1.44751	-0.496744	0.360604	-0.417751	-0.771507	-0.864576	-2.09228	2.25157	0.61784	1.15913	-0.221297	1.35376	0.284075	
-0.116347	0.52941	0.234497	0.565311	-0.595734	6.66623	1.87441	-0.113582	-0.867516	0.0092575	-0.734495	0.116221	-0.884686	-1.57641	2.5881	-0.291097	3.02619	0.0864054	3.58852	-1.18644	
-2.60318	1.22894	-1.5783	0.268938	-0.466931	-7.38505	-4.33943	0.316981	0.0144726	-1.91731	0.702331	-2.45517	-2.36007	3.14858	-2.94727	-1.31558	-2.13168	0.244052	-5.53958	-0.463197	
-2.09068	-1.03896	0.576375	-1.23809	0.234138	-6.38503	-1.23347	1.43666	1.06488	-1.83596	1.18831	0.916344	-0.801398	3.17305	-1.74093	0.520874	-3.30813	1.60415	-3.03685	0.329818	
-0.651565	0.834622	-1.59085	-0.171827	-2.04381	-2.50037	-2.61931	0.373862	-0.0930961	0.562515	-0.838388	0.20715	-0.896866	1.42646	-0.576253	-0.264822	0.822688	-0.421495	-1.64139	0.182661	
-2.5483	0.788829	-1.9526	-1.03654	-1.526	-13.4637	-7.14382	-0.503784	1.98055	-2.36511	-1.4924	1.13197	-2.72693	2.97787	-1.72761	-3.68298	-6.83498	0.221613	-10.0132	0.768888	
3.48973	-0.518705	0.99018	-0.101142	-0.0833805	8.19695	3.71109	0.421204	-1.11606	1.50792	-0.46903	-0.461412	2.48526	-3.39116	1.09005	0.0503222	4.54901	0.746226	3.51706	-0.0378316	
0.41066	1.22428	0.305413	-0.390537	1.43754	8.90314	3.80364	0.0141208	0.882405	2.91842	0.7437	-1.1933	3.39145	-1.49666	0.710214	-0.0506877	2.59542	1.00274	7.44568	0.13487	
-1.20355	-1.03025	1.53829	0.649169	-0.377032	-1.20065	-2.73907	-0.442689	-0.882207	-0.956562	-0.886595	0.528074	-2.92316	1.96567	-2.60137	0.647901	-2.17263	1.83146	-2.54267	0.0108207	
3.58882	0.961611	3.37415	0.650396	0.0206735	12.31	8.03056	2.25067	-3.13856	1.95141	1.75122	0.456298	2.5151	-2.95093	1.7983	0.686574	6.54415	-2.61703	9.32619	-1.23747	
3.19656	2.96643	1.43229	-0.539587	1.28555	14.3439	7.18877	0.793533	-3.28738	2.61907	1.48519	-1.73207	5.60383	-4.94309	2.55898	0.641033	6.86043	-2.97068	11.7889	-1.39492	
0.209918	0.955239	1.03211	-2.21016	-1.11529	5.15083	3.49579	0.159204	-1.3514	0.445442	-0.707379	-0.869059	1.47965	-1.24179	2.31458	0.220115	3.46425	-0.262346	1.77815	-0.748115	
0.259925	0.694326	-0.226369	-1.08674	-0.361535	-3.99812	0.0911541	-0.343951	0.706305	-1.01775	-0.336778	0.793056	0.340368	1.27975	-0.823684	-0.545616	-2.0895	0.346339	-1.96459	-1.34028	
1.84153	0.51921	0.0380688	1.89559	1.22135	4.74971	4.27682	-1.78701	0.0707922	-0.484729	-0.145234	0.719918	-0.220603	-1.54981	0.758994	-0.102478	1.93672	-2.47236	2.61506	0.932646	
2.31605	-0.274172	1.51288	-1.8054	1.9605	9.22661	5.11488	-0.131951	-3.22219	2.50445	0.845937	-1.9204	2.23842	-2.92774	1.56897	-0.618066	6.2244	-0.982025	6.89086	0.515821	
-0.235616	1.16115	0.666985	-0.622388	-1.79891	4.14215	2.13406	0.083618	-2.03573	2.07506	0.623506	-0.306966	1.59235	0.466146	1.11575	0.404695	2.62971	-0.753568	2.95565	-2.04881	
2.34682	1.7334	0.582422	-0.503174	1.81632	5.2137	2.83252	1.08877	-1.01357	0.947373	-0.789681	-0.507695	0.763505	-0.509793	1.87169	-0.707386	0.913614	0.100698	2.74401	-0.644332	
-6.48625	-0.158135	-2.63032	-1.10019	-1.95326	-20.0445	-11.4653	0.108182	3.05736	-2.48867	-2.01879	1.68653	-4.79582	5.68748	-5.11539	0.412919	-11.6346	-0.0422289	-14.701	1.94428	
-1.89368	-1.19393	-2.51678	-0.850069	-1.48121	-11.0794	-6.78213	0.326178	-0.679089	-2.45899	-1.15371	-0.56244	-3.44758	4.92577	-1.36408	0.479144	-6.17612	0.0784158	-8.9333	2.36922	
6.69737	-0.599026	1.4926	-1.30725	1.16317	23.6813	11.9589	-0.152868	-4.31927	4.37386	2.20509	-1.54376	7.72544	-7.47535	4.23076	2.82879	10.4662	-2.9158	16.2617	-2.65041	
0.224031	-1.27152	-2.63266	-2.23844	2.95271	3.84796	-0.0675663	-1.45534	0.0267011	1.95387	1.87313	1.4674	-0.345926	1.57096	2.38611	4.68617	-1.55168	-0.291997	0.330995	1.496	
0.911523	-1.27361	-0.133887	-1.38185	-0.442122	6.80611	4.32426	-2.59377	-2.59227	2.38037	0.592056	0.748529	2.05792	-1.8263	-0.7453	-0.26179	3.60388	-0.997335	4.55601	-0.0795924	
6.66934	1.3317	4.3966	0.302844	1.81101	27.6841	13.9058	1.51273	-4.29305	4.24568	-0.265377	-1.41468	9.41944	-8.65593	7.90316	1.85643	14.3334	-4.90516	18.1883	-2.59471	
-2.25594	0.653114	-1.21029	-1.62545	-0.861479	-11.0401	-6.86336	0.836736	1.86645	-3.44877	-1.21614	1.02669	-4.14536	2.38227	-0.883629	-0.00694732	-7.28192	0.98046	-10.2955	3.31424	
1.36827	-0.0456185	1.55443	-0.134548	0.881403	5.50604	0.880317	-0.308319	-2.05127	2.56501	-0.510416	1.79008	2.87031	-1.63055	0.830276	1.30671	2.7361	-1.21284	2.05657	0.293444	
0.831565	1.09416	1.91607	0.328819	0.541895	7.72761	4.43809	0.0568564	-1.33405	2.66169	0.804417	-0.894364	3.37955	-2.77708	2.78434	3.13716	4.15815	-2.17781	6.58278	0.404182	
0.26559	-1.62104	1.85381	-1.76884	-0.683163	11.6681	7.55095	-0.0251224	-3.61684	1.19478	1.32848	1.12801	4.17566	-2.93429	4.57829	1.36012	5.90088	-0.39125	8.13713	-0.587125	
1.46194	0.481185	1.82015	0.537656	0.730591	2.31952	3.72106	0.57699	-0.818168	-0.327582	0.74793	-0.0268141	2.00455	-1.91828	1.30298	0.140563	1.61941	-1.49379	3.1727	1.04366	
-1.96586	0.328024	-2.01967	-0.170149	-2.53959	-8.34342	-4.50835	-1.26645	1.37129	-0.753161	-1.22225	0.470022	-2.75644	4.95176	-1.7178	0.725357	-3.60759	2.51429	-8.93142	0.219147	
-3.35468	-2.20788	-2.38756	-1.31504	-0.915701	-14.4661	-7.65447	0.87754	0.654994	-2.45961	-2.39672	1.45418	-3.29008	3.95924	-4.02436	1.57931	-8.57122	2.54138	-11.8357	-1.6099	
-4.56651	-0.363017	0.0336932	-0.808164	-2.96889	-17.2154	-9.16139	-0.193965	1.38782	-2.74042	-1.76394	0.962706	-4.65626	4.45544	-3.10588	-0.925485	-10.672	1.54829	-12.0431	1.0407	
1.42851	0.492838	0.756935	-0.356866	-0.640751	0.0670193	0.518535	-0.339716	0.326007	-0.329935	-1.0879	-1.501	-1.69089	-0.524708	0.155862	-0.409771	-0.679493	0.0262131	-0.0108257	2.129	
-0.189501	-0.398694	1.1611	0.0497838	0.462965	5.27802	1.99878	-1.36432	-1.5133	-0.187219	-1.29138	0.108125	1.59872	-0.432922	2.10885	1.14607	1.86221	-0.642289	3.48951	-2.1658	
4.46682	0.526671	3.57363	1.41162	1.12418	18.128	10.1254	-0.415844	-2.69422	4.48039	0.994659	-0.313172	4.63329	-4.72125	4.35237	0.474746	9.7703	-2.68469	11.9563	0.125258	
0.525571	1.54551	1.88458	-0.909023	2.99336	3.86679	2.7121	0.0817764	-0.876632	0.755814	-0.570764	-0.184534	1.84736	-1.03745	0.783838	0.526989	1.89021	-0.761848	3.58569	0.185093	
-2.34465	1.38286	-1.17771	-0.758085	-0.0408134	-7.1828	-1.64665	0.611701	0.616275	0.784776	-2.03761	1.17035	-2.42347	0.693321	-1.17729	-0.816749	-2.25362	0.324812	-4.37274	-0.394487	
0.844789	0.680661	1.10977	-0.295252	0.0917302	10.1537	3.84714	1.18572	-2.15153	1.26685	-0.0674573	0.074401	1.58797	-1.95112	0.83182	0.719849	4.46189	0.653741	5.47355	-1.61976	
-3.94112	-1.45577	-1.71134	-2.07383	-0.991719	-15.7909	-8.026	-0.0535069	0.930481	-2.04355	-0.176556	-0.103448	-3.46633	3.0296	-3.61516	-0.251291	-7.34824	2.48299	-9.57105	0.847261	
-3.78505	-0.810338	-1.95505	-0.760117	-1.45686	-6.6045	-5.88251	-1.94623	4.58292	-2.87758	-1.3339	0.214088	-1.66679	1.73266	-0.00365954	0.689027	-2.72076	1.65726	-3.38991	-0.64571	
-0.567375	2.63099	1.83507	1.508	-0.582482	5.7277	0.743285	-0.940623	-1.10935	2.68975	-0.115226	-0.54695	2.46182	-1.42063	1.08052	-1.99581	2.65848	-0.6323	4.0266	0.0872666	
-0.659773	-0.0295082	0.0863087	-1.55081	2.56888	-3.08747	-2.05806	-2.30177	-0.794613	0.640212	-0.720762	1.46175	-2.40041	1.8005	-0.207548	-0.717312	-1.40024	0.146735	-1.44261	-0.165069	
-2.01934	-2.00886	-2.33013	0.0423095	-1.03401	-5.68712	-2.15415	-1.05039	0.152958	-1.9011	0.105439	-0.222989	-3.03646	1.59728	-0.946004	-0.22107	-2.60734	-0.244981	-5.25853	0.457276	
4.98603	2.41245	3.61323	1.42746	1.20856	20.5164	9.43628	0.180133	-3.88307	4.22584	3.0867	-2.97357	5.86473	-6.33328	4.13045	2.73708	10.3499	-2.40575	15.665	-1.30693	
-1.81717	0.0744387	-1.95245	0.551176	-0.824397	-7.06033	-5.47048	-1.10143	1.84836	-1.52629	-1.81797	0.932914	-2.8251	2.72335	-2.24429	-2.55745	-4.35631	1.46731	-5.93709	0.209406	
1.90313	3.79657	7.88166	2.6064	-6.62807	-10.7105	-1.3785	3.83163	-3.14049	-3.73227	-4.61435	-8.37083	-2.89534	-2.18023	-3.21619	-11.0093	5.72397	1.04418	-1.76035	-2.99062	
-1.85944	-1.65515	-1.3593	0.162578	-1.85277	-8.92706	-5.73319	-0.862972	2.10569	-2.2442	0.880957	-1.47654	-1.81515	2.8972	-1.91793	-0.225654	-6.45487	0.64808	-6.94923	1.97956	
0.690926	1.08187	2.34767	1.11859	-0.103244	6.64638	5.61869	0.889195	-1.83873	-0.205217	-0.554153	-1.23869	2.84349	-2.12666	2.09561	0.535437	3.22585	-1.63114	4.51774	-0.937919	
1.94872	-0.726624	0.259595	-0.45544	-1.05715	2.73426	0.683816	-0.806216	-0.950984	1.03602	-0.971463	-0.563683	-0.586922	1.42209	0.880946	-0.00674229	1.42904	-3.005	0.611794	0.835634	
-3.07857	1.18887	-2.74104	-0.655858	-2.83864	-12.865	-5.9831	-0.492113	1.26526	-1.636	0.173391	-0.142663	-2.72538	4.61498	-0.910493	-1.23562	-6.74012	3.91801	-8.22416	1.36823	
